1.000000000000000021e-02
2.000000000000000042e-02
2.999999999999999889e-02
4.000000000000000083e-02
5.000000000000000278e-02
5.999999999999999778e-02
7.000000000000000666e-02
8.000000000000000167e-02
9.000000000000001055e-02
1.000000000000000056e-01
1.099999999999999867e-01
1.199999999999999956e-01
1.300000000000000044e-01
1.400000000000000133e-01
1.499999999999999944e-01
1.600000000000000033e-01
1.700000000000000122e-01
1.800000000000000211e-01
1.900000000000000022e-01
2.000000000000000111e-01
2.100000000000000200e-01
2.199999999999999734e-01
2.299999999999999822e-01
2.399999999999999911e-01
2.500000000000000000e-01
2.600000000000000089e-01
2.700000000000000178e-01
2.800000000000000266e-01
2.900000000000000355e-01
2.999999999999999889e-01
3.099999999999999978e-01
3.200000000000000067e-01
3.300000000000000155e-01
3.400000000000000244e-01
3.500000000000000333e-01
3.600000000000000422e-01
3.699999999999999956e-01
3.800000000000000044e-01
3.900000000000000133e-01
4.000000000000000222e-01
4.100000000000000311e-01
4.200000000000000400e-01
4.300000000000000488e-01
4.399999999999999467e-01
4.499999999999999556e-01
4.599999999999999645e-01
4.699999999999999734e-01
4.799999999999999822e-01
4.899999999999999911e-01
5.000000000000000000e-01
5.100000000000000089e-01
5.200000000000000178e-01
5.300000000000000266e-01
5.400000000000000355e-01
5.500000000000000444e-01
5.600000000000000533e-01
5.700000000000000622e-01
5.800000000000000711e-01
5.900000000000000799e-01
5.999999999999999778e-01
6.099999999999999867e-01
6.199999999999999956e-01
6.300000000000000044e-01
6.400000000000000133e-01
6.500000000000000222e-01
6.600000000000000311e-01
6.700000000000000400e-01
6.800000000000000488e-01
6.900000000000000577e-01
7.000000000000000666e-01
7.100000000000000755e-01
7.200000000000000844e-01
7.299999999999999822e-01
7.399999999999999911e-01
7.500000000000000000e-01
7.600000000000000089e-01
7.700000000000000178e-01
7.800000000000000266e-01
7.900000000000000355e-01
8.000000000000000444e-01
8.100000000000000533e-01
8.200000000000000622e-01
8.300000000000000711e-01
8.400000000000000799e-01
8.500000000000000888e-01
8.600000000000000977e-01
8.700000000000001066e-01
8.799999999999998934e-01
8.899999999999999023e-01
8.999999999999999112e-01
9.099999999999999201e-01
9.199999999999999289e-01
9.299999999999999378e-01
9.399999999999999467e-01
9.499999999999999556e-01
9.599999999999999645e-01
9.699999999999999734e-01
9.799999999999999822e-01
9.899999999999999911e-01
1.000000000000000000e+00
1.010000000000000009e+00
1.020000000000000018e+00
1.030000000000000027e+00
1.040000000000000036e+00
1.050000000000000044e+00
1.060000000000000053e+00
1.070000000000000062e+00
1.080000000000000071e+00
1.090000000000000080e+00
1.100000000000000089e+00
1.110000000000000098e+00
1.120000000000000107e+00
1.130000000000000115e+00
1.140000000000000124e+00
1.150000000000000133e+00
1.160000000000000142e+00
1.170000000000000151e+00
1.180000000000000160e+00
1.190000000000000169e+00
1.199999999999999956e+00
1.209999999999999964e+00
1.219999999999999973e+00
1.229999999999999982e+00
1.239999999999999991e+00
1.250000000000000000e+00
1.260000000000000009e+00
1.270000000000000018e+00
1.280000000000000027e+00
1.290000000000000036e+00
1.300000000000000044e+00
1.310000000000000053e+00
1.320000000000000062e+00
1.330000000000000071e+00
1.340000000000000080e+00
1.350000000000000089e+00
1.360000000000000098e+00
1.370000000000000107e+00
1.380000000000000115e+00
1.390000000000000124e+00
1.400000000000000133e+00
1.410000000000000142e+00
1.420000000000000151e+00
1.430000000000000160e+00
1.440000000000000169e+00
1.449999999999999956e+00
1.459999999999999964e+00
1.469999999999999973e+00
1.479999999999999982e+00
1.489999999999999991e+00
1.500000000000000000e+00
1.510000000000000009e+00
1.520000000000000018e+00
1.530000000000000027e+00
1.540000000000000036e+00
1.550000000000000044e+00
1.560000000000000053e+00
1.570000000000000062e+00
1.580000000000000071e+00
1.590000000000000080e+00
1.600000000000000089e+00
1.610000000000000098e+00
1.620000000000000107e+00
1.630000000000000115e+00
1.640000000000000124e+00
1.650000000000000133e+00
1.660000000000000142e+00
1.670000000000000151e+00
1.680000000000000160e+00
1.690000000000000169e+00
1.700000000000000178e+00
1.710000000000000187e+00
1.720000000000000195e+00
1.730000000000000204e+00
1.740000000000000213e+00
1.750000000000000222e+00
1.759999999999999787e+00
1.770000000000000018e+00
1.779999999999999805e+00
1.790000000000000036e+00
1.799999999999999822e+00
1.810000000000000053e+00
1.819999999999999840e+00
1.830000000000000071e+00
1.839999999999999858e+00
1.850000000000000089e+00
1.859999999999999876e+00
1.870000000000000107e+00
1.879999999999999893e+00
1.890000000000000124e+00
1.899999999999999911e+00
1.910000000000000142e+00
1.919999999999999929e+00
1.930000000000000160e+00
1.939999999999999947e+00
1.950000000000000178e+00
1.959999999999999964e+00
1.970000000000000195e+00
1.979999999999999982e+00
1.990000000000000213e+00
2.000000000000000000e+00
2.010000000000000231e+00
2.020000000000000018e+00
2.030000000000000249e+00
2.040000000000000036e+00
2.050000000000000266e+00
2.060000000000000053e+00
2.070000000000000284e+00
2.080000000000000071e+00
2.089999999999999858e+00
2.100000000000000089e+00
2.109999999999999876e+00
2.120000000000000107e+00
2.129999999999999893e+00
2.140000000000000124e+00
2.149999999999999911e+00
2.160000000000000142e+00
2.169999999999999929e+00
2.180000000000000160e+00
2.189999999999999947e+00
2.200000000000000178e+00
2.209999999999999964e+00
2.220000000000000195e+00
2.229999999999999982e+00
2.240000000000000213e+00
2.250000000000000000e+00
2.260000000000000231e+00
2.270000000000000018e+00
2.280000000000000249e+00
2.290000000000000036e+00
2.300000000000000266e+00
2.310000000000000053e+00
2.320000000000000284e+00
2.330000000000000071e+00
2.340000000000000302e+00
2.350000000000000089e+00
2.360000000000000320e+00
2.370000000000000107e+00
2.380000000000000338e+00
2.390000000000000124e+00
2.399999999999999911e+00
2.410000000000000142e+00
2.419999999999999929e+00
2.429999999999999716e+00
2.439999999999999947e+00
2.450000000000000178e+00
2.459999999999999964e+00
2.469999999999999751e+00
2.479999999999999982e+00
2.490000000000000213e+00
2.500000000000000000e+00
2.509999999999999787e+00
2.520000000000000018e+00
2.530000000000000249e+00
2.540000000000000036e+00
2.549999999999999822e+00
2.560000000000000053e+00
2.570000000000000284e+00
2.580000000000000071e+00
2.589999999999999858e+00
2.600000000000000089e+00
2.610000000000000320e+00
2.620000000000000107e+00
2.629999999999999893e+00
2.640000000000000124e+00
2.650000000000000355e+00
2.660000000000000142e+00
2.669999999999999929e+00
2.680000000000000160e+00
2.690000000000000391e+00
2.700000000000000178e+00
2.709999999999999964e+00
2.720000000000000195e+00
2.730000000000000426e+00
2.740000000000000213e+00
2.750000000000000000e+00
2.760000000000000231e+00
2.770000000000000462e+00
2.780000000000000249e+00
2.790000000000000036e+00
2.800000000000000266e+00
2.810000000000000497e+00
2.820000000000000284e+00
2.830000000000000071e+00
2.840000000000000302e+00
2.850000000000000533e+00
2.860000000000000320e+00
2.870000000000000107e+00
2.880000000000000338e+00
2.889999999999999680e+00
2.899999999999999911e+00
2.909999999999999698e+00
2.919999999999999929e+00
2.929999999999999716e+00
2.939999999999999947e+00
2.949999999999999734e+00
2.959999999999999964e+00
2.969999999999999751e+00
2.979999999999999982e+00
2.989999999999999769e+00
3.000000000000000000e+00
3.009999999999999787e+00
3.020000000000000018e+00
3.029999999999999805e+00
3.040000000000000036e+00
3.049999999999999822e+00
3.060000000000000053e+00
3.069999999999999840e+00
3.080000000000000071e+00
3.089999999999999858e+00
3.100000000000000089e+00
3.109999999999999876e+00
3.120000000000000107e+00
3.129999999999999893e+00
3.140000000000000124e+00
3.149999999999999911e+00
3.160000000000000142e+00
3.169999999999999929e+00
3.180000000000000160e+00
3.189999999999999947e+00
3.200000000000000178e+00
3.209999999999999964e+00
3.220000000000000195e+00
3.229999999999999982e+00
3.240000000000000213e+00
3.250000000000000000e+00
3.260000000000000231e+00
3.270000000000000018e+00
3.280000000000000249e+00
3.290000000000000036e+00
3.300000000000000266e+00
3.310000000000000053e+00
3.320000000000000284e+00
3.330000000000000071e+00
3.340000000000000302e+00
3.350000000000000089e+00
3.360000000000000320e+00
3.370000000000000107e+00
3.380000000000000338e+00
3.390000000000000124e+00
3.400000000000000355e+00
3.410000000000000142e+00
3.420000000000000373e+00
3.430000000000000160e+00
3.440000000000000391e+00
3.450000000000000178e+00
3.460000000000000409e+00
3.470000000000000195e+00
3.480000000000000426e+00
3.490000000000000213e+00
3.500000000000000444e+00
3.510000000000000231e+00
3.519999999999999574e+00
3.529999999999999805e+00
3.540000000000000036e+00
3.549999999999999822e+00
3.559999999999999609e+00
3.569999999999999840e+00
3.580000000000000071e+00
3.589999999999999858e+00
3.599999999999999645e+00
3.609999999999999876e+00
3.620000000000000107e+00
3.629999999999999893e+00
3.639999999999999680e+00
3.649999999999999911e+00
3.660000000000000142e+00
3.669999999999999929e+00
3.679999999999999716e+00
3.689999999999999947e+00
3.700000000000000178e+00
3.709999999999999964e+00
3.719999999999999751e+00
3.729999999999999982e+00
3.740000000000000213e+00
3.750000000000000000e+00
3.759999999999999787e+00
3.770000000000000018e+00
3.780000000000000249e+00
3.790000000000000036e+00
3.799999999999999822e+00
3.810000000000000053e+00
3.820000000000000284e+00
3.830000000000000071e+00
3.839999999999999858e+00
3.850000000000000089e+00
3.860000000000000320e+00
3.870000000000000107e+00
3.879999999999999893e+00
3.890000000000000124e+00
3.900000000000000355e+00
3.910000000000000142e+00
3.919999999999999929e+00
3.930000000000000160e+00
3.940000000000000391e+00
3.950000000000000178e+00
3.959999999999999964e+00
3.970000000000000195e+00
3.980000000000000426e+00
3.990000000000000213e+00
4.000000000000000000e+00
4.009999999999999787e+00
4.020000000000000462e+00
4.030000000000000249e+00
4.040000000000000036e+00
4.050000000000000711e+00
4.060000000000000497e+00
4.070000000000000284e+00
4.080000000000000071e+00
4.089999999999999858e+00
4.100000000000000533e+00
4.110000000000000320e+00
4.120000000000000107e+00
4.130000000000000782e+00
4.140000000000000568e+00
4.150000000000000355e+00
4.160000000000000142e+00
4.169999999999999929e+00
4.179999999999999716e+00
4.189999999999999503e+00
4.200000000000000178e+00
4.209999999999999964e+00
4.219999999999999751e+00
4.229999999999999538e+00
4.240000000000000213e+00
4.250000000000000000e+00
4.259999999999999787e+00
4.269999999999999574e+00
4.280000000000000249e+00
4.290000000000000036e+00
4.299999999999999822e+00
4.309999999999999609e+00
4.320000000000000284e+00
4.330000000000000071e+00
4.339999999999999858e+00
4.349999999999999645e+00
4.360000000000000320e+00
4.370000000000000107e+00
4.379999999999999893e+00
4.389999999999999680e+00
4.400000000000000355e+00
4.410000000000000142e+00
4.419999999999999929e+00
4.429999999999999716e+00
4.440000000000000391e+00
4.450000000000000178e+00
4.459999999999999964e+00
4.469999999999999751e+00
4.480000000000000426e+00
4.490000000000000213e+00
4.500000000000000000e+00
4.509999999999999787e+00
4.520000000000000462e+00
4.530000000000000249e+00
4.540000000000000036e+00
4.549999999999999822e+00
4.560000000000000497e+00
4.570000000000000284e+00
4.580000000000000071e+00
4.589999999999999858e+00
4.600000000000000533e+00
4.610000000000000320e+00
4.620000000000000107e+00
4.629999999999999893e+00
4.640000000000000568e+00
4.650000000000000355e+00
4.660000000000000142e+00
4.669999999999999929e+00
4.680000000000000604e+00
4.690000000000000391e+00
4.700000000000000178e+00
4.709999999999999964e+00
4.720000000000000639e+00
4.730000000000000426e+00
4.740000000000000213e+00
4.750000000000000000e+00
4.760000000000000675e+00
4.770000000000000462e+00
4.780000000000000249e+00
4.790000000000000036e+00
4.799999999999999822e+00
4.809999999999999609e+00
4.820000000000000284e+00
4.830000000000000071e+00
4.839999999999999858e+00
4.849999999999999645e+00
4.859999999999999432e+00
4.870000000000000107e+00
4.879999999999999893e+00
4.889999999999999680e+00
4.900000000000000355e+00
4.910000000000000142e+00
4.919999999999999929e+00
4.929999999999999716e+00
4.939999999999999503e+00
4.950000000000000178e+00
4.959999999999999964e+00
4.969999999999999751e+00
4.980000000000000426e+00
4.990000000000000213e+00
5.000000000000000000e+00
5.009999999999999787e+00
5.019999999999999574e+00
5.030000000000000249e+00
5.040000000000000036e+00
5.049999999999999822e+00
5.060000000000000497e+00
5.070000000000000284e+00
5.080000000000000071e+00
5.089999999999999858e+00
5.099999999999999645e+00
5.110000000000000320e+00
5.120000000000000107e+00
5.129999999999999893e+00
5.140000000000000568e+00
5.150000000000000355e+00
5.160000000000000142e+00
5.169999999999999929e+00
5.179999999999999716e+00
5.190000000000000391e+00
5.200000000000000178e+00
5.209999999999999964e+00
5.220000000000000639e+00
5.230000000000000426e+00
5.240000000000000213e+00
5.250000000000000000e+00
5.259999999999999787e+00
5.270000000000000462e+00
5.280000000000000249e+00
5.290000000000000036e+00
5.300000000000000711e+00
5.310000000000000497e+00
5.320000000000000284e+00
5.330000000000000071e+00
5.339999999999999858e+00
5.350000000000000533e+00
5.360000000000000320e+00
5.370000000000000107e+00
5.380000000000000782e+00
5.390000000000000568e+00
5.400000000000000355e+00
5.410000000000000142e+00
5.419999999999999929e+00
5.430000000000000604e+00
5.440000000000000391e+00
5.450000000000000178e+00
5.460000000000000853e+00
5.470000000000000639e+00
5.480000000000000426e+00
5.490000000000000213e+00
5.500000000000000000e+00
5.510000000000000675e+00
5.520000000000000462e+00
5.530000000000000249e+00
5.540000000000000924e+00
5.550000000000000711e+00
5.560000000000000497e+00
5.570000000000000284e+00
5.580000000000000071e+00
5.590000000000000746e+00
5.600000000000000533e+00
5.610000000000000320e+00
5.620000000000000995e+00
5.630000000000000782e+00
5.640000000000000568e+00
5.650000000000000355e+00
5.660000000000000142e+00
5.670000000000000817e+00
5.680000000000000604e+00
5.690000000000000391e+00
5.700000000000001066e+00
5.710000000000000853e+00
5.720000000000000639e+00
5.730000000000000426e+00
5.740000000000000213e+00
5.750000000000000888e+00
5.760000000000000675e+00
5.769999999999999574e+00
5.779999999999999361e+00
5.789999999999999147e+00
5.799999999999999822e+00
5.809999999999999609e+00
5.819999999999999396e+00
5.830000000000000071e+00
5.839999999999999858e+00
5.849999999999999645e+00
5.859999999999999432e+00
5.869999999999999218e+00
5.879999999999999893e+00
5.889999999999999680e+00
5.899999999999999467e+00
5.910000000000000142e+00
5.919999999999999929e+00
5.929999999999999716e+00
5.939999999999999503e+00
5.949999999999999289e+00
5.959999999999999964e+00
5.969999999999999751e+00
5.979999999999999538e+00
5.990000000000000213e+00
6.000000000000000000e+00
6.009999999999999787e+00
6.019999999999999574e+00
6.029999999999999361e+00
6.040000000000000036e+00
6.049999999999999822e+00
6.059999999999999609e+00
6.070000000000000284e+00
6.080000000000000071e+00
6.089999999999999858e+00
6.099999999999999645e+00
6.109999999999999432e+00
6.120000000000000107e+00
6.129999999999999893e+00
6.139999999999999680e+00
6.150000000000000355e+00
6.160000000000000142e+00
6.169999999999999929e+00
6.179999999999999716e+00
6.189999999999999503e+00
6.200000000000000178e+00
6.209999999999999964e+00
6.219999999999999751e+00
6.230000000000000426e+00
6.240000000000000213e+00
6.250000000000000000e+00
6.259999999999999787e+00
6.269999999999999574e+00
6.280000000000000249e+00
6.290000000000000036e+00
6.299999999999999822e+00
6.310000000000000497e+00
6.320000000000000284e+00
6.330000000000000071e+00
6.339999999999999858e+00
6.349999999999999645e+00
6.360000000000000320e+00
6.370000000000000107e+00
6.379999999999999893e+00
6.390000000000000568e+00
6.400000000000000355e+00
6.410000000000000142e+00
6.419999999999999929e+00
6.429999999999999716e+00
6.440000000000000391e+00
6.450000000000000178e+00
6.459999999999999964e+00
6.470000000000000639e+00
6.480000000000000426e+00
6.490000000000000213e+00
6.500000000000000000e+00
6.509999999999999787e+00
6.520000000000000462e+00
6.530000000000000249e+00
6.540000000000000036e+00
6.550000000000000711e+00
6.560000000000000497e+00
6.570000000000000284e+00
6.580000000000000071e+00
6.589999999999999858e+00
6.600000000000000533e+00
6.610000000000000320e+00
6.620000000000000107e+00
6.630000000000000782e+00
6.640000000000000568e+00
6.650000000000000355e+00
6.660000000000000142e+00
6.669999999999999929e+00
6.680000000000000604e+00
6.690000000000000391e+00
6.700000000000000178e+00
6.710000000000000853e+00
6.720000000000000639e+00
6.730000000000000426e+00
6.740000000000000213e+00
6.750000000000000000e+00
6.760000000000000675e+00
6.770000000000000462e+00
6.780000000000000249e+00
6.790000000000000924e+00
6.800000000000000711e+00
6.810000000000000497e+00
6.820000000000000284e+00
6.830000000000000071e+00
6.840000000000000746e+00
6.850000000000000533e+00
6.860000000000000320e+00
6.870000000000000995e+00
6.880000000000000782e+00
6.890000000000000568e+00
6.900000000000000355e+00
6.910000000000000142e+00
6.920000000000000817e+00
6.930000000000000604e+00
6.940000000000000391e+00
6.950000000000001066e+00
6.960000000000000853e+00
6.970000000000000639e+00
6.980000000000000426e+00
6.990000000000000213e+00
7.000000000000000888e+00
7.010000000000000675e+00
7.020000000000000462e+00
7.030000000000001137e+00
7.039999999999999147e+00
7.049999999999999822e+00
7.059999999999999609e+00
7.069999999999999396e+00
7.080000000000000071e+00
7.089999999999999858e+00
7.099999999999999645e+00
7.109999999999999432e+00
7.119999999999999218e+00
7.129999999999999893e+00
7.139999999999999680e+00
7.149999999999999467e+00
7.160000000000000142e+00
7.169999999999999929e+00
7.179999999999999716e+00
7.189999999999999503e+00
7.199999999999999289e+00
7.209999999999999964e+00
7.219999999999999751e+00
7.229999999999999538e+00
7.240000000000000213e+00
7.250000000000000000e+00
7.259999999999999787e+00
7.269999999999999574e+00
7.279999999999999361e+00
7.290000000000000036e+00
7.299999999999999822e+00
7.309999999999999609e+00
7.320000000000000284e+00
7.330000000000000071e+00
7.339999999999999858e+00
7.349999999999999645e+00
7.359999999999999432e+00
7.370000000000000107e+00
7.379999999999999893e+00
7.389999999999999680e+00
7.400000000000000355e+00
7.410000000000000142e+00
7.419999999999999929e+00
7.429999999999999716e+00
7.439999999999999503e+00
7.450000000000000178e+00
7.459999999999999964e+00
7.469999999999999751e+00
7.480000000000000426e+00
7.490000000000000213e+00
7.500000000000000000e+00
7.509999999999999787e+00
7.519999999999999574e+00
7.530000000000000249e+00
7.540000000000000036e+00
7.549999999999999822e+00
7.560000000000000497e+00
7.570000000000000284e+00
7.580000000000000071e+00
7.589999999999999858e+00
7.599999999999999645e+00
7.610000000000000320e+00
7.620000000000000107e+00
7.629999999999999893e+00
7.640000000000000568e+00
7.650000000000000355e+00
7.660000000000000142e+00
7.669999999999999929e+00
7.679999999999999716e+00
7.690000000000000391e+00
7.700000000000000178e+00
7.709999999999999964e+00
7.720000000000000639e+00
7.730000000000000426e+00
7.740000000000000213e+00
7.750000000000000000e+00
7.759999999999999787e+00
7.770000000000000462e+00
7.780000000000000249e+00
7.790000000000000036e+00
7.800000000000000711e+00
7.810000000000000497e+00
7.820000000000000284e+00
7.830000000000000071e+00
7.839999999999999858e+00
7.850000000000000533e+00
7.860000000000000320e+00
7.870000000000000107e+00
7.880000000000000782e+00
7.890000000000000568e+00
7.900000000000000355e+00
7.910000000000000142e+00
7.919999999999999929e+00
7.930000000000000604e+00
7.940000000000000391e+00
7.950000000000000178e+00
7.960000000000000853e+00
7.970000000000000639e+00
7.980000000000000426e+00
7.990000000000000213e+00
8.000000000000000000e+00
8.009999999999999787e+00
8.019999999999999574e+00
8.030000000000001137e+00
8.040000000000000924e+00
8.050000000000000711e+00
8.060000000000000497e+00
8.070000000000000284e+00
8.080000000000000071e+00
8.089999999999999858e+00
8.100000000000001421e+00
8.110000000000001208e+00
8.120000000000000995e+00
8.130000000000000782e+00
8.140000000000000568e+00
8.150000000000000355e+00
8.160000000000000142e+00
8.169999999999999929e+00
8.179999999999999716e+00
8.190000000000001279e+00
8.200000000000001066e+00
8.210000000000000853e+00
8.220000000000000639e+00
8.230000000000000426e+00
8.240000000000000213e+00
8.250000000000000000e+00
8.260000000000001563e+00
8.270000000000001350e+00
8.280000000000001137e+00
8.290000000000000924e+00
8.300000000000000711e+00
8.310000000000000497e+00
8.320000000000000284e+00
8.330000000000000071e+00
8.339999999999999858e+00
8.349999999999999645e+00
8.359999999999999432e+00
8.369999999999999218e+00
8.379999999999999005e+00
8.390000000000000568e+00
8.400000000000000355e+00
8.410000000000000142e+00
8.419999999999999929e+00
8.429999999999999716e+00
8.439999999999999503e+00
8.449999999999999289e+00
8.459999999999999076e+00
8.469999999999998863e+00
8.480000000000000426e+00
8.490000000000000213e+00
8.500000000000000000e+00
8.509999999999999787e+00
8.519999999999999574e+00
8.529999999999999361e+00
8.539999999999999147e+00
8.550000000000000711e+00
8.560000000000000497e+00
8.570000000000000284e+00
8.580000000000000071e+00
8.589999999999999858e+00
8.599999999999999645e+00
8.609999999999999432e+00
8.619999999999999218e+00
8.629999999999999005e+00
8.640000000000000568e+00
8.650000000000000355e+00
8.660000000000000142e+00
8.669999999999999929e+00
8.679999999999999716e+00
8.689999999999999503e+00
8.699999999999999289e+00
8.710000000000000853e+00
8.720000000000000639e+00
8.730000000000000426e+00
8.740000000000000213e+00
8.750000000000000000e+00
8.759999999999999787e+00
8.769999999999999574e+00
8.779999999999999361e+00
8.789999999999999147e+00
8.800000000000000711e+00
8.810000000000000497e+00
8.820000000000000284e+00
8.830000000000000071e+00
8.839999999999999858e+00
8.849999999999999645e+00
8.859999999999999432e+00
8.870000000000000995e+00
8.880000000000000782e+00
8.890000000000000568e+00
8.900000000000000355e+00
8.910000000000000142e+00
8.919999999999999929e+00
8.929999999999999716e+00
8.939999999999999503e+00
8.949999999999999289e+00
8.960000000000000853e+00
8.970000000000000639e+00
8.980000000000000426e+00
8.990000000000000213e+00
9.000000000000000000e+00
9.009999999999999787e+00
9.019999999999999574e+00
9.030000000000001137e+00
9.040000000000000924e+00
9.050000000000000711e+00
9.060000000000000497e+00
9.070000000000000284e+00
9.080000000000000071e+00
9.089999999999999858e+00
9.099999999999999645e+00
9.109999999999999432e+00
9.120000000000000995e+00
9.130000000000000782e+00
9.140000000000000568e+00
9.150000000000000355e+00
9.160000000000000142e+00
9.169999999999999929e+00
9.179999999999999716e+00
9.190000000000001279e+00
9.200000000000001066e+00
9.210000000000000853e+00
9.220000000000000639e+00
9.230000000000000426e+00
9.240000000000000213e+00
9.250000000000000000e+00
9.259999999999999787e+00
9.269999999999999574e+00
9.280000000000001137e+00
9.290000000000000924e+00
9.300000000000000711e+00
9.310000000000000497e+00
9.320000000000000284e+00
9.330000000000000071e+00
9.339999999999999858e+00
9.350000000000001421e+00
9.360000000000001208e+00
9.370000000000000995e+00
9.380000000000000782e+00
9.390000000000000568e+00
9.400000000000000355e+00
9.410000000000000142e+00
9.419999999999999929e+00
9.429999999999999716e+00
9.440000000000001279e+00
9.450000000000001066e+00
9.460000000000000853e+00
9.470000000000000639e+00
9.480000000000000426e+00
9.490000000000000213e+00
9.500000000000000000e+00
9.510000000000001563e+00
9.520000000000001350e+00
9.530000000000001137e+00
9.540000000000000924e+00
9.550000000000000711e+00
9.560000000000000497e+00
9.570000000000000284e+00
9.580000000000000071e+00
9.589999999999999858e+00
9.599999999999999645e+00
9.609999999999999432e+00
9.619999999999999218e+00
9.629999999999999005e+00
9.640000000000000568e+00
9.650000000000000355e+00
9.660000000000000142e+00
9.669999999999999929e+00
9.679999999999999716e+00
9.689999999999999503e+00
9.699999999999999289e+00
9.709999999999999076e+00
9.719999999999998863e+00
9.730000000000000426e+00
9.740000000000000213e+00
9.750000000000000000e+00
9.759999999999999787e+00
9.769999999999999574e+00
9.779999999999999361e+00
9.789999999999999147e+00
9.800000000000000711e+00
9.810000000000000497e+00
9.820000000000000284e+00
9.830000000000000071e+00
9.839999999999999858e+00
9.849999999999999645e+00
9.859999999999999432e+00
9.869999999999999218e+00
9.879999999999999005e+00
9.890000000000000568e+00
9.900000000000000355e+00
9.910000000000000142e+00
9.919999999999999929e+00
9.929999999999999716e+00
9.939999999999999503e+00
9.949999999999999289e+00
9.960000000000000853e+00
9.970000000000000639e+00
9.980000000000000426e+00
9.990000000000000213e+00
0.000000000000000000e+00
1.267316290513386389e-06
6.641930680996624051e-07
4.785815628156030383e-07
3.995455769926046585e-07
3.658298626288538465e-07
3.579945284487342382e-07
3.687689269929576206e-07
3.956689647133380570e-07
4.385449892837581023e-07
4.985975550756606913e-07
5.779280240188547611e-07
6.793150029897124700e-07
8.060514943633719607e-07
9.615878626779950785e-07
1.148416577065589341e-06
1.365259548751241871e-06
1.601826981358486788e-06
1.832810759893623583e-06
2.017980663220900943e-06
2.116976225986900387e-06
2.113701717459133748e-06
2.026743167073616483e-06
1.894425415621851986e-06
1.752522987231166099e-06
1.623405111391409481e-06
1.516838577500298417e-06
1.434769110209379957e-06
1.375446180908520774e-06
1.335863376453672663e-06
1.312890288766303810e-06
1.303705083015187747e-06
1.305950295913612360e-06
1.317794102584489474e-06
1.337901054297021150e-06
1.365247668508394453e-06
1.398772496631133592e-06
1.436952758302961145e-06
1.477507625484226356e-06
1.517396793737624225e-06
1.553244579620530028e-06
1.582114171975900024e-06
1.602237956017159752e-06
1.613336413847279359e-06
1.616374140603162947e-06
1.612860863396631501e-06
1.604055397089218732e-06
1.590387444352965652e-06
1.571387553695576635e-06
1.546266486562370055e-06
1.514840600007602528e-06
1.478336260465608215e-06
1.439561264601368233e-06
1.402282127432403087e-06
1.370153745149641343e-06
1.345727409891177861e-06
1.329912567923257571e-06
1.321976928107925507e-06
1.320000308065405469e-06
1.321615009186567370e-06
1.324778097279117963e-06
1.328278322628436383e-06
1.331821730988032751e-06
1.335722572645191043e-06
1.340428600247245843e-06
1.346206469825831062e-06
1.353136488912014374e-06
1.361253039194028357e-06
1.370503338777965969e-06
1.380417974575091039e-06
1.389759237084855400e-06
1.396568971032250453e-06
1.398745510262870501e-06
1.394901196796455632e-06
1.385122173072061062e-06
1.371205461207526996e-06
1.356234451670376564e-06
1.343649645739901835e-06
1.336162912362200761e-06
1.334980859588242200e-06
1.339598061901183246e-06
1.348190005933092046e-06
1.358449216461967329e-06
1.368491238598423151e-06
1.377403610775191112e-06
1.385172155973227718e-06
1.392105872745140916e-06
1.398266846856734896e-06
1.403255659092819309e-06
1.406323271740147146e-06
1.406650058675554421e-06
1.403648568456556045e-06
1.397216730054354803e-06
1.387885258430453011e-06
1.376718131659861435e-06
1.364982876595034916e-06
1.353748597999301574e-06
1.343583446031216365e-06
1.334548995020154993e-06
1.326449869352838427e-06
1.319097891772296768e-06
1.312520071054266009e-06
1.306995460195075909e-06
1.302979878072875451e-06
1.301005495979587295e-06
1.301485040511852160e-06
1.304540176717183865e-06
1.309951624776315876e-06
1.317194593612444250e-06
1.325435882020108119e-06
1.333518181245958686e-06
1.340065082302157255e-06
1.343775501569607758e-06
1.343817509460352284e-06
1.340147477683352141e-06
1.333638376218796559e-06
1.325897783610460866e-06
1.318751032097294662e-06
1.313656224595246937e-06
1.311383037252674414e-06
1.312040763797994031e-06
1.315327188730520683e-06
1.320801074640686192e-06
1.328008677326260002e-06
1.336453969611041340e-06
1.345520058606068160e-06
1.354428763587983324e-06
1.362343085155047663e-06
1.368615068524092463e-06
1.372989850806747054e-06
1.375619772724667973e-06
1.376869077322151889e-06
1.377079214049333635e-06
1.376491392892670215e-06
1.375300530660562671e-06
1.373715631266136616e-06
1.371916535975751776e-06
1.369960725881157102e-06
1.367759408811740244e-06
1.365226737029799650e-06
1.362495310111751186e-06
1.359921351343492766e-06
1.357774060289966984e-06
1.355837475532053259e-06
1.353319190206122051e-06
1.349261409124266115e-06
1.343260055304824672e-06
1.335934067409425453e-06
1.328814430401260181e-06
1.323782045879372790e-06
1.322417102639368025e-06
1.325626299227568809e-06
1.333643157595765269e-06
1.346224821769383596e-06
1.362821802302955093e-06
1.382650214736286293e-06
1.404757365758753808e-06
1.428167168670802508e-06
1.452088587194829050e-06
1.476055840017069667e-06
1.499882188251567519e-06
1.523448855875744375e-06
1.546530677527033574e-06
1.568817635471962350e-06
1.590043084474795034e-06
1.610122081924008760e-06
1.629191359873180959e-06
1.647413395184021812e-06
1.664560925004129436e-06
1.679669790726469968e-06
1.691142760029452495e-06
1.697417570341295027e-06
1.697800611669160332e-06
1.692846987887506296e-06
1.684055794001047405e-06
1.673192976771035733e-06
1.661754897262579251e-06
1.650828903454330537e-06
1.641179323287998946e-06
1.633266205231876763e-06
1.627196913893487395e-06
1.622734770897635402e-06
1.619447490406963981e-06
1.616907298305900374e-06
1.614803003990429029e-06
1.612970786126104746e-06
1.611386933813887142e-06
1.610078091731556402e-06
1.608890924452951999e-06
1.607283679354955967e-06
1.604329237244269802e-06
1.598998009451306713e-06
1.590596885198888516e-06
1.579127916174716100e-06
1.565366038500396064e-06
1.550576351058576037e-06
1.536063620795680259e-06
1.522853695221610836e-06
1.511618814705888160e-06
1.502689487154997616e-06
1.496010938983376481e-06
1.491158856089068319e-06
1.487500387442090821e-06
1.484579858252002821e-06
1.482574092829456843e-06
1.482337940912601731e-06
1.484915748716454685e-06
1.490762615561915727e-06
1.499084618711538034e-06
1.507689988187317822e-06
1.513471033371595525e-06
1.513393622162276409e-06
1.505639018034064607e-06
1.490347216581760559e-06
1.469613024079193239e-06
1.446815749340124087e-06
1.425655958763860318e-06
1.409293279158130118e-06
1.399747007091574286e-06
1.397593811881828283e-06
1.401996061442049435e-06
1.411039683103218141e-06
1.422282643528475456e-06
1.433398459751327892e-06
1.442722043015956821e-06
1.449476376140728293e-06
1.453584529749667398e-06
1.455256382085262152e-06
1.454654341024582898e-06
1.451790821598003215e-06
1.446683768769285531e-06
1.439589126160288169e-06
1.431117470104068162e-06
1.422206202803008583e-06
1.414060503426180732e-06
1.407993925946003659e-06
1.405031487108369048e-06
1.405438769626787068e-06
1.408466849942734187e-06
1.412451965016209623e-06
1.415227909931510229e-06
1.414726095962794279e-06
1.409615567086172743e-06
1.399837062811943658e-06
1.386749094538713374e-06
1.372719286536081518e-06
1.360338933096441488e-06
1.351624390813389294e-06
1.347561653596099799e-06
1.348058916540210827e-06
1.352094582972491633e-06
1.357888352154557304e-06
1.363175237692727038e-06
1.365748901244569058e-06
1.364259995490300201e-06
1.358914685488380600e-06
1.351515272165732819e-06
1.344653957283770617e-06
1.340558111045136809e-06
1.340291996841066745e-06
1.343657918921997660e-06
1.349666582334707482e-06
1.357182198061701175e-06
1.365365316974995544e-06
1.373724611480651486e-06
1.381913271148192039e-06
1.389515279083298535e-06
1.395951369731553921e-06
1.400478856154854283e-06
1.402262932105039821e-06
1.400576030850164068e-06
1.395081729919323286e-06
1.386072660809612604e-06
1.374535790868652351e-06
1.361993478451418267e-06
1.350110979875276747e-06
1.340188076339883240e-06
1.332793578558382510e-06
1.327718249344384361e-06
1.324303142909556614e-06
1.321956031392762682e-06
1.320534652001657664e-06
1.320413474021641115e-06
1.322200361806010884e-06
1.326281580199171753e-06
1.332486428093760038e-06
1.340093787168746013e-06
1.348098511346189836e-06
1.355511361376952114e-06
1.361563358694584463e-06
1.365780136818531620e-06
1.368010814172169949e-06
1.368459902836523732e-06
1.367672292257833990e-06
1.366436247818522285e-06
1.365627651951447052e-06
1.366024438734332306e-06
1.368099058823863260e-06
1.371777799810027324e-06
1.376284322966523615e-06
1.380320653759984431e-06
1.382526695906929037e-06
1.382062502714278320e-06
1.378933896206987083e-06
1.373763073181036422e-06
1.367318169377002684e-06
1.360163798727628497e-06
1.352599544056660379e-06
1.344802603650945499e-06
1.336962300367743702e-06
1.329326962457853386e-06
1.322209591002672790e-06
1.315898761887845565e-06
1.310495337446019295e-06
1.305794617341155133e-06
1.301353760182974069e-06
1.296748874705376911e-06
1.291855921664947494e-06
1.286969892580574561e-06
1.282685256527156358e-06
1.279610438504372924e-06
1.278028434377626241e-06
1.277660684244919749e-06
1.277739507061993617e-06
1.277442616284874382e-06
1.276441093752979952e-06
1.275107219646620198e-06
1.274196960188536403e-06
1.274319505588341405e-06
1.275625908316934822e-06
1.277858746978080101e-06
1.280555599614098513e-06
1.283167819016759286e-06
1.285021616056831504e-06
1.285234037812444894e-06
1.282753239970105265e-06
1.276617473884305094e-06
1.266364185516560137e-06
1.252313762837628774e-06
1.235516736442127488e-06
1.217406505304294013e-06
1.199381344440070663e-06
1.182569750733416051e-06
1.167783257740426652e-06
1.155518618512897908e-06
1.145981577121025866e-06
1.139174111490261015e-06
1.135005889041196520e-06
1.133340297107348695e-06
1.133932014550499143e-06
1.136267869480249942e-06
1.139558356181029562e-06
1.142813182801365645e-06
1.145035134893800620e-06
1.145610144910405456e-06
1.144542841471803796e-06
1.142420762326216098e-06
1.140113820738031715e-06
1.138348871708024577e-06
1.137390803467183878e-06
1.136968428773060830e-06
1.136453415706843213e-06
1.135183441746285280e-06
1.132759002633069585e-06
1.129203041931289478e-06
1.124966977244833590e-06
1.120810328471948032e-06
1.117611569776841273e-06
1.116132017439175135e-06
1.116772928307968362e-06
1.119417403720372038e-06
1.123437447517780557e-06
1.127886131452144087e-06
1.131790988078252116e-06
1.134449688550193987e-06
1.135626920409095324e-06
1.135593633850664882e-06
1.134961566264075289e-06
1.134322226867097077e-06
1.133896065760012887e-06
1.133444388351668915e-06
1.132500356370585362e-06
1.130751035895223173e-06
1.128343849456593312e-06
1.125956455237256480e-06
1.124621794129753236e-06
1.125414129037281903e-06
1.129167156053654454e-06
1.136329470916145537e-06
1.146923408511885281e-06
1.160593298465456877e-06
1.176694843433233558e-06
1.194381586738279490e-06
1.212688875427840825e-06
1.230651365128577060e-06
1.247440739176760304e-06
1.262457161764977175e-06
1.275413684515268757e-06
1.286382638784886347e-06
1.295733769548864363e-06
1.303939437361254825e-06
1.311266576181129031e-06
1.317553248048610710e-06
1.322207783680563005e-06
1.324428988897720130e-06
1.323585779431122509e-06
1.319559640351856384e-06
1.312980154197626311e-06
1.305294647268150917e-06
1.298524803270682311e-06
1.294703394180515952e-06
1.295202879430555812e-06
1.300265239711621678e-06
1.308933327365884729e-06
1.319404244662175165e-06
1.329594641678826058e-06
1.337687318097044004e-06
1.342541681910736349e-06
1.343909565511694541e-06
1.342417666022618509e-06
1.339258329671829863e-06
1.335665070922645996e-06
1.332363178313595302e-06
1.329197305696203890e-06
1.325158054350475047e-06
1.318906268785517243e-06
1.309569204500874739e-06
1.297350567012626719e-06
1.283592606625211693e-06
1.270315102167246102e-06
1.259552829956128532e-06
1.252785950173952360e-06
1.250641953512666239e-06
1.252899890639599582e-06
1.258681207689940976e-06
1.266713472291805219e-06
1.275555277611030710e-06
1.283753198935457626e-06
1.290019039210871037e-06
1.293470753347010002e-06
1.293843598568692176e-06
1.291476023425527324e-06
1.287037653822588237e-06
1.281163429706136974e-06
1.274248939191962635e-06
1.266542072542745264e-06
1.258385707471370472e-06
1.250353616914573883e-06
1.243129325849292383e-06
1.237196104374930706e-06
1.232548596072181764e-06
1.228647037724263812e-06
1.224601224238598686e-06
1.219556337269603437e-06
1.213181644513312338e-06
1.205927175189350161e-06
1.198883249485902759e-06
1.193314476791893293e-06
1.190107184872739189e-06
1.189414661550492140e-06
1.190608818255139127e-06
1.192496983692751592e-06
1.193744628037683014e-06
1.193346692026390628e-06
1.190971966937704715e-06
1.187091559819532979e-06
1.182839189973713175e-06
1.179657763320291428e-06
1.178863917210940774e-06
1.181245714707260900e-06
1.186842322860321211e-06
1.194986147351651692e-06
1.204547638447009440e-06
1.214263047246315127e-06
1.223001815178413619e-06
1.229894704271804324e-06
1.234334344992050332e-06
1.235906344317206672e-06
1.234321298189829349e-06
1.229391687950762565e-06
1.221064785152694097e-06
1.209506672517561993e-06
1.195207360014340717e-06
1.179021512989268795e-06
1.162085270068535970e-06
1.145624886731967703e-06
1.130712908671751607e-06
1.118071206923233606e-06
1.107966503556948470e-06
1.100198252197361301e-06
1.094221115808530094e-06
1.089391482361639359e-06
1.085256578018349532e-06
1.081745519212614593e-06
1.079164405867243287e-06
1.077968360055587057e-06
1.078417558040086337e-06
1.080356507126479756e-06
1.083250465136469774e-06
1.086402368371094029e-06
1.089169409942585866e-06
1.091144776377925589e-06
1.092215241639331380e-06
1.092504321168315002e-06
1.092299981518554991e-06
1.091980890305930950e-06
1.091982429040596157e-06
1.092733411167195519e-06
1.094496714790012812e-06
1.097137770216563296e-06
1.099952161311765779e-06
1.101722607820219195e-06
1.101067606949981911e-06
1.096956083831741332e-06
1.089123582343083361e-06
1.078190610925792967e-06
1.065495732570474766e-06
1.052786137564220196e-06
1.041949441287191835e-06
1.034806797057744580e-06
1.032871643311688260e-06
1.037020462021134623e-06
1.047117423177430418e-06
1.061768600562316124e-06
1.078424547138892778e-06
1.093968392222686165e-06
1.105663590101636028e-06
1.112016806333596179e-06
1.113021474663245800e-06
1.109654705670065591e-06
1.103095646162897730e-06
1.094233864860178964e-06
1.083642001433694726e-06
1.071785589453186110e-06
1.059170452671935487e-06
1.046309130273982042e-06
1.033584346897083817e-06
1.021184447488362008e-06
1.009186949364859438e-06
9.977025997885241447e-07
9.869456743239417262e-07
9.772046935120995159e-07
9.687736663880208393e-07
9.618690308607457207e-07
9.565235394909312085e-07
9.524911306936085964e-07
9.492543070624421172e-07
9.461837244396151575e-07
9.427920309822803843e-07
9.389602803585448594e-07
9.350471993343608054e-07
9.318185666175484564e-07
9.302465776715021831e-07
9.312050558440647259e-07
9.351348691355393702e-07
9.418793572506118607e-07
9.507510951299831500e-07
9.607859989671403175e-07
9.710563171346811456e-07
9.809144982292283688e-07
9.900962959985354426e-07
9.986797583439039681e-07
1.006925005976261181e-06
1.015074933580723086e-06
1.023261223287715131e-06
1.031542767583261186e-06
1.039987066978105878e-06
1.048673817889066754e-06
1.057583289925711605e-06
1.066445795985813224e-06
1.074670440957290149e-06
1.081434680525952138e-06
1.085913681203615735e-06
1.087587396317972559e-06
1.086504681111912357e-06
1.083293813795362424e-06
1.078843804874449312e-06
1.073852723091251629e-06
1.068536262089880206e-06
1.062682174935266605e-06
1.055966373728393936e-06
1.048315203447252636e-06
1.040115926831271534e-06
1.032144881070190974e-06
1.025276199620707129e-06
1.020117941139835558e-06
1.016739933699776540e-06
1.014649004401250184e-06
1.013054840686898367e-06
1.011304423610057071e-06
1.009210131621445436e-06
1.007068481189314802e-06
1.005420977058958056e-06
1.004746861301067210e-06
1.005275212416325172e-06
1.006985606370698187e-06
1.009704765545277323e-06
1.013197817163513691e-06
1.017223203324557586e-06
1.021533814931102801e-06
1.025874901551726455e-06
1.029955087349002044e-06
1.033538639382062061e-06
1.036584508401226037e-06
1.039211487635069510e-06
1.041573069972111700e-06
1.043709896033866032e-06
1.045488534897645392e-06
1.046638969811051066e-06
1.046840204713880448e-06
1.045822754804447057e-06
1.043455833787546273e-06
1.039791316685452338e-06
1.035032603203353596e-06
1.029404869429248796e-06
1.022993902089433230e-06
1.015630637115219911e-06
1.006941347487929099e-06
9.966414618240199772e-07
9.849296118302934959e-07
9.727152331111486263e-07
9.615085142173967181e-07
9.529918892875281222e-07
9.484788449105276180e-07
9.485215886088216227e-07
9.527884983220280579e-07
9.601979534200544594e-07
9.692537692290574958e-07
9.784817739721154510e-07
9.868274567608277433e-07
9.938482342385087765e-07
9.996287702534457012e-07
1.004506594364202852e-06
1.008783990577966081e-06
1.012557386620879441e-06
1.015673412235953711e-06
1.017799484705484903e-06
1.018570704138823943e-06
1.017750695866455834e-06
1.015351725013670642e-06
1.011669384673254074e-06
1.007210517170644105e-06
1.002557330829912242e-06
9.982505560759160034e-07
9.947247077388561769e-07
9.922597333113040404e-07
9.909349539529249437e-07
9.906485853013419722e-07
9.912303664509704726e-07
9.925524965225920965e-07
9.945204665599081381e-07
9.969817579081340316e-07
9.996786046414081096e-07
1.002312458822914110e-06
1.004648104449011627e-06
1.006518216161622174e-06
1.007727681630160792e-06
1.008005248160404434e-06
1.007078805401562169e-06
1.004801788921836569e-06
1.001224659423456785e-06
9.965308374094907289e-07
9.909140642603757001e-07
9.845316277818200011e-07
9.775842689876567948e-07
9.704868196662581221e-07
9.639768285508877972e-07
9.590483397509954632e-07
9.566972810707662880e-07
9.575675516584646473e-07
9.616556163729858516e-07
9.681983796445533710e-07
9.758555144774869090e-07
9.831768505151801045e-07
9.891479638898731298e-07
9.934868063800199474e-07
9.965097172348435904e-07
9.987623799541261602e-07
1.000708845764960760e-06
1.002593651955229431e-06
1.004450306820848429e-06
1.006163426382143670e-06
1.007563561655087609e-06
1.008523752087351052e-06
1.008984475905418405e-06
1.008870944743046991e-06
1.007960044848697190e-06
1.005855799231765409e-06
1.002169323515293459e-06
9.967969102891960468e-07
9.900789634954334678e-07
9.827131594975512967e-07
9.754837664846781816e-07
9.689931499394082276e-07
9.634916809615554677e-07
9.588645021934062328e-07
9.547871179059825355e-07
9.509847735239344652e-07
9.474597939233526063e-07
9.445036578403513907e-07
9.424896304635779015e-07
9.416017891967091534e-07
9.417145935071604659e-07
9.424729073371936039e-07
9.434608509115938170e-07
9.443585393545084492e-07
9.450074632992558121e-07
9.453919514930609560e-07
9.455686261764306183e-07
9.455834201187031897e-07
9.454354792367884168e-07
9.451223043539118343e-07
9.447533017630069044e-07
9.446585348965332010e-07
9.454130318786158710e-07
9.477182888991931326e-07
9.521380460777319030e-07
9.588038449608036637e-07
9.672523886339803540e-07
9.765102210869494224e-07
9.853953639809189291e-07
9.928591151832762019e-07
9.982248044234927671e-07
1.001301842873565789e-06
1.002400111767334355e-06
1.002262219610774685e-06
1.001893641364158105e-06
1.002278597921512440e-06
1.004044713407296778e-06
1.007212452163403381e-06
1.011194533302801914e-06
1.015089380306036227e-06
1.018073842421153487e-06
1.019633200111678640e-06
1.019531719331612459e-06
1.017657865582207838e-06
1.013956556120826612e-06
1.008462594237413599e-06
1.001369350359044611e-06
9.930868625430360581e-07
9.842471332066838923e-07
9.756269532690537358e-07
9.679728928104307612e-07
9.617950591080270018e-07
9.572357359362672869e-07
9.540573063092394763e-07
9.517512654933577998e-07
9.497427821449565200e-07
9.476166125276963942e-07
9.452825853555636905e-07
9.430233267544268661e-07
9.413445398809093797e-07
9.407871372647478631e-07
9.417465079066781029e-07
9.442935872453697044e-07
9.481629456339453225e-07
9.528634648492524279e-07
9.578380900707334576e-07
9.625726041736619166e-07
9.666061462436905784e-07
9.695131370621297622e-07
9.709456062402820097e-07
9.707561043366747325e-07
9.691254612847931189e-07
9.666002074477589764e-07
9.639874605980468076e-07
9.621069655506961737e-07
9.614780608883182409e-07
9.620940500979530953e-07
9.634147422759477354e-07
9.645602144296576062e-07
9.646238662109385334e-07
9.629819879133182708e-07
9.594443686009451896e-07
9.541849740209888700e-07
9.475404514653370525e-07
9.398522851843132234e-07
9.314330804671556365e-07
9.226276655487537332e-07
9.138868711524410139e-07
9.057957974549474028e-07
8.990455094986792208e-07
8.943537495408055546e-07
8.923085511024577527e-07
8.931319925434836333e-07
8.965047731485950596e-07
9.015882761771989832e-07
9.072638777889373075e-07
9.124921712198903098e-07
9.166276015418924011e-07
9.195541518562229057e-07
9.216086375796233596e-07
9.233499926312172013e-07
9.253052180029509929e-07
9.278076590856342627e-07
9.309352163709164758e-07
9.345208646805205541e-07
9.382302250507814517e-07
9.416891037655861623e-07
9.446215589913566523e-07
9.469326794974580559e-07
9.487547429084537067e-07
9.504070898622645321e-07
9.522294362099531200e-07
9.543528340278027210e-07
9.564974035668171615e-07
9.579867194109250911e-07
9.580001228261527328e-07
9.559105088864244571e-07
9.515353971285949417e-07
9.451990012282060773e-07
9.376073818313052579e-07
9.296091359454355801e-07
9.219481354872261938e-07
9.151246539708067970e-07
9.094069313352361319e-07
9.049160368803522055e-07
9.016955535066559829e-07
8.997063886517603285e-07
8.987612410182189220e-07
8.984889959970763118e-07
8.984068150351087710e-07
8.980979115732315266e-07
8.974068147314447373e-07
8.965286473054798488e-07
8.959228436611028968e-07
8.960994333078474990e-07
8.974046317349855689e-07
8.998952309202379943e-07
9.033086609083214619e-07
9.071088945859178219e-07
9.105887302478281839e-07
9.130149438863516658e-07
9.137903094410783663e-07
9.125962269850204648e-07
9.094772221342362956e-07
9.048505728102263644e-07
8.994417250173051709e-07
8.941397912693761386e-07
8.897869176372791234e-07
8.869782568421285657e-07
8.859590064998036699e-07
8.866588825661542222e-07
8.888274633064973441e-07
8.921772371971134823e-07
8.964640471950266210e-07
9.014461323331461181e-07
9.067397663173995275e-07
9.116924230222039442e-07
9.154078501188557150e-07
9.169763520606966320e-07
9.158321766992567416e-07
9.119705200390258916e-07
9.058736049394536075e-07
8.982531318081886139e-07
8.898042621875010552e-07
8.811113050197848391e-07
8.726665039429790811e-07
8.648934716703025955e-07
8.581256736123660119e-07
8.525797250010969443e-07
8.483580718349404385e-07
8.454657538599910285e-07
8.438265522405530613e-07
8.433063430130652395e-07
8.437263761021337851e-07
8.448559649053344170e-07
8.463976093495377452e-07
8.479782256772293842e-07
8.491770656839593902e-07
8.496268931644452238e-07
8.491553512467772113e-07
8.478652898028884936e-07
8.460687460765213360e-07
8.441231994034523557e-07
8.423225983359049862e-07
8.409317373167752887e-07
8.402810634412725562e-07
8.407349718505086060e-07
8.424848434497522101e-07
8.453264225165706702e-07
8.486171589673139539e-07
8.514843665916411390e-07
8.531588592235292300e-07
8.532359598774121426e-07
8.517556235938101211e-07
8.491192219644222930e-07
8.459318463328106052e-07
8.428668754234867441e-07
8.405789754454679821e-07
8.396255309899335923e-07
8.403817711209143541e-07
8.429832980634846903e-07
8.473249380798333439e-07
8.530896165371432513e-07
8.597673459175063327e-07
8.666852357489705800e-07
8.731335848646782465e-07
8.786021380789834591e-07
8.829963363179870762e-07
8.866755634807270852e-07
8.902611353432368286e-07
8.942778192338381235e-07
8.987909438578949234e-07
9.032401518032107965e-07
9.065832500100389743e-07
9.077177380060823102e-07
9.059952867869230813e-07
9.015432702627501645e-07
8.952172525484192400e-07
8.882509405741587933e-07
8.818198407008014369e-07
8.767293451624738855e-07
8.732987388897901575e-07
8.714015012098303630e-07
8.706050427169070339e-07
8.703733742360644175e-07
8.702533537083628945e-07
8.699936050686919613e-07
8.695828126254986978e-07
8.692139526623409882e-07
8.691982195030991093e-07
8.698151644047372996e-07
8.711337726841493756e-07
8.728883772923868979e-07
8.745048076581718334e-07
8.753048696811630279e-07
8.748091598277559097e-07
8.729524501142525007e-07
8.700868753977728900e-07
8.668257440747978866e-07
8.638480777204689752e-07
8.617448022942820509e-07
8.609403875587380371e-07
8.616847925495075849e-07
8.640777244452506985e-07
8.681092785754824271e-07
8.736784306613516732e-07
8.805505866836675970e-07
8.882792919432656106e-07
8.961761098732801050e-07
9.034069122848738919e-07
9.092185675982955032e-07
9.132128164942528374e-07
9.155129960191891996e-07
9.166948781225106084e-07
9.175027296114256011e-07
9.185191281503567212e-07
9.199564268364619687e-07
9.216516433682453787e-07
9.232180086106739137e-07
9.242322630333348906e-07
9.242929220470591770e-07
9.230021265809375229e-07
9.200246928514542234e-07
9.152700106245404729e-07
9.091139167415480003e-07
9.024094838012816498e-07
8.962175111187616275e-07
8.914315631709901052e-07
8.885150248030206058e-07
8.874415239718953744e-07
8.878104351203336794e-07
8.890579407971140002e-07
8.906895823249771168e-07
8.924694709121949075e-07
8.945224470352957319e-07
8.973029337287734032e-07
9.014242397120847226e-07
9.074059260138051436e-07
9.154135999873576615e-07
9.250745456757291437e-07
9.354351727431804348e-07
9.451092278500627566e-07
9.526108654154282811e-07
9.567758723364410924e-07
9.570988321485959551e-07
9.538363927745162974e-07
9.478435802677353212e-07
9.402476107689616338e-07
9.321042386108519543e-07
9.241602844717799968e-07
9.167924853475404841e-07
9.101089740114190881e-07
9.041282864766930563e-07
8.989191591471407652e-07
8.946183114893676876e-07
8.913328557259506545e-07
8.890214025341967927e-07
8.874420328661316048e-07
8.862311921692020822e-07
8.850945691617851959e-07
8.839819227653826660e-07
8.831007529348137655e-07
8.827415036473250524e-07
8.830253670193640884e-07
8.837402658248235906e-07
8.843924607525378691e-07
8.844340299515562204e-07
0.000000000000000000e+00
4.483575132739957336e-07
4.248084883730014649e-07
5.468141481693555255e-07
4.902978419431749915e-07
4.580349005119194159e-07
5.893864882138622975e-07
1.003995130686611002e-06
2.845909451356901374e-06
4.323783362643528625e-06
-2.777421257096120245e-06
-1.062682922419794077e-06
-1.351042016372575714e-06
-1.475026001374746480e-06
-9.567060928017674604e-07
-9.563125897550486497e-07
-1.056682450448626398e-06
-5.544576862550789693e-07
-4.397838623391218875e-07
-3.543137498576945988e-07
-2.965534111298899388e-07
-3.946396046336483922e-07
-4.687233916705200128e-07
-4.707209324355249805e-07
-5.155955043819334896e-07
-4.731690327622592201e-07
-3.917323455374670328e-07
-3.411760572709037737e-07
-4.746123055234827029e-07
-1.376266172279036752e-06
-3.756523684307998855e-06
-4.199999013406276112e-06
-1.991165165282833029e-06
-1.530498281568825622e-06
-4.806610398917772573e-06
2.474779922441997268e-06
6.164746215917462113e-07
4.079234360447616010e-07
3.793272639934773407e-07
3.369574941691349926e-07
3.710889763897294551e-07
3.882490561340808315e-07
4.681202238996360761e-07
1.050331549386487068e-06
4.163658909164226521e-06
-2.570035025425756726e-06
-1.252811849682917551e-06
-2.282604833558708041e-06
-6.462731976425446785e-06
-1.518085127071675996e-06
-8.801616404105272578e-07
-1.565046392347017106e-06
-9.669225125976064949e-06
6.271524778220105640e-06
1.175888309640943144e-06
1.034210661705268017e-06
-1.545857321099961462e-05
-1.853294001877086578e-06
-2.695817162564185231e-06
-3.515691826148264499e-06
-1.218590663011859668e-05
3.439457548389577572e-06
1.356044515630217108e-06
8.698780248704674207e-07
1.004301030953573589e-06
1.333146967859845385e-06
8.753583329736296005e-07
7.682234193943610114e-07
6.132254315277040031e-07
8.169877396724179152e-07
2.528370803054958756e-06
2.764860421171460951e-06
1.202533952864084661e-04
2.664208528428712875e-06
6.588902962080596750e-07
4.156150365168538973e-07
3.235534327969822643e-07
2.536351028045471052e-07
2.491808709645195318e-07
3.093855262456560350e-07
2.928637490952659913e-07
2.852129118697377406e-07
2.966620709771995201e-07
3.935253977527420692e-07
6.153526127979129904e-07
4.944659849007396506e-07
4.458436770419357259e-07
5.466629922841943772e-07
8.947613315313914238e-07
2.588922084784863230e-06
3.456777704127714460e-06
2.212193102165802823e-06
-1.111952125051938982e-06
-3.642402668798314360e-07
-2.839393984618006954e-07
-2.391413600119916235e-07
-2.143993203130038822e-07
-2.375064288566065638e-07
-3.044615978815956344e-07
-3.501478703121279863e-07
-3.007875027670706811e-07
-2.437740764519018520e-07
-2.364916993876240788e-07
-2.366626578478393288e-07
-1.995907697154020283e-07
-1.570712548359622389e-07
-1.360790990722621266e-07
-1.315358604852731321e-07
-1.290428714216082223e-07
-1.170887895456310160e-07
-1.101922938097094090e-07
-1.022913735749706521e-07
-9.927082162796567821e-08
-9.907905451689995752e-08
-1.008618920091822595e-07
-1.136340259848283813e-07
-1.171713957599135053e-07
-1.189212621379151162e-07
-1.158829148753670714e-07
-1.176354429885046113e-07
-1.292261056647268986e-07
-1.309373591425088019e-07
-1.398910652041033248e-07
-1.614898856433229315e-07
-1.918514142267173761e-07
-1.980636107385040259e-07
-1.874979112496383945e-07
-2.173649243565906040e-07
-2.752754924984783266e-07
-2.414512331098097822e-07
-1.902420166521371203e-07
-2.068400829861136372e-07
-1.996666590570076907e-07
-1.690272314643045904e-07
-1.486669967165278042e-07
-1.248079785658101882e-07
-1.115845524746780767e-07
-1.103038063293109952e-07
-1.092433816142691403e-07
-1.073559932376923472e-07
-1.204139309126650500e-07
-1.310262162493559258e-07
-1.255722253308704484e-07
-1.239160103819909142e-07
-1.356395837406467854e-07
-1.567818172923398214e-07
-1.765874244526441312e-07
-1.658564575560600996e-07
-1.494324710716070525e-07
-1.622315277161555022e-07
-2.116894223360002944e-07
-2.578312733489488136e-07
-2.507458485965262539e-07
-2.095880308636946280e-07
-1.902269420057956919e-07
-1.967160554989748144e-07
-1.967035447333784362e-07
-1.907052019174517201e-07
-1.642389418324225986e-07
-1.565703580729695657e-07
-1.626296786397487031e-07
-1.683261206295421832e-07
-1.817509268965483430e-07
-1.739525931772423079e-07
-1.675149719985726759e-07
-1.703556517586875414e-07
-1.642377510447896345e-07
-1.563516265571271489e-07
-1.497575090014032448e-07
-1.414365004618224110e-07
-1.387643978602817289e-07
-1.418943933381988776e-07
-1.375747767216628273e-07
-1.309693785882347699e-07
-1.233580000970219978e-07
-1.227608418202711287e-07
-1.234564443190538720e-07
-1.217908066878663702e-07
-1.286507053960776026e-07
-1.406877864009686023e-07
-1.407340385662892770e-07
-1.396078822437815984e-07
-1.389076563085444152e-07
-1.251498140225600270e-07
-1.149731908920433989e-07
-1.144404863478746981e-07
-1.205620570418083679e-07
-1.224559666329426208e-07
-1.253326368952014390e-07
-1.246027592677576430e-07
-1.208119915152931326e-07
-1.243910331042690734e-07
-1.281362503414093452e-07
-1.273841840577423453e-07
-1.247103434140346378e-07
-1.198270602081745306e-07
-1.236730741627193194e-07
-1.290435468753481418e-07
-1.189080100106810242e-07
-1.017409669836554772e-07
-9.506716975162860006e-08
-9.536064445511811656e-08
-8.879022799314466742e-08
-8.764226322884584210e-08
-9.566209142621795200e-08
-1.044516126272943597e-07
-1.032642294463442375e-07
-9.930589544845860839e-08
-9.666191742929632101e-08
-9.254615323098203283e-08
-8.846795941349504681e-08
-9.042431871564791157e-08
-9.351505054626786299e-08
-9.717036029072180950e-08
-9.755362085740175471e-08
-9.222487907070613295e-08
-9.601476220804729289e-08
-9.732863413518784144e-08
-1.008698790680907556e-07
-9.677870841221216595e-08
-9.040665241671435411e-08
-9.301680273523050243e-08
-8.831641243793865925e-08
-8.427483173149618515e-08
-8.510553790173626317e-08
-8.624021048045255009e-08
-8.892742800532948194e-08
-8.840054482843746270e-08
-8.119020682681820876e-08
-7.882076270959303556e-08
-8.327442794252105809e-08
-8.406093387691079959e-08
-8.511887675131132511e-08
-8.177771169388646877e-08
-7.887831188108960411e-08
-8.720101497394619556e-08
-9.512362909348172202e-08
-8.959198450498719351e-08
-8.295498057113057055e-08
-7.995476048047134607e-08
-7.979333703847542287e-08
-8.341452007270097221e-08
-7.898678591448022748e-08
-7.246798253748202866e-08
-6.834614236626001858e-08
-6.470300621059235123e-08
-6.338055578043003589e-08
-6.461733696693460685e-08
-6.771490815429011355e-08
-7.169464303775856798e-08
-7.046619031639617881e-08
-6.600005075823520589e-08
-6.568948731223388705e-08
-6.490451233801134422e-08
-6.295401737349151963e-08
-6.261183650730554759e-08
-6.316761796761482443e-08
-6.623133131485137344e-08
-7.000954907358455269e-08
-6.837370765186888981e-08
-6.499355035017653783e-08
-6.080150938141665619e-08
-5.813059621325739559e-08
-5.808351087200958163e-08
-5.675329524340634914e-08
-5.564322819068945419e-08
-5.532641468788073869e-08
-5.542889253651975277e-08
-5.523960985543580006e-08
-5.563454951199480896e-08
-5.730827873051671166e-08
-5.909675944158053879e-08
-6.038348443110719997e-08
-6.191929376421259771e-08
-6.354591837213880253e-08
-6.394898646462753661e-08
-6.780401672570214265e-08
-7.359242115479460276e-08
-7.466342848691764649e-08
-7.221862204217458932e-08
-7.118297325538886840e-08
-7.229413848927222004e-08
-7.291857054017734993e-08
-7.179545340878285579e-08
-6.794449009029885409e-08
-6.485036387259910972e-08
-6.345103369314264230e-08
-6.359214583454972094e-08
-6.333479524411595603e-08
-6.239961433563531539e-08
-6.610812958862307735e-08
-7.041682105836681728e-08
-6.748441556021612386e-08
-6.733973751685389780e-08
-7.414980875113998061e-08
-8.081829739488977245e-08
-8.482646000945140116e-08
-8.494400603948690724e-08
-8.152013323374196857e-08
-8.449886910192384089e-08
-9.139694735496593913e-08
-9.465979762199159940e-08
-9.750372367301808680e-08
-9.541166800270479560e-08
-8.717089951330023002e-08
-8.120610438830936332e-08
-8.033830315946110092e-08
-7.936842895586704978e-08
-7.872339360078610213e-08
-8.106382038920887252e-08
-8.182952624031584672e-08
-7.943693241180799348e-08
-7.936650374378813669e-08
-7.751898799285880119e-08
-7.464742851566134731e-08
-7.432036804538343434e-08
-7.369389984172080881e-08
-7.454454595092131393e-08
-7.159458845925798296e-08
-6.723880295418908084e-08
-6.557259369257306834e-08
-6.287703702550207394e-08
-6.237312048803187355e-08
-6.039750252321251886e-08
-5.782921031561138673e-08
-5.729025778336356975e-08
-5.574078585370527420e-08
-5.558519698840818640e-08
-5.815104446580509299e-08
-6.122158895160386785e-08
-5.891999717949889096e-08
-5.515639594724614106e-08
-5.389398033272200579e-08
-5.460397073233452923e-08
-5.456212681783266722e-08
-5.371731521646733138e-08
-5.350709122432648176e-08
-5.319656353240253864e-08
-5.446008135730184545e-08
-5.475979538419241930e-08
-5.590512672716909365e-08
-5.889521800957984566e-08
-6.120780359695140748e-08
-6.154033878010918085e-08
-5.978205841723761446e-08
-5.865221828037548719e-08
-5.992415771323307009e-08
-6.125438177001137394e-08
-5.936758668608630418e-08
-5.639248533227898020e-08
-5.606169626303475110e-08
-5.752656825258127176e-08
-5.702885014808052247e-08
-5.878982974903562338e-08
-6.131151221849997386e-08
-6.339141006227629087e-08
-6.568178689945396023e-08
-6.461310453939286152e-08
-6.479160158304023730e-08
-6.730486616843384801e-08
-6.801123472376511708e-08
-6.980314239336700294e-08
-6.858328870622709884e-08
-6.549245344283393735e-08
-6.545966878385137525e-08
-6.321583518396995655e-08
-6.315644257989166151e-08
-6.442669922068381189e-08
-6.671327711289900538e-08
-6.768831205660153133e-08
-6.653375330152093486e-08
-6.551401691769870112e-08
-6.107613734264161341e-08
-5.623469655669158875e-08
-5.354049605528791266e-08
-5.262493539544529770e-08
-5.118545236020442348e-08
-4.863620741433544648e-08
-4.648651318828947334e-08
-4.538020229028012820e-08
-4.562019634875302168e-08
-4.641432982380748605e-08
-4.806153089414994861e-08
-4.826956127613209607e-08
-4.765873640068553965e-08
-4.848366845713380109e-08
-4.783820544284594129e-08
-4.662888462191931325e-08
-4.544594511335781824e-08
-4.518669473670998428e-08
-4.479075295977156434e-08
-4.570157964145315671e-08
-4.787015539316110668e-08
-4.806368147170446289e-08
-4.753338168417658126e-08
-4.650245137735966634e-08
-4.641845367863289892e-08
-4.739187368522524358e-08
-4.886690053497370566e-08
-5.047202787178843367e-08
-4.926135054771138838e-08
-4.706126202149833592e-08
-4.684827262767148896e-08
-4.815323746704077250e-08
-4.895012268624263247e-08
-4.783092318648874117e-08
-4.607975555179881047e-08
-4.711673206849168456e-08
-4.977682299988403867e-08
-4.931009228217320973e-08
-4.799630461028533870e-08
-4.797876307639222357e-08
-4.973885730074236688e-08
-5.011617250781205315e-08
-4.810515367298969822e-08
-4.648930346294865076e-08
-4.535793459530675976e-08
-4.396575828280899531e-08
-4.410894181272493569e-08
-4.697844954625990524e-08
-4.767083844429735346e-08
-4.614572487362889485e-08
-4.410329422629822804e-08
-4.293472228364102386e-08
-4.329387913063679451e-08
-4.368910411462071189e-08
-4.574576071455661817e-08
-4.768288115531408806e-08
-4.710168700979656799e-08
-4.792065852476361844e-08
-4.964833378290124978e-08
-4.951438478008823348e-08
-4.943999546520196240e-08
-4.883694873824753883e-08
-4.819643671222482500e-08
-4.772337884963944429e-08
-4.613700843247597195e-08
-4.537722511127739723e-08
-4.480757908539049793e-08
-4.456148086007413644e-08
-4.517504608709102829e-08
-4.516030068644666250e-08
-4.436479421129872911e-08
-4.441017473589213413e-08
-4.535017826763583197e-08
-4.568950174893040253e-08
-4.625425311429094607e-08
-4.646335809471563330e-08
-4.700231476175128167e-08
-4.853502292056071219e-08
-4.829809683125825325e-08
-4.633547554535346797e-08
-4.513854725318433782e-08
-4.392228049356650641e-08
-4.218293580137771628e-08
-4.042736112612187696e-08
-4.100454366558565755e-08
-4.264479047735918991e-08
-4.308716532378478645e-08
-4.313053865715473864e-08
-4.343473301931299549e-08
-4.302599479953803214e-08
-4.310944331732915238e-08
-4.308108373646597505e-08
-4.222856078296095233e-08
-4.226461463618352814e-08
-4.156255459433601639e-08
-4.173875855960542875e-08
-4.103883094076839896e-08
-3.988984417959757876e-08
-3.908609614156480265e-08
-3.799765618802579973e-08
-3.914818285510460148e-08
-3.851842306703861490e-08
-3.629983163464466668e-08
-3.511254488006472258e-08
-3.427917384373981318e-08
-3.443849186027715582e-08
-3.524615557291635980e-08
-3.619732075467966709e-08
-3.590642237489994516e-08
-3.545226032671172068e-08
-3.509930253633543801e-08
-3.536549077211972887e-08
-3.576688340447693753e-08
-3.486462190699506122e-08
-3.388786839204178451e-08
-3.351142843552491817e-08
-3.436042443779478969e-08
-3.505141586629726633e-08
-3.583488306859899680e-08
-3.671540245192064220e-08
-3.719108466092295968e-08
-3.855329000459514810e-08
-3.979851410565528514e-08
-4.132544592704431543e-08
-4.282591587948774106e-08
-4.294034776328752186e-08
-4.256034189069928052e-08
-4.238783031520741707e-08
-4.245080267819945881e-08
-4.236260965383846119e-08
-4.165166102864321567e-08
-4.198912697203165080e-08
-4.309961013813795484e-08
-4.534334800275766419e-08
-4.895228751402625468e-08
-4.836494008252224183e-08
-4.743648249363520783e-08
-5.109032107566750059e-08
-5.402285512228376780e-08
-5.612318495771116718e-08
-5.715041566607553708e-08
-5.882369721879028173e-08
-5.924281043459783724e-08
-5.689777991223326540e-08
-5.593119071992791843e-08
-5.453220466692962246e-08
-5.477706401989924772e-08
-5.408843037377455554e-08
-5.257843873213000639e-08
-5.133087685995416193e-08
-5.118357213526632381e-08
-5.040529679890114914e-08
-4.817138802101447015e-08
-4.764343373065246086e-08
-4.714126279871573539e-08
-4.558002244672451687e-08
-4.435194074902124268e-08
-4.329596541954315934e-08
-4.375617014040321465e-08
-4.488376348421864046e-08
-4.683384097519407762e-08
-4.895807711321001199e-08
-4.812626671932923322e-08
-4.726800265506047112e-08
-4.802723987593504543e-08
-4.796518157352808761e-08
-4.702644792776394258e-08
-4.704108059908423831e-08
-4.609116666476498859e-08
-4.614181677137757055e-08
-4.851911136054722860e-08
-4.941558352118021286e-08
-4.913563999861658521e-08
-4.998406143530419675e-08
-5.018541987082677800e-08
-4.771931469031514248e-08
-4.564336532228683921e-08
-4.540276060285643938e-08
-4.443262703294827978e-08
-4.370536916874943922e-08
-4.464992846487215881e-08
-4.696463486365882077e-08
-4.825844731552887312e-08
-4.830980272745985734e-08
-4.764527145539444396e-08
-4.840199246133394999e-08
-5.031127889152980707e-08
-5.007727059795665469e-08
-4.975413202325867680e-08
-5.057555501021328122e-08
-5.017590195836204470e-08
-4.947718547533952067e-08
-4.964701478390096016e-08
-4.776823723403762607e-08
-4.765202716308646054e-08
-4.834355707187147387e-08
-4.900013741608599227e-08
-5.276072797244384546e-08
-5.662425219226264751e-08
-5.734691942477916938e-08
-5.478469982270305467e-08
-5.189233466288458281e-08
-4.973020029087396638e-08
-4.978933914614091270e-08
-5.183540719246749949e-08
-5.073385523241504732e-08
-4.842595372584545655e-08
-4.855246206141490995e-08
-4.877852421630308147e-08
-4.742960207495720200e-08
-4.848023722984204029e-08
-5.102148333944173940e-08
-5.214767098010626905e-08
-5.481330548535221853e-08
-5.582130896600419032e-08
-5.499012319319852823e-08
-5.461411358330272243e-08
-5.451270450692355460e-08
-5.268341247485127098e-08
-5.129496981212583651e-08
-5.392691894202694857e-08
-5.781140414166113561e-08
-6.032192793242702613e-08
-6.068258523982421515e-08
-5.814205528396999233e-08
-5.601174149276201831e-08
-5.773439477451823749e-08
-6.123207887311315162e-08
-6.018804503470979600e-08
-5.636398877521446342e-08
-5.562494416697095165e-08
-5.398762873121620071e-08
-5.115047986512834562e-08
-4.972928814160009322e-08
-5.119931588728400442e-08
-5.521884750067228181e-08
-5.811758752353722304e-08
-5.844101507820951182e-08
-5.978289317397951752e-08
-5.917689904458087133e-08
-5.789682746348192992e-08
-5.673326943923545190e-08
-5.860621458332179660e-08
-6.269923331861949916e-08
-6.081433151696965917e-08
-6.256065117481339076e-08
-6.375683160297709483e-08
-6.351453065920832686e-08
-6.316617045313454819e-08
-6.063497536594661077e-08
-6.044626540101666385e-08
-6.014305896279079577e-08
-5.877115016328910457e-08
-5.738141729364302281e-08
-5.794376772329118224e-08
-5.982679017122648229e-08
-6.019450224577645385e-08
-6.254399722926587491e-08
-6.391914592133432142e-08
-5.996343028742525544e-08
-5.713869287983744878e-08
-6.037111305443934158e-08
-6.443198285093660950e-08
-6.175428983223442249e-08
-5.707015731791938535e-08
-5.638293303813601519e-08
-5.897201941615464859e-08
-5.979540790573679839e-08
-6.047383783208184336e-08
-5.929598376604049883e-08
-5.946242787553158961e-08
-6.235161146867695486e-08
-6.333868797373684554e-08
-6.479251089361758805e-08
-6.686994223014088062e-08
-6.947381711040410257e-08
-7.011214676090977349e-08
-7.327275768913407036e-08
-8.002068721959955349e-08
-8.018038271627763915e-08
-7.567758009145254214e-08
-7.362685272255140435e-08
-7.263293937945040813e-08
-7.400342401898437126e-08
-8.155217874196793185e-08
-8.131323352965554488e-08
-7.969886437023855205e-08
-8.413690006020902309e-08
-8.329791837461721146e-08
-8.419201661421814196e-08
-8.805737118904524829e-08
-8.973271582181326787e-08
-8.952722121646713040e-08
-9.106791566986695496e-08
-9.142810588038448597e-08
-9.175325093339700366e-08
-9.163678198394228547e-08
-8.485030415153455134e-08
-7.814325967201823224e-08
-7.622807841935291405e-08
-8.173240692222556807e-08
-8.357469046306291269e-08
-8.087221306378366167e-08
-8.003984805119480226e-08
-7.695948581855626226e-08
-7.404616752602582737e-08
-7.584113208621078807e-08
-8.156760642965058667e-08
-8.808626860649377977e-08
-9.599341523537423136e-08
-9.973710325555713732e-08
-1.111096569364031055e-07
-1.316624766912673048e-07
-1.307928130837743993e-07
-1.354316807807685227e-07
-1.468876090188878248e-07
-1.493146473524259519e-07
-1.597741189167909972e-07
-1.725374499759731656e-07
-1.693400819748520278e-07
-1.678688793330308460e-07
-1.806191273866239222e-07
-1.795725790207090531e-07
-1.878848205748869524e-07
-2.012411108569600383e-07
-1.795370549311190318e-07
-1.612881701686367582e-07
-1.472370297092107965e-07
-1.392451681290234742e-07
-1.591412171311431484e-07
-2.072217233690452162e-07
-3.092985242395686474e-07
-5.560335173025010711e-07
-8.750754195343181012e-07
-7.076574105626929867e-07
-7.680585622260138360e-07
-1.562824548046774001e-06
-4.709315269368132559e-05
2.515266153033854866e-06
1.222027763808808815e-06
2.568848215233366432e-06
-1.587853979843278243e-05
-4.108210567409212427e-06
-7.848337670783468158e-07
-8.517142048612608754e-07
-9.251719264789893666e-07
-7.225613174613230936e-07
-1.194110447798423444e-06
-1.062406535198151367e-05
5.975772036976410686e-06
-2.700348220250890112e-06
-1.583369390067838743e-06
-1.099947069749222673e-06
-1.218532257020426492e-06
-2.447054313800989944e-06
-9.070299357035024919e-07
-5.846308677337679495e-07
-5.933909673647064026e-07
-6.566648075779130293e-07
-6.684578878220645895e-07
-1.290481121747584068e-06
-3.759638020942384537e-06
-3.473954614850427696e-05
2.573461952547406534e-06
4.585084228204142892e-06
2.926537471364086879e-06
1.795040136529457931e-06
9.417992409265728601e-07
1.925692546622895223e-06
-1.415376405565591740e-06
-3.267101422930936110e-06
3.785984187794274407e-06
1.741979552329471413e-06
2.083127861141925627e-06
-2.012896380624659087e-06
-1.268572031148473751e-06
7.082532523493728603e-06
1.934438100454396958e-06
-2.159496826021722962e-06
-9.223840937754894237e-07
-2.358354666684275384e-06
4.290669694680393430e-06
3.062444225298940710e-06
-1.246736652004432857e-05
-1.355168045838335805e-06
-2.250654685090991827e-06
2.323532263947158705e-06
3.023332124570624904e-06
1.628346670426315954e-06
7.831669976104312374e-07
5.742418564969159499e-07
4.465554127295421484e-07
3.128772309359897142e-07
2.365636736527990858e-07
2.310464718938700090e-07
2.209334204467369276e-07
2.133645847623469686e-07
1.889773401340045575e-07
1.717430805878747769e-07
1.790045328064986390e-07
1.888113737241974854e-07
1.926547358429886745e-07
1.807812291150725422e-07
1.666284460752004898e-07
1.667153456574970451e-07
1.613007519688567392e-07
1.590908865439368068e-07
1.699535709845349187e-07
1.908026414234408091e-07
2.457705237668699090e-07
3.150528313782033919e-07
2.903376183012411593e-07
2.646347867693614073e-07
3.038450077125135845e-07
4.069044190514063367e-07
4.109303425576087350e-07
4.144321177531535750e-07
4.857304269647948850e-07
5.264279880976833767e-07
8.125430485293290346e-07
1.077275517191818935e-06
1.691807155216340748e-06
-1.607275456149144291e-05
-6.123955860410458312e-06
-4.075279564349999686e-06
-2.692993025510712471e-06
-6.160317121996561236e-06
5.643349644230127752e-06
1.618852714783053656e-06
1.595842568739272012e-06
-3.389770898047827107e-06
-6.202069720181130523e-07
-4.083275996676465394e-07
-3.721274136779340659e-07
-5.573904243201667476e-07
-6.657930676334770846e-07
-3.689167586508417892e-07
-2.997672045886845754e-07
-2.894427585856267498e-07
-2.486855695554791304e-07
-2.127663293688536687e-07
-1.989220551158668019e-07
-2.103479718236075093e-07
-2.245024167145577696e-07
-1.944245357675933564e-07
-1.814158505082928513e-07
-1.828786681869942155e-07
-1.815447586354345856e-07
-1.947999663820095627e-07
-2.252866479944961830e-07
-2.864362025782444615e-07
-2.925076993395863424e-07
-2.800062661166012170e-07
-2.634298213653601539e-07
-2.188094078391045119e-07
-1.998527949544055735e-07
-2.106529082400395660e-07
-2.048572820349599977e-07
-2.003590162183363008e-07
-2.556674673756437421e-07
-2.616608252355934826e-07
-2.413817134048905119e-07
-2.540246215298283480e-07
-2.644392131001100910e-07
-3.368802016660382829e-07
-4.133895956920400903e-07
-4.174088257959293348e-07
-4.341547964661425994e-07
-4.141814054934023380e-07
-3.618052246195494063e-07
-3.753220563130693549e-07
-4.868992748230996732e-07
-5.823058072588307308e-07
-7.156083540747421856e-07
-1.280165973144349831e-06
-1.507311790692587868e-06
-6.340174732731563206e-07
-3.413208322392403686e-07
-3.632688165226242414e-07
-6.727138038175687188e-07
-7.580359102191138877e-07
-5.822878865287765327e-07
-7.338797372240771167e-07
-3.264761124391692672e-06
-2.832591274834541432e-06
-7.943167190007912789e-07
-5.627501609206322535e-07
-6.298001367171207034e-07
-5.798011431439432512e-07
-4.877879108967872303e-07
-5.246852311178704915e-07
-5.345181239146153951e-07
-4.215623024306630595e-07
-4.590311487982518800e-07
-5.642050625015236308e-07
-3.257997793516087876e-07
-2.538055651732731625e-07
-2.294845185331580777e-07
-2.044622102803474069e-07
-2.116044958709966367e-07
-2.178930128794853684e-07
-2.701725802467981156e-07
-3.160507721102196551e-07
-2.600643541893816171e-07
-2.511903768084969207e-07
-2.437059791500870668e-07
-2.436159292379056241e-07
-2.727958508158264948e-07
-3.247703158353421392e-07
-3.615100590142592320e-07
-3.705550044366221245e-07
-3.911156379014637872e-07
-5.511582073830698307e-07
-1.818194035194249937e-06
1.960166250708546513e-06
9.256261866704587577e-07
5.215075166232078310e-07
3.722602491230878925e-07
5.244151258996506650e-07
1.209512638124461032e-06
1.413503158275383241e-06
2.129974470399330159e-06
-7.234320108685940852e-06
-1.460120300778673952e-06
-6.270248935695033172e-07
-4.801143781825151937e-07
-5.102313981766400117e-07
-4.934047678410570688e-07
-3.691968167255207122e-07
-3.168134129214157064e-07
-4.196746721576411485e-07
-5.031159891407107840e-07
-4.741651424052228616e-07
-5.131754636589917915e-07
-4.160323572204853503e-07
-4.336938770126586918e-07
-6.202567010552356213e-07
-4.955421364797373540e-07
-4.663527111335294809e-07
-6.330885064107155228e-07
-7.378183258556202043e-07
-9.994279823471170484e-07
-3.779880103735587915e-06
1.498240777913450191e-06
5.716322627912689472e-07
3.620600391630882365e-07
3.111127108388715415e-07
3.028601820685871415e-07
2.630609459300168325e-07
2.232951898643697920e-07
2.048150378541348419e-07
1.727778855379878348e-07
1.493756867483880720e-07
1.350806007175076289e-07
1.274211699594250253e-07
1.229635368436062749e-07
1.320199476272028636e-07
1.647722978077374279e-07
1.777100650011954203e-07
1.688021241765807516e-07
1.627157392511127827e-07
1.612230806561112572e-07
1.598369560087721674e-07
1.495387262286158718e-07
1.463498791979783025e-07
1.405171653683657646e-07
1.341034030517275867e-07
1.411109942191852634e-07
1.454918905270908565e-07
1.472946238480787471e-07
1.564017586751025657e-07
1.618623139251334821e-07
1.551627921246724346e-07
1.486325945508837471e-07
1.575227046365805031e-07
1.637667415612366724e-07
1.570783708134710576e-07
1.580934266503596476e-07
1.620991448769113404e-07
1.645939075038387864e-07
1.663898532978447289e-07
1.743479338481671929e-07
1.955067719699090735e-07
2.506238678643348149e-07
2.711529221452753101e-07
2.529846038326167652e-07
3.035412365497791360e-07
3.803023639218902578e-07
4.473341585551269886e-07
8.273780562143224473e-07
3.194043581520985242e-06
1.977989815341446137e-06
7.328870433373089680e-07
4.976579866465567366e-07
5.758458689352685856e-07
4.987905807472464520e-07
4.489826072518786090e-07
3.788022145860272238e-07
2.481568766415941752e-07
2.044611016910194999e-07
1.846657064964804339e-07
1.545178167720110822e-07
1.216456459232986942e-07
1.105568271723196116e-07
1.140644735362303043e-07
1.148862606386817059e-07
1.140646937251356226e-07
1.200465808787151042e-07
1.287618123257656999e-07
1.210118714696111932e-07
1.206119805826809278e-07
1.268114108498174239e-07
1.341995373474148897e-07
1.516590178822884210e-07
1.499847469779528025e-07
1.389442916208036555e-07
1.415607027624755114e-07
1.442774249340603333e-07
1.370614440146443607e-07
1.357057539645674392e-07
1.339370565513759992e-07
1.400549428605161175e-07
1.433639271247751387e-07
1.373108340399991833e-07
1.267945064836712443e-07
1.199264649576176517e-07
1.311590056823695918e-07
