1.000000000000000021e-02
2.000000000000000042e-02
2.999999999999999889e-02
4.000000000000000083e-02
5.000000000000000278e-02
5.999999999999999778e-02
7.000000000000000666e-02
8.000000000000000167e-02
9.000000000000001055e-02
1.000000000000000056e-01
1.099999999999999867e-01
1.199999999999999956e-01
1.300000000000000044e-01
1.400000000000000133e-01
1.499999999999999944e-01
1.600000000000000033e-01
1.700000000000000122e-01
1.800000000000000211e-01
1.900000000000000022e-01
2.000000000000000111e-01
2.100000000000000200e-01
2.199999999999999734e-01
2.299999999999999822e-01
2.399999999999999911e-01
2.500000000000000000e-01
2.600000000000000089e-01
2.700000000000000178e-01
2.800000000000000266e-01
2.900000000000000355e-01
2.999999999999999889e-01
3.099999999999999978e-01
3.200000000000000067e-01
3.300000000000000155e-01
3.400000000000000244e-01
3.500000000000000333e-01
3.600000000000000422e-01
3.699999999999999956e-01
3.800000000000000044e-01
3.900000000000000133e-01
4.000000000000000222e-01
4.100000000000000311e-01
4.200000000000000400e-01
4.300000000000000488e-01
4.399999999999999467e-01
4.499999999999999556e-01
4.599999999999999645e-01
4.699999999999999734e-01
4.799999999999999822e-01
4.899999999999999911e-01
5.000000000000000000e-01
5.100000000000000089e-01
5.200000000000000178e-01
5.300000000000000266e-01
5.400000000000000355e-01
5.500000000000000444e-01
5.600000000000000533e-01
5.700000000000000622e-01
5.800000000000000711e-01
5.900000000000000799e-01
5.999999999999999778e-01
6.099999999999999867e-01
6.199999999999999956e-01
6.300000000000000044e-01
6.400000000000000133e-01
6.500000000000000222e-01
6.600000000000000311e-01
6.700000000000000400e-01
6.800000000000000488e-01
6.900000000000000577e-01
7.000000000000000666e-01
7.100000000000000755e-01
7.200000000000000844e-01
7.299999999999999822e-01
7.399999999999999911e-01
7.500000000000000000e-01
7.600000000000000089e-01
7.700000000000000178e-01
7.800000000000000266e-01
7.900000000000000355e-01
8.000000000000000444e-01
8.100000000000000533e-01
8.200000000000000622e-01
8.300000000000000711e-01
8.400000000000000799e-01
8.500000000000000888e-01
8.600000000000000977e-01
8.700000000000001066e-01
8.799999999999998934e-01
8.899999999999999023e-01
8.999999999999999112e-01
9.099999999999999201e-01
9.199999999999999289e-01
9.299999999999999378e-01
9.399999999999999467e-01
9.499999999999999556e-01
9.599999999999999645e-01
9.699999999999999734e-01
9.799999999999999822e-01
9.899999999999999911e-01
1.000000000000000000e+00
1.010000000000000009e+00
1.020000000000000018e+00
1.030000000000000027e+00
1.040000000000000036e+00
1.050000000000000044e+00
1.060000000000000053e+00
1.070000000000000062e+00
1.080000000000000071e+00
1.090000000000000080e+00
1.100000000000000089e+00
1.110000000000000098e+00
1.120000000000000107e+00
1.130000000000000115e+00
1.140000000000000124e+00
1.150000000000000133e+00
1.160000000000000142e+00
1.170000000000000151e+00
1.180000000000000160e+00
1.190000000000000169e+00
1.199999999999999956e+00
1.209999999999999964e+00
1.219999999999999973e+00
1.229999999999999982e+00
1.239999999999999991e+00
1.250000000000000000e+00
1.260000000000000009e+00
1.270000000000000018e+00
1.280000000000000027e+00
1.290000000000000036e+00
1.300000000000000044e+00
1.310000000000000053e+00
1.320000000000000062e+00
1.330000000000000071e+00
1.340000000000000080e+00
1.350000000000000089e+00
1.360000000000000098e+00
1.370000000000000107e+00
1.380000000000000115e+00
1.390000000000000124e+00
1.400000000000000133e+00
1.410000000000000142e+00
1.420000000000000151e+00
1.430000000000000160e+00
1.440000000000000169e+00
1.449999999999999956e+00
1.459999999999999964e+00
1.469999999999999973e+00
1.479999999999999982e+00
1.489999999999999991e+00
1.500000000000000000e+00
1.510000000000000009e+00
1.520000000000000018e+00
1.530000000000000027e+00
1.540000000000000036e+00
1.550000000000000044e+00
1.560000000000000053e+00
1.570000000000000062e+00
1.580000000000000071e+00
1.590000000000000080e+00
1.600000000000000089e+00
1.610000000000000098e+00
1.620000000000000107e+00
1.630000000000000115e+00
1.640000000000000124e+00
1.650000000000000133e+00
1.660000000000000142e+00
1.670000000000000151e+00
1.680000000000000160e+00
1.690000000000000169e+00
1.700000000000000178e+00
1.710000000000000187e+00
1.720000000000000195e+00
1.730000000000000204e+00
1.740000000000000213e+00
1.750000000000000222e+00
1.759999999999999787e+00
1.770000000000000018e+00
1.779999999999999805e+00
1.790000000000000036e+00
1.799999999999999822e+00
1.810000000000000053e+00
1.819999999999999840e+00
1.830000000000000071e+00
1.839999999999999858e+00
1.850000000000000089e+00
1.859999999999999876e+00
1.870000000000000107e+00
1.879999999999999893e+00
1.890000000000000124e+00
1.899999999999999911e+00
1.910000000000000142e+00
1.919999999999999929e+00
1.930000000000000160e+00
1.939999999999999947e+00
1.950000000000000178e+00
1.959999999999999964e+00
1.970000000000000195e+00
1.979999999999999982e+00
1.990000000000000213e+00
2.000000000000000000e+00
2.010000000000000231e+00
2.020000000000000018e+00
2.030000000000000249e+00
2.040000000000000036e+00
2.050000000000000266e+00
2.060000000000000053e+00
2.070000000000000284e+00
2.080000000000000071e+00
2.089999999999999858e+00
2.100000000000000089e+00
2.109999999999999876e+00
2.120000000000000107e+00
2.129999999999999893e+00
2.140000000000000124e+00
2.149999999999999911e+00
2.160000000000000142e+00
2.169999999999999929e+00
2.180000000000000160e+00
2.189999999999999947e+00
2.200000000000000178e+00
2.209999999999999964e+00
2.220000000000000195e+00
2.229999999999999982e+00
2.240000000000000213e+00
2.250000000000000000e+00
2.260000000000000231e+00
2.270000000000000018e+00
2.280000000000000249e+00
2.290000000000000036e+00
2.300000000000000266e+00
2.310000000000000053e+00
2.320000000000000284e+00
2.330000000000000071e+00
2.340000000000000302e+00
2.350000000000000089e+00
2.360000000000000320e+00
2.370000000000000107e+00
2.380000000000000338e+00
2.390000000000000124e+00
2.399999999999999911e+00
2.410000000000000142e+00
2.419999999999999929e+00
2.429999999999999716e+00
2.439999999999999947e+00
2.450000000000000178e+00
2.459999999999999964e+00
2.469999999999999751e+00
2.479999999999999982e+00
2.490000000000000213e+00
2.500000000000000000e+00
2.509999999999999787e+00
2.520000000000000018e+00
2.530000000000000249e+00
2.540000000000000036e+00
2.549999999999999822e+00
2.560000000000000053e+00
2.570000000000000284e+00
2.580000000000000071e+00
2.589999999999999858e+00
2.600000000000000089e+00
2.610000000000000320e+00
2.620000000000000107e+00
2.629999999999999893e+00
2.640000000000000124e+00
2.650000000000000355e+00
2.660000000000000142e+00
2.669999999999999929e+00
2.680000000000000160e+00
2.690000000000000391e+00
2.700000000000000178e+00
2.709999999999999964e+00
2.720000000000000195e+00
2.730000000000000426e+00
2.740000000000000213e+00
2.750000000000000000e+00
2.760000000000000231e+00
2.770000000000000462e+00
2.780000000000000249e+00
2.790000000000000036e+00
2.800000000000000266e+00
2.810000000000000497e+00
2.820000000000000284e+00
2.830000000000000071e+00
2.840000000000000302e+00
2.850000000000000533e+00
2.860000000000000320e+00
2.870000000000000107e+00
2.880000000000000338e+00
2.889999999999999680e+00
2.899999999999999911e+00
2.909999999999999698e+00
2.919999999999999929e+00
2.929999999999999716e+00
2.939999999999999947e+00
2.949999999999999734e+00
2.959999999999999964e+00
2.969999999999999751e+00
2.979999999999999982e+00
2.989999999999999769e+00
3.000000000000000000e+00
3.009999999999999787e+00
3.020000000000000018e+00
3.029999999999999805e+00
3.040000000000000036e+00
3.049999999999999822e+00
3.060000000000000053e+00
3.069999999999999840e+00
3.080000000000000071e+00
3.089999999999999858e+00
3.100000000000000089e+00
3.109999999999999876e+00
3.120000000000000107e+00
3.129999999999999893e+00
3.140000000000000124e+00
3.149999999999999911e+00
3.160000000000000142e+00
3.169999999999999929e+00
3.180000000000000160e+00
3.189999999999999947e+00
3.200000000000000178e+00
3.209999999999999964e+00
3.220000000000000195e+00
3.229999999999999982e+00
3.240000000000000213e+00
3.250000000000000000e+00
3.260000000000000231e+00
3.270000000000000018e+00
3.280000000000000249e+00
3.290000000000000036e+00
3.300000000000000266e+00
3.310000000000000053e+00
3.320000000000000284e+00
3.330000000000000071e+00
3.340000000000000302e+00
3.350000000000000089e+00
3.360000000000000320e+00
3.370000000000000107e+00
3.380000000000000338e+00
3.390000000000000124e+00
3.400000000000000355e+00
3.410000000000000142e+00
3.420000000000000373e+00
3.430000000000000160e+00
3.440000000000000391e+00
3.450000000000000178e+00
3.460000000000000409e+00
3.470000000000000195e+00
3.480000000000000426e+00
3.490000000000000213e+00
3.500000000000000444e+00
3.510000000000000231e+00
3.519999999999999574e+00
3.529999999999999805e+00
3.540000000000000036e+00
3.549999999999999822e+00
3.559999999999999609e+00
3.569999999999999840e+00
3.580000000000000071e+00
3.589999999999999858e+00
3.599999999999999645e+00
3.609999999999999876e+00
3.620000000000000107e+00
3.629999999999999893e+00
3.639999999999999680e+00
3.649999999999999911e+00
3.660000000000000142e+00
3.669999999999999929e+00
3.679999999999999716e+00
3.689999999999999947e+00
3.700000000000000178e+00
3.709999999999999964e+00
3.719999999999999751e+00
3.729999999999999982e+00
3.740000000000000213e+00
3.750000000000000000e+00
3.759999999999999787e+00
3.770000000000000018e+00
3.780000000000000249e+00
3.790000000000000036e+00
3.799999999999999822e+00
3.810000000000000053e+00
3.820000000000000284e+00
3.830000000000000071e+00
3.839999999999999858e+00
3.850000000000000089e+00
3.860000000000000320e+00
3.870000000000000107e+00
3.879999999999999893e+00
3.890000000000000124e+00
3.900000000000000355e+00
3.910000000000000142e+00
3.919999999999999929e+00
3.930000000000000160e+00
3.940000000000000391e+00
3.950000000000000178e+00
3.959999999999999964e+00
3.970000000000000195e+00
3.980000000000000426e+00
3.990000000000000213e+00
4.000000000000000000e+00
4.009999999999999787e+00
4.020000000000000462e+00
4.030000000000000249e+00
4.040000000000000036e+00
4.050000000000000711e+00
4.060000000000000497e+00
4.070000000000000284e+00
4.080000000000000071e+00
4.089999999999999858e+00
4.100000000000000533e+00
4.110000000000000320e+00
4.120000000000000107e+00
4.130000000000000782e+00
4.140000000000000568e+00
4.150000000000000355e+00
4.160000000000000142e+00
4.169999999999999929e+00
4.179999999999999716e+00
4.189999999999999503e+00
4.200000000000000178e+00
4.209999999999999964e+00
4.219999999999999751e+00
4.229999999999999538e+00
4.240000000000000213e+00
4.250000000000000000e+00
4.259999999999999787e+00
4.269999999999999574e+00
4.280000000000000249e+00
4.290000000000000036e+00
4.299999999999999822e+00
4.309999999999999609e+00
4.320000000000000284e+00
4.330000000000000071e+00
4.339999999999999858e+00
4.349999999999999645e+00
4.360000000000000320e+00
4.370000000000000107e+00
4.379999999999999893e+00
4.389999999999999680e+00
4.400000000000000355e+00
4.410000000000000142e+00
4.419999999999999929e+00
4.429999999999999716e+00
4.440000000000000391e+00
4.450000000000000178e+00
4.459999999999999964e+00
4.469999999999999751e+00
4.480000000000000426e+00
4.490000000000000213e+00
4.500000000000000000e+00
4.509999999999999787e+00
4.520000000000000462e+00
4.530000000000000249e+00
4.540000000000000036e+00
4.549999999999999822e+00
4.560000000000000497e+00
4.570000000000000284e+00
4.580000000000000071e+00
4.589999999999999858e+00
4.600000000000000533e+00
4.610000000000000320e+00
4.620000000000000107e+00
4.629999999999999893e+00
4.640000000000000568e+00
4.650000000000000355e+00
4.660000000000000142e+00
4.669999999999999929e+00
4.680000000000000604e+00
4.690000000000000391e+00
4.700000000000000178e+00
4.709999999999999964e+00
4.720000000000000639e+00
4.730000000000000426e+00
4.740000000000000213e+00
4.750000000000000000e+00
4.760000000000000675e+00
4.770000000000000462e+00
4.780000000000000249e+00
4.790000000000000036e+00
4.799999999999999822e+00
4.809999999999999609e+00
4.820000000000000284e+00
4.830000000000000071e+00
4.839999999999999858e+00
4.849999999999999645e+00
4.859999999999999432e+00
4.870000000000000107e+00
4.879999999999999893e+00
4.889999999999999680e+00
4.900000000000000355e+00
4.910000000000000142e+00
4.919999999999999929e+00
4.929999999999999716e+00
4.939999999999999503e+00
4.950000000000000178e+00
4.959999999999999964e+00
4.969999999999999751e+00
4.980000000000000426e+00
4.990000000000000213e+00
5.000000000000000000e+00
5.009999999999999787e+00
5.019999999999999574e+00
5.030000000000000249e+00
5.040000000000000036e+00
5.049999999999999822e+00
5.060000000000000497e+00
5.070000000000000284e+00
5.080000000000000071e+00
5.089999999999999858e+00
5.099999999999999645e+00
5.110000000000000320e+00
5.120000000000000107e+00
5.129999999999999893e+00
5.140000000000000568e+00
5.150000000000000355e+00
5.160000000000000142e+00
5.169999999999999929e+00
5.179999999999999716e+00
5.190000000000000391e+00
5.200000000000000178e+00
5.209999999999999964e+00
5.220000000000000639e+00
5.230000000000000426e+00
5.240000000000000213e+00
5.250000000000000000e+00
5.259999999999999787e+00
5.270000000000000462e+00
5.280000000000000249e+00
5.290000000000000036e+00
5.300000000000000711e+00
5.310000000000000497e+00
5.320000000000000284e+00
5.330000000000000071e+00
5.339999999999999858e+00
5.350000000000000533e+00
5.360000000000000320e+00
5.370000000000000107e+00
5.380000000000000782e+00
5.390000000000000568e+00
5.400000000000000355e+00
5.410000000000000142e+00
5.419999999999999929e+00
5.430000000000000604e+00
5.440000000000000391e+00
5.450000000000000178e+00
5.460000000000000853e+00
5.470000000000000639e+00
5.480000000000000426e+00
5.490000000000000213e+00
5.500000000000000000e+00
5.510000000000000675e+00
5.520000000000000462e+00
5.530000000000000249e+00
5.540000000000000924e+00
5.550000000000000711e+00
5.560000000000000497e+00
5.570000000000000284e+00
5.580000000000000071e+00
5.590000000000000746e+00
5.600000000000000533e+00
5.610000000000000320e+00
5.620000000000000995e+00
5.630000000000000782e+00
5.640000000000000568e+00
5.650000000000000355e+00
5.660000000000000142e+00
5.670000000000000817e+00
5.680000000000000604e+00
5.690000000000000391e+00
5.700000000000001066e+00
5.710000000000000853e+00
5.720000000000000639e+00
5.730000000000000426e+00
5.740000000000000213e+00
5.750000000000000888e+00
5.760000000000000675e+00
5.769999999999999574e+00
5.779999999999999361e+00
5.789999999999999147e+00
5.799999999999999822e+00
5.809999999999999609e+00
5.819999999999999396e+00
5.830000000000000071e+00
5.839999999999999858e+00
5.849999999999999645e+00
5.859999999999999432e+00
5.869999999999999218e+00
5.879999999999999893e+00
5.889999999999999680e+00
5.899999999999999467e+00
5.910000000000000142e+00
5.919999999999999929e+00
5.929999999999999716e+00
5.939999999999999503e+00
5.949999999999999289e+00
5.959999999999999964e+00
5.969999999999999751e+00
5.979999999999999538e+00
5.990000000000000213e+00
6.000000000000000000e+00
6.009999999999999787e+00
6.019999999999999574e+00
6.029999999999999361e+00
6.040000000000000036e+00
6.049999999999999822e+00
6.059999999999999609e+00
6.070000000000000284e+00
6.080000000000000071e+00
6.089999999999999858e+00
6.099999999999999645e+00
6.109999999999999432e+00
6.120000000000000107e+00
6.129999999999999893e+00
6.139999999999999680e+00
6.150000000000000355e+00
6.160000000000000142e+00
6.169999999999999929e+00
6.179999999999999716e+00
6.189999999999999503e+00
6.200000000000000178e+00
6.209999999999999964e+00
6.219999999999999751e+00
6.230000000000000426e+00
6.240000000000000213e+00
6.250000000000000000e+00
6.259999999999999787e+00
6.269999999999999574e+00
6.280000000000000249e+00
6.290000000000000036e+00
6.299999999999999822e+00
6.310000000000000497e+00
6.320000000000000284e+00
6.330000000000000071e+00
6.339999999999999858e+00
6.349999999999999645e+00
6.360000000000000320e+00
6.370000000000000107e+00
6.379999999999999893e+00
6.390000000000000568e+00
6.400000000000000355e+00
6.410000000000000142e+00
6.419999999999999929e+00
6.429999999999999716e+00
6.440000000000000391e+00
6.450000000000000178e+00
6.459999999999999964e+00
6.470000000000000639e+00
6.480000000000000426e+00
6.490000000000000213e+00
6.500000000000000000e+00
6.509999999999999787e+00
6.520000000000000462e+00
6.530000000000000249e+00
6.540000000000000036e+00
6.550000000000000711e+00
6.560000000000000497e+00
6.570000000000000284e+00
6.580000000000000071e+00
6.589999999999999858e+00
6.600000000000000533e+00
6.610000000000000320e+00
6.620000000000000107e+00
6.630000000000000782e+00
6.640000000000000568e+00
6.650000000000000355e+00
6.660000000000000142e+00
6.669999999999999929e+00
6.680000000000000604e+00
6.690000000000000391e+00
6.700000000000000178e+00
6.710000000000000853e+00
6.720000000000000639e+00
6.730000000000000426e+00
6.740000000000000213e+00
6.750000000000000000e+00
6.760000000000000675e+00
6.770000000000000462e+00
6.780000000000000249e+00
6.790000000000000924e+00
6.800000000000000711e+00
6.810000000000000497e+00
6.820000000000000284e+00
6.830000000000000071e+00
6.840000000000000746e+00
6.850000000000000533e+00
6.860000000000000320e+00
6.870000000000000995e+00
6.880000000000000782e+00
6.890000000000000568e+00
6.900000000000000355e+00
6.910000000000000142e+00
6.920000000000000817e+00
6.930000000000000604e+00
6.940000000000000391e+00
6.950000000000001066e+00
6.960000000000000853e+00
6.970000000000000639e+00
6.980000000000000426e+00
6.990000000000000213e+00
7.000000000000000888e+00
7.010000000000000675e+00
7.020000000000000462e+00
7.030000000000001137e+00
7.039999999999999147e+00
7.049999999999999822e+00
7.059999999999999609e+00
7.069999999999999396e+00
7.080000000000000071e+00
7.089999999999999858e+00
7.099999999999999645e+00
7.109999999999999432e+00
7.119999999999999218e+00
7.129999999999999893e+00
7.139999999999999680e+00
7.149999999999999467e+00
7.160000000000000142e+00
7.169999999999999929e+00
7.179999999999999716e+00
7.189999999999999503e+00
7.199999999999999289e+00
7.209999999999999964e+00
7.219999999999999751e+00
7.229999999999999538e+00
7.240000000000000213e+00
7.250000000000000000e+00
7.259999999999999787e+00
7.269999999999999574e+00
7.279999999999999361e+00
7.290000000000000036e+00
7.299999999999999822e+00
7.309999999999999609e+00
7.320000000000000284e+00
7.330000000000000071e+00
7.339999999999999858e+00
7.349999999999999645e+00
7.359999999999999432e+00
7.370000000000000107e+00
7.379999999999999893e+00
7.389999999999999680e+00
7.400000000000000355e+00
7.410000000000000142e+00
7.419999999999999929e+00
7.429999999999999716e+00
7.439999999999999503e+00
7.450000000000000178e+00
7.459999999999999964e+00
7.469999999999999751e+00
7.480000000000000426e+00
7.490000000000000213e+00
7.500000000000000000e+00
7.509999999999999787e+00
7.519999999999999574e+00
7.530000000000000249e+00
7.540000000000000036e+00
7.549999999999999822e+00
7.560000000000000497e+00
7.570000000000000284e+00
7.580000000000000071e+00
7.589999999999999858e+00
7.599999999999999645e+00
7.610000000000000320e+00
7.620000000000000107e+00
7.629999999999999893e+00
7.640000000000000568e+00
7.650000000000000355e+00
7.660000000000000142e+00
7.669999999999999929e+00
7.679999999999999716e+00
7.690000000000000391e+00
7.700000000000000178e+00
7.709999999999999964e+00
7.720000000000000639e+00
7.730000000000000426e+00
7.740000000000000213e+00
7.750000000000000000e+00
7.759999999999999787e+00
7.770000000000000462e+00
7.780000000000000249e+00
7.790000000000000036e+00
7.800000000000000711e+00
7.810000000000000497e+00
7.820000000000000284e+00
7.830000000000000071e+00
7.839999999999999858e+00
7.850000000000000533e+00
7.860000000000000320e+00
7.870000000000000107e+00
7.880000000000000782e+00
7.890000000000000568e+00
7.900000000000000355e+00
7.910000000000000142e+00
7.919999999999999929e+00
7.930000000000000604e+00
7.940000000000000391e+00
7.950000000000000178e+00
7.960000000000000853e+00
7.970000000000000639e+00
7.980000000000000426e+00
7.990000000000000213e+00
8.000000000000000000e+00
8.009999999999999787e+00
8.019999999999999574e+00
8.030000000000001137e+00
8.040000000000000924e+00
8.050000000000000711e+00
8.060000000000000497e+00
8.070000000000000284e+00
8.080000000000000071e+00
8.089999999999999858e+00
8.100000000000001421e+00
8.110000000000001208e+00
8.120000000000000995e+00
8.130000000000000782e+00
8.140000000000000568e+00
8.150000000000000355e+00
8.160000000000000142e+00
8.169999999999999929e+00
8.179999999999999716e+00
8.190000000000001279e+00
8.200000000000001066e+00
8.210000000000000853e+00
8.220000000000000639e+00
8.230000000000000426e+00
8.240000000000000213e+00
8.250000000000000000e+00
8.260000000000001563e+00
8.270000000000001350e+00
8.280000000000001137e+00
8.290000000000000924e+00
8.300000000000000711e+00
8.310000000000000497e+00
8.320000000000000284e+00
8.330000000000000071e+00
8.339999999999999858e+00
8.349999999999999645e+00
8.359999999999999432e+00
8.369999999999999218e+00
8.379999999999999005e+00
8.390000000000000568e+00
8.400000000000000355e+00
8.410000000000000142e+00
8.419999999999999929e+00
8.429999999999999716e+00
8.439999999999999503e+00
8.449999999999999289e+00
8.459999999999999076e+00
8.469999999999998863e+00
8.480000000000000426e+00
8.490000000000000213e+00
8.500000000000000000e+00
8.509999999999999787e+00
8.519999999999999574e+00
8.529999999999999361e+00
8.539999999999999147e+00
8.550000000000000711e+00
8.560000000000000497e+00
8.570000000000000284e+00
8.580000000000000071e+00
8.589999999999999858e+00
8.599999999999999645e+00
8.609999999999999432e+00
8.619999999999999218e+00
8.629999999999999005e+00
8.640000000000000568e+00
8.650000000000000355e+00
8.660000000000000142e+00
8.669999999999999929e+00
8.679999999999999716e+00
8.689999999999999503e+00
8.699999999999999289e+00
8.710000000000000853e+00
8.720000000000000639e+00
8.730000000000000426e+00
8.740000000000000213e+00
8.750000000000000000e+00
8.759999999999999787e+00
8.769999999999999574e+00
8.779999999999999361e+00
8.789999999999999147e+00
8.800000000000000711e+00
8.810000000000000497e+00
8.820000000000000284e+00
8.830000000000000071e+00
8.839999999999999858e+00
8.849999999999999645e+00
8.859999999999999432e+00
8.870000000000000995e+00
8.880000000000000782e+00
8.890000000000000568e+00
8.900000000000000355e+00
8.910000000000000142e+00
8.919999999999999929e+00
8.929999999999999716e+00
8.939999999999999503e+00
8.949999999999999289e+00
8.960000000000000853e+00
8.970000000000000639e+00
8.980000000000000426e+00
8.990000000000000213e+00
9.000000000000000000e+00
9.009999999999999787e+00
9.019999999999999574e+00
9.030000000000001137e+00
9.040000000000000924e+00
9.050000000000000711e+00
9.060000000000000497e+00
9.070000000000000284e+00
9.080000000000000071e+00
9.089999999999999858e+00
9.099999999999999645e+00
9.109999999999999432e+00
9.120000000000000995e+00
9.130000000000000782e+00
9.140000000000000568e+00
9.150000000000000355e+00
9.160000000000000142e+00
9.169999999999999929e+00
9.179999999999999716e+00
9.190000000000001279e+00
9.200000000000001066e+00
9.210000000000000853e+00
9.220000000000000639e+00
9.230000000000000426e+00
9.240000000000000213e+00
9.250000000000000000e+00
9.259999999999999787e+00
9.269999999999999574e+00
9.280000000000001137e+00
9.290000000000000924e+00
9.300000000000000711e+00
9.310000000000000497e+00
9.320000000000000284e+00
9.330000000000000071e+00
9.339999999999999858e+00
9.350000000000001421e+00
9.360000000000001208e+00
9.370000000000000995e+00
9.380000000000000782e+00
9.390000000000000568e+00
9.400000000000000355e+00
9.410000000000000142e+00
9.419999999999999929e+00
9.429999999999999716e+00
9.440000000000001279e+00
9.450000000000001066e+00
9.460000000000000853e+00
9.470000000000000639e+00
9.480000000000000426e+00
9.490000000000000213e+00
9.500000000000000000e+00
9.510000000000001563e+00
9.520000000000001350e+00
9.530000000000001137e+00
9.540000000000000924e+00
9.550000000000000711e+00
9.560000000000000497e+00
9.570000000000000284e+00
9.580000000000000071e+00
9.589999999999999858e+00
9.599999999999999645e+00
9.609999999999999432e+00
9.619999999999999218e+00
9.629999999999999005e+00
9.640000000000000568e+00
9.650000000000000355e+00
9.660000000000000142e+00
9.669999999999999929e+00
9.679999999999999716e+00
9.689999999999999503e+00
9.699999999999999289e+00
9.709999999999999076e+00
9.719999999999998863e+00
9.730000000000000426e+00
9.740000000000000213e+00
9.750000000000000000e+00
9.759999999999999787e+00
9.769999999999999574e+00
9.779999999999999361e+00
9.789999999999999147e+00
9.800000000000000711e+00
9.810000000000000497e+00
9.820000000000000284e+00
9.830000000000000071e+00
9.839999999999999858e+00
9.849999999999999645e+00
9.859999999999999432e+00
9.869999999999999218e+00
9.879999999999999005e+00
9.890000000000000568e+00
9.900000000000000355e+00
9.910000000000000142e+00
9.919999999999999929e+00
9.929999999999999716e+00
9.939999999999999503e+00
9.949999999999999289e+00
9.960000000000000853e+00
9.970000000000000639e+00
9.980000000000000426e+00
9.990000000000000213e+00
6.523485066277910528e+18
6.192494645152948224e+18
5.248397478909832192e+18
3.829333677783626240e+18
2.149141782215954176e+18
4.556956779827932160e+17
-1.023359883845483136e+18
-2.133052579300519168e+18
-2.812458060313133568e+18
-3.078664799391838720e+18
-2.996755725892787712e+18
-2.655101089711219712e+18
-2.145429295391948032e+18
-1.552331084818082816e+18
-9.495644137792880640e+17
-3.987671258579313920e+17
5.670590136182678400e+16
3.964785299127824000e+17
6.202347201516587520e+17
7.421359980540377600e+17
7.875124630167106560e+17
7.912828750601662720e+17
7.890940615895576320e+17
7.974616977043407360e+17
7.981223482024113920e+17
7.445222226617573120e+17
5.877705725174096640e+17
3.062111648046462720e+17
-7.971698069922710400e+16
-5.061875580707883520e+17
-8.860514503880145920e+17
-1.135410299367296256e+18
-1.211970783646134016e+18
-1.133773171002162560e+18
-9.649333294413745920e+17
-7.737294084257008640e+17
-5.966450880908819200e+17
-4.294561391383470080e+17
-2.478571589193765120e+17
-3.471561884344556800e+16
2.044799872835877760e+17
4.419112054952458880e+17
6.398929024015463680e+17
7.629335661080744960e+17
7.952136287520332800e+17
7.458169872360152320e+17
6.478396024657844480e+17
5.506423683392348160e+17
5.094720021456836480e+17
5.670081713496745600e+17
7.291123347068017920e+17
9.530242370215212800e+17
1.151746694211555072e+18
1.226863270144823040e+18
1.106442725974155648e+18
7.756408903329550080e+17
2.940620641027022080e+17
-2.178313106435941760e+17
-6.256748906118214400e+17
-8.399665067690753280e+17
-8.468464209432459520e+17
-7.016771249953308160e+17
-4.920943552332241280e+17
-3.015622170138231680e+17
-1.827603711643833600e+17
-1.535403562183627520e+17
-2.072759771785193600e+17
-3.290859041907964160e+17
-5.036415343081758720e+17
-7.095109276530862080e+17
-9.147162702978606080e+17
-1.074147426571065216e+18
-1.134276420390720640e+18
-1.049944256871796224e+18
-8.007154052988136960e+17
-4.016874913165076480e+17
9.176706374468467200e+16
5.978484297842008320e+17
1.032039135069354752e+18
1.335590835852677888e+18
1.490575687109757440e+18
1.520376636250928128e+18
1.478854923022731008e+18
1.422882907418655488e+18
1.382155405393907712e+18
1.347764058549293568e+18
1.286338239402872064e+18
1.166524573300933888e+18
9.829317763052092160e+17
7.552980420735736320e+17
5.072884348553552640e+17
2.444823984587900800e+17
-5.167858809392492800e+16
-4.013162666777880960e+17
-7.965066959934122240e+17
-1.190438238593057536e+18
-1.521298921388009984e+18
-1.739645715779974144e+18
-1.823329051791528704e+18
-1.780449624263138304e+18
-1.642724499749223168e+18
-1.455106803641897472e+18
-1.254753292588976640e+18
-1.051826866621508480e+18
-8.253798721552084480e+17
-5.362185603625273600e+17
-1.580582718652624640e+17
2.969194559760568320e+17
7.642159312378874880e+17
1.150178216473808512e+18
1.372457002225571328e+18
1.393299227036202752e+18
1.220844367291940608e+18
8.955687762514347520e+17
4.718051238403036800e+17
1.183264239774401600e+16
-4.207192815443847680e+17
-7.710843995540851200e+17
-1.000325014385152640e+18
-1.091767576091261312e+18
-1.046638260321732992e+18
-8.833635008169212160e+17
-6.363750881815957760e+17
-3.516350034820093440e+17
-7.647515158240899200e+16
1.535364989580871680e+17
3.170232083732999040e+17
4.061406214745234560e+17
4.210398527080444800e+17
3.688149316387065600e+17
2.671826534158327680e+17
1.548630627371288320e+17
8.683823257888800000e+16
1.092352680296876160e+17
2.281009412085438080e+17
3.947799784414585600e+17
5.229586956666103040e+17
5.236414791925564800e+17
3.424814733161984000e+17
-7.225421805660304000e+15
-4.410269569511765120e+17
-8.426394245863111680e+17
-1.121072763846630016e+18
-1.244857153446673664e+18
-1.239270126794635776e+18
-1.153294361372541440e+18
-1.028367390904999040e+18
-8.854200313114257920e+17
-7.349815443788115200e+17
-5.881013073392478720e+17
-4.638942309688608640e+17
-3.824190873462411520e+17
-3.479299981583377920e+17
-3.481883474250363520e+17
-3.583515128254341760e+17
-3.509194829631135360e+17
-3.111159539419495040e+17
-2.488121961982665920e+17
-1.921594102529050240e+17
-1.677564408156765440e+17
-1.780693104316231680e+17
-1.941693423743708160e+17
-1.813706501255619200e+17
-1.250505454171461120e+17
-4.682713460680944000e+16
1.501837369275091200e+16
4.178519620940854400e+16
5.749929538071478400e+16
1.119533803851800480e+17
2.456472052211072640e+17
4.559009620470760320e+17
6.906112560873672960e+17
8.696925123298155520e+17
9.275227977545295360e+17
8.479699330637777920e+17
6.749692382393934080e+17
4.948684819126455040e+17
3.898882165563282560e+17
3.948948154093679360e+17
4.814371557523370240e+17
5.793588291406039040e+17
6.250990276137021440e+17
5.937534717744025600e+17
5.030756637014175360e+17
3.862790236185147520e+17
2.680508874440488320e+17
1.639585747464810880e+17
9.352934587059369600e+16
7.991122928441892800e+16
1.257033109289333760e+17
1.957968691843937920e+17
2.383633209920164480e+17
2.241377084449966720e+17
1.593950894808050240e+17
7.168138598592018400e+16
-5.505398359517192000e+15
-4.175895238997667200e+16
-2.719668198565812800e+16
2.068044758808056400e+16
6.227339195817748000e+16
6.026603793122984800e+16
2.979148989255040000e+15
-8.931213076260419200e+16
-1.807781199410917120e+17
-2.412270056859109120e+17
-2.602830264077123200e+17
-2.461098407259137920e+17
-2.240501722507915840e+17
-2.284482961592855040e+17
-2.925866573669524480e+17
-4.267862969142371840e+17
-6.007293946842961920e+17
-7.510304344889987840e+17
-8.084163507333969920e+17
-7.318892867618039040e+17
-5.276416025840709120e+17
-2.413474049930568320e+17
5.426322298524353600e+16
2.759832311499568000e+17
3.526874078276526720e+17
2.481717802081223360e+17
-1.836100851103991200e+16
-3.733758717337610240e+17
-7.105840884102283520e+17
-9.229944437787505920e+17
-9.361742895024808960e+17
-7.331600322237601280e+17
-3.665786125559603840e+17
5.502715112667894400e+16
4.139438908275088640e+17
6.387300650211095040e+17
7.248871219514508800e+17
7.131395948407178240e+17
6.480583594340487680e+17
5.485730079165501440e+17
4.163762643165753600e+17
2.640105642415857280e+17
1.346140900879219840e+17
8.672137560002675200e+16
1.511513924335463040e+17
3.091648958305580800e+17
5.097667469953326080e+17
7.134033489744198400e+17
9.090223971556213760e+17
1.106744512318000896e+18
1.306655849415884032e+18
1.479262227828955392e+18
1.567037652814920192e+18
1.508127242516732160e+18
1.269523842593658624e+18
8.680789068801708800e+17
3.659427228448307200e+17
-1.538687035220966080e+17
-6.190347083388953600e+17
-9.815227700787847680e+17
-1.212230950112478208e+18
-1.294452128531354624e+18
-1.226349048599763968e+18
-1.031690857955101696e+18
-7.598917501491635200e+17
-4.761500868817026560e+17
-2.437920671280375040e+17
-1.046360456199467360e+17
-7.097767257907352800e+16
-1.231552267435522720e+17
-2.185787146603273920e+17
-3.110768808448718720e+17
-3.676260973086528640e+17
-3.749165193110126080e+17
-3.389539827814816000e+17
-2.713917426146483200e+17
-1.788306539746327040e+17
-6.218257703450671200e+16
7.043941638439332800e+16
1.991454870847652480e+17
2.945715318834064640e+17
3.281343473599941120e+17
2.844584519118033600e+17
1.706015802745664320e+17
1.669686609224023200e+16
-1.278526949220511360e+17
-2.110441723528755840e+17
-1.974712609705793600e+17
-8.648866752736617600e+16
8.496306817376531200e+16
2.584938187742977280e+17
3.798072160922247680e+17
4.202462774946336640e+17
3.838142905118965120e+17
3.046877324652461440e+17
2.324232775746485440e+17
2.046054869344294080e+17
2.226950975355116160e+17
2.594669383965183680e+17
2.891474375710832000e+17
3.124961193307965440e+17
3.593938044012348160e+17
4.597144783061178880e+17
6.145948744146035200e+17
7.971511810720734720e+17
9.751316466020925440e+17
1.127130897386153216e+18
1.230680136466291456e+18
1.249964242791699200e+18
1.140777655959255296e+18
8.758712036824892160e+17
4.690536955851616000e+17
-1.733794033373739200e+16
-4.850485183680760320e+17
-8.303151828530754560e+17
-9.842352886210822400e+17
-9.402640038406750720e+17
-7.439156365588597760e+17
-4.706271482022400000e+17
-1.930969579249082880e+17
3.436891807608969600e+16
1.815587177554421120e+17
2.360684905930191680e+17
2.068145923773983360e+17
1.298642730463655520e+17
6.597444726745913600e+16
7.990066403449539200e+16
2.158399527473753600e+17
4.740138693022561280e+17
8.045774961147399680e+17
1.122813264881801088e+18
1.339493099372351232e+18
1.400074852868648704e+18
1.303008419052544768e+18
1.090003998014782592e+18
8.201209883695773440e+17
5.499431914773509760e+17
3.319515081849128960e+17
2.102863178115175040e+17
2.118867650624952320e+17
3.256231720208184320e+17
4.971072629507545600e+17
6.412578148720637440e+17
6.825437549336583680e+17
5.929713088188167680e+17
3.934220519121366400e+17
1.225279047380928000e+17
-2.063061516653091840e+17
-5.968016116269504000e+17
-1.034355766180185600e+18
-1.455212814333064960e+18
-1.752515283574378496e+18
-1.823945207107752960e+18
-1.615490018195486464e+18
-1.149554487839010304e+18
-5.177767926267180800e+17
1.516327809174118400e+17
7.324466194950133760e+17
1.142749075187578368e+18
1.363329354205744128e+18
1.425911503680231680e+18
1.382963547092808960e+18
1.285639308526561536e+18
1.172623791990532864e+18
1.062956535739746176e+18
9.566823209775696640e+17
8.502750022081185280e+17
7.466682352529779200e+17
6.522535038207155200e+17
5.616982732677586560e+17
4.491097047311503360e+17
2.826278403493600960e+17
4.870598109188509600e+16
-2.385863000583470400e+17
-5.500193561620049280e+17
-8.513043919620794880e+17
-1.103049991243075968e+18
-1.265160544465884160e+18
-1.311825365051393024e+18
-1.246303952540582656e+18
-1.102112502053014400e+18
-9.209472752224408320e+17
-7.283938195411267840e+17
-5.330739448418349440e+17
-3.420549238738812800e+17
-1.747767956239411200e+17
-6.064712155886961600e+16
-1.888260409123160000e+16
-4.742139478341371200e+16
-1.232558724111675040e+17
-2.210057388197836480e+17
-3.238320534092942080e+17
-4.275823043025048320e+17
-5.328368135258609920e+17
-6.385893359218795520e+17
-7.524502672853966080e+17
-8.887284778398259200e+17
-1.056612733126638080e+18
-1.240555901637709056e+18
-1.391196989805189120e+18
-1.440554480007209728e+18
-1.334325697393036544e+18
-1.064207185586509824e+18
-6.757593043026010880e+17
-2.591159417029441280e+17
7.882334123475243200e+16
2.565436252713463680e+17
2.599708763957726720e+17
1.595105763666494400e+17
7.997385403957284800e+16
1.348019842841688960e+17
3.622024553663674240e+17
7.022502626069880320e+17
1.024574226170658304e+18
1.193706500799655168e+18
1.128713942785145216e+18
8.337200458359624960e+17
3.842275187986583040e+17
-1.063765920051959840e+17
-5.219673403485724800e+17
-7.732917637972116480e+17
-8.248153885104945920e+17
-6.989008848755255040e+17
-4.633023186024257280e+17
-2.047540828648559680e+17
1.518124662618848000e+15
1.116422122522928320e+17
1.141211636159327680e+17
2.279663595287457600e+16
-1.291549877991706400e+17
-2.939266574833525120e+17
-4.173124138065217280e+17
-4.583889763566443520e+17
-4.065350801045022080e+17
-2.862800772687193600e+17
-1.511389775898918080e+17
-5.945353578126320000e+16
-6.529474174657616800e+16
-2.052771762765240640e+17
-4.846009252054371200e+17
-8.653966656512823040e+17
-1.271679739875377152e+18
-1.611866395700331520e+18
-1.809557732649604352e+18
-1.825638503380264960e+18
-1.657888949119409664e+18
-1.331204688628253184e+18
-8.852983231636691200e+17
-3.715324278130952960e+17
1.473984585755737600e+17
6.019790082579531520e+17
9.292775679595453440e+17
1.086271073313744256e+18
1.068491300227423872e+18
9.169898563538286080e+17
7.033771711635841280e+17
5.041924646041233280e+17
3.758686246706319360e+17
3.358161746557436800e+17
3.589579231026214400e+17
3.869710498209403520e+17
3.605648778928208000e+17
2.504772912919138880e+17
7.048281033527105600e+16
-1.323186436949954880e+17
-2.975441266465267200e+17
-3.774754354959954560e+17
-3.588407283666220160e+17
-2.669855056387769920e+17
-1.554259056955874560e+17
-7.439680797177920000e+16
-4.995894821050200000e+16
-7.407450653634990400e+16
-1.160878024835289600e+17
-1.356156561920925120e+17
-1.089743682299287520e+17
-4.029413199976547200e+16
4.546030582198209600e+16
1.208196320179697920e+17
1.806814104775846400e+17
2.527590782658893440e+17
3.790742714659654400e+17
5.761097447268963840e+17
8.027824323006172160e+17
9.683844557441463040e+17
9.740395392521652480e+17
7.683831229515435520e+17
3.799449203951270400e+17
-8.722985592393827200e+16
-4.918768273215819520e+17
-7.172184829182375680e+17
-7.158793332586447360e+17
-5.044770347905950720e+17
-1.388194803259679040e+17
2.989577379775603200e+17
7.112382797625501440e+17
1.003041510781807232e+18
1.110447628354441856e+18
1.020160939759321088e+18
7.660129302903848960e+17
4.116744985975374080e+17
3.313441961938816000e+16
-2.951976322664293120e+17
-5.047694492210421760e+17
-5.369288026690181120e+17
-3.615639163213612800e+17
-5.487730528909312000e+15
4.360198689251335680e+17
8.254783121078602240e+17
1.030271572617381504e+18
9.733868167567361280e+17
6.633689033902304000e+17
1.948364495629709440e+17
-2.917077066469978240e+17
-6.700995825417282560e+17
-8.724949180107879680e+17
-9.043992474550361600e+17
-8.223995991489344000e+17
-6.959602968169745920e+17
-5.772261392535685120e+17
-4.934579058668494720e+17
-4.513085354613462400e+17
-4.425610121416948480e+17
-4.503767632143197440e+17
-4.549594315479316480e+17
-4.374267402140892160e+17
-3.786251134383621760e+17
-2.569602590518354240e+17
-5.518494122420230400e+16
2.262532818812305280e+17
5.622211372162215680e+17
8.993822705071500800e+17
1.161003266183036928e+18
1.270668108807288832e+18
1.190218246693796352e+18
9.478167061225712640e+17
6.332815803328186880e+17
3.624167725956810240e+17
2.287674505546365760e+17
2.620605798925633280e+17
4.159312134567635200e+17
5.882781493916389120e+17
6.787953657459436800e+17
6.380396100153854720e+17
4.843978597344043520e+17
2.761448167848512000e+17
6.987336282601771200e+16
-1.158149013840370560e+17
-2.896018088167188480e+17
-4.555631453572282240e+17
-5.926989548160131840e+17
-6.610856894896241920e+17
-6.270739168712716800e+17
-4.841181942960860160e+17
-2.640563256371665280e+17
-2.849476399826988800e+16
1.526592661433922560e+17
2.390005114568517120e+17
2.456292843587848320e+17
2.305548272943178560e+17
2.549632529024059840e+17
3.467357831578003840e+17
4.842774439666342400e+17
6.136648799558859520e+17
6.777963942159726080e+17
6.444397147286686720e+17
5.205518432361503360e+17
3.490020678385825280e+17
1.823384510993896960e+17
6.020143795222559200e+16
-5.057031324483064000e+15
-2.661089073890517200e+16
-2.963845279083433600e+16
-3.428787278318980400e+16
-4.894228544160692000e+16
-7.007555142136104000e+16
-8.690716919731635200e+16
-8.247650618233966400e+16
-4.254874647086084800e+16
3.832902159252808000e+16
1.436583806545925760e+17
2.359893810678887680e+17
2.707125210412897920e+17
2.245809631069172480e+17
1.125024188331474240e+17
-1.814535809703371200e+16
-1.202389310527493920e+17
-1.822219277160451200e+17
-2.342657086026723200e+17
-3.230846075009727360e+17
-4.726422441523497600e+17
-6.668374627106124800e+17
-8.677948916786036480e+17
-1.046845896750403712e+18
-1.187762877214048000e+18
-1.283817211311470848e+18
-1.336987162088302336e+18
-1.361973918719230976e+18
-1.366741709689946112e+18
-1.329460326847224832e+18
-1.200221988738772736e+18
-9.333306434413934080e+17
-5.323924476630785280e+17
-6.816652830790201600e+16
3.496635087697026560e+17
6.403124866885390080e+17
7.964257804470758400e+17
8.706692530770516480e+17
9.244026007237775360e+17
9.866188841334456320e+17
1.040583183422047360e+18
1.040068819391231104e+18
9.314293475077969920e+17
6.836430689729702400e+17
3.099598596365169280e+17
-1.275531644963017120e+17
-5.358781581216976640e+17
-8.266271053856934400e+17
-9.457986131394222080e+17
-8.912600102482397440e+17
-7.065975799075575040e+17
-4.543826452835554560e+17
-1.842190633692497280e+17
7.965307387140451200e+16
3.308480702134790400e+17
5.715074866046470400e+17
7.954124383141288960e+17
9.813720683744933120e+17
1.096676859614018176e+18
1.109763563375393152e+18
1.004081737646484480e+18
7.864493299979203840e+17
4.918559602786926080e+17
1.757991008964634560e+17
-9.843772828955212800e+16
-2.830697383705249920e+17
-3.628538029498044160e+17
-3.545667298902073600e+17
-2.941995407091180800e+17
-2.157753619931169920e+17
-1.385129694981532160e+17
-6.731966133330883200e+16
-7.139260407500208000e+15
3.165316651086622400e+16
4.566917564264965600e+16
4.436745870731924000e+16
3.842060377247410400e+16
2.511236403427080000e+16
-1.760918079522114400e+16
-1.185340971167740320e+17
-2.899770774388481920e+17
-5.148717987380426880e+17
-7.508917343420573440e+17
-9.496805074611348480e+17
-1.074997951794424448e+18
-1.110733233335563008e+18
-1.053923256455261312e+18
-9.092934082156983040e+17
-6.938609402261792000e+17
-4.402183223470659200e+17
-1.904547653639471360e+17
2.054942916628669200e+16
1.730892301892577920e+17
2.569893851649370880e+17
2.679508162766051840e+17
2.071677154939505280e+17
8.846897105160627200e+16
-6.616077740542742400e+16
-2.302642493462284800e+17
-3.746931578587176960e+17
-4.654154827782524160e+17
-4.657465932097479040e+17
-3.458708919549276160e+17
-1.111718200626648640e+17
1.863894930750260480e+17
4.661304201732253440e+17
6.531130430238900480e+17
7.142208495159285760e+17
6.663864499527018240e+17
5.672150947442655360e+17
4.848261414085557760e+17
4.706840987326375680e+17
5.392365908786517760e+17
6.635746035414398720e+17
7.878410553913450240e+17
8.556370463131708160e+17
8.399180798333504000e+17
7.622085632357958400e+17
6.785737921190993920e+17
6.421954407364622080e+17
6.590845557378551040e+17
6.804422587996094720e+17
6.334152270899461120e+17
4.753718275518229120e+17
2.092088788392812800e+17
-1.269845012777331200e+17
-4.870335309322478720e+17
-8.284998382951294720e+17
-1.115122865564383488e+18
-1.316199251366134272e+18
-1.414462427430264832e+18
-1.413983951929982464e+18
-1.343335540664900352e+18
-1.243247651527653888e+18
-1.156782858167222016e+18
-1.120676723308708352e+18
-1.154751683447281664e+18
-1.245040260191004416e+18
-1.341847705358143232e+18
-1.375556151219028736e+18
-1.286103431324258304e+18
-1.047012911274779136e+18
-6.764383833206924800e+17
-2.314762055381392640e+17
2.115780643722989440e+17
5.849874475434112000e+17
8.527987372170812160e+17
1.015398753644174848e+18
1.101059111289190272e+18
1.151660646660756864e+18
1.206942525855558144e+18
1.290440776642512384e+18
1.401238551479228416e+18
1.514733114496676608e+18
1.593224807370274048e+18
1.593198214317636096e+18
1.471744836103628800e+18
1.196888541128259328e+18
7.662296684119756800e+17
2.276513870165064000e+17
-3.186006470949164800e+17
-7.459685587236323840e+17
-9.539653955146519040e+17
-9.128387859623002880e+17
-6.768975180178304000e+17
-3.560116164274645760e+17
-6.528143332378739200e+16
1.197221223236240480e+17
1.829219327508435200e+17
1.598341582052284480e+17
1.065910525061217600e+17
6.658331906127336000e+16
4.840942100162546400e+16
2.917215421486279200e+16
-2.609035926452272000e+16
-1.366875809130399840e+17
-2.931452954574791680e+17
-4.633973971931889920e+17
-6.060683187851938560e+17
-6.857208958362656000e+17
-6.805749646590467840e+17
-5.897905940521305600e+17
-4.301435788359504640e+17
-2.326441728357258880e+17
-2.837154418868716000e+16
1.560213735947819840e+17
2.968034394403671680e+17
3.745259262202190080e+17
3.835778044733509120e+17
3.392384748212839680e+17
2.723951725364193280e+17
2.165888463315281280e+17
1.940156897625694080e+17
2.097772371212873600e+17
2.513723267996179840e+17
2.963687012451425280e+17
3.270530775005069440e+17
3.469477412797092480e+17
3.724808159743854080e+17
4.138538836924029440e+17
4.630637438304569600e+17
5.027717105071480960e+17
5.252665041077040000e+17
5.313674520955946880e+17
5.193623177989897600e+17
4.816432443678590720e+17
4.061290680329544320e+17
2.753666241070288640e+17
7.436956639403187200e+16
-1.992164755154840320e+17
-5.116928406730090240e+17
-7.951683537030581760e+17
-9.724276423581575680e+17
-9.904790867770067200e+17
-8.422091823065536000e+17
-5.636173705960044160e+17
-2.203159747154332800e+17
1.074416370578504000e+17
3.415487326131681920e+17
4.303938681379778560e+17
3.666798122469820160e+17
1.901926585819615680e+17
-2.159681721802193600e+16
-1.901479597716408320e+17
-2.719310284620167680e+17
-2.731534827909779200e+17
-2.234140535982119040e+17
-1.475453447637625600e+17
-5.460360111117969600e+16
5.021897125442705600e+16
1.621165242932552320e+17
2.864569232559081280e+17
4.434644572452068480e+17
6.537226964187421440e+17
9.219363512739751680e+17
1.226987265980831744e+18
1.522117943985992192e+18
1.747083467502014208e+18
1.847877250757202944e+18
1.786026175529420800e+18
1.542399965915914240e+18
1.128761829669193600e+18
5.903204278958796800e+17
8.287656944186896000e+15
-5.194646109281051520e+17
-9.066877859526108160e+17
-1.103472102118194560e+18
-1.102132080033714816e+18
-9.322173597028048640e+17
-6.508038023359386880e+17
-3.334214904716526080e+17
-5.570109928689756800e+16
1.249771239443728320e+17
1.816382515019929600e+17
1.158529807711881120e+17
-4.122016441270728800e+16
-2.337971280053280640e+17
-3.928909486347493120e+17
-4.573238602952857600e+17
-3.982437105765711360e+17
-2.296539771792440640e+17
-5.823459143079920000e+15
1.925155682942199040e+17
2.838621668118072320e+17
2.228264933537380480e+17
2.768653174580796400e+16
-2.275133528328563200e+17
-4.575348747076919040e+17
-6.121856521489690880e+17
-6.893909527187544320e+17
-7.127933145689625600e+17
-7.016728043909972480e+17
-6.580717002555156480e+17
-5.741355277863148800e+17
-4.457496151069570560e+17
-2.821344079452695360e+17
-1.061384782374525600e+17
5.006555444345922400e+16
1.583791854031424640e+17
2.014898845486495360e+17
1.757273549220391360e+17
9.055127999633179200e+16
-2.634108619236176800e+16
-1.331398833412179680e+17
-1.855394222453809600e+17
-1.552058699532250240e+17
-4.465422276416291200e+16
1.147905664797283520e+17
2.757482655008310080e+17
3.895011555041127680e+17
4.151145015232395520e+17
3.318919686838554240e+17
1.465504715173634560e+17
-9.806005765515579200e+16
-3.306670069212160000e+17
-4.685298850853649920e+17
-4.469744405421959680e+17
-2.522670007407676480e+17
7.158813497107821600e+16
4.363868661476014080e+17
7.475199176809177600e+17
9.418876242322401280e+17
1.003721270355767040e+18
9.489278927989171200e+17
8.018417512846561280e+17
5.947045769985747200e+17
3.706445999299339520e+17
1.830570428702799360e+17
7.732866457888806400e+16
6.334652111488030400e+16
1.057305698786963840e+17
1.406400196051585600e+17
1.098253475109469440e+17
-1.417768425663708000e+16
-2.241145230498990720e+17
-4.924281610314229760e+17
-7.874107000447054080e+17
-1.077859266599013376e+18
-1.332198216748568576e+18
-1.515192878970698496e+18
-1.594787573126210304e+18
-1.551216546821977088e+18
-1.385358059223002880e+18
-1.124455174344332288e+18
-8.127060387079827200e+17
-4.987258351337525760e+17
-2.208467013293107200e+17
4.092114725884880000e+14
1.677718326059754240e+17
3.032685163106631680e+17
4.377026513785404160e+17
5.838439272378236160e+17
7.212790937444983040e+17
8.048822383284469760e+17
7.928121602307772160e+17
6.783782899678506240e+17
5.002625815776495360e+17
3.212710104898949760e+17
1.994243608948937280e+17
1.646827550913322560e+17
2.040303490104433920e+17
2.664591158365934720e+17
2.779705072686638720e+17
1.782426661058444480e+17
-4.666843186596574400e+16
-3.552936009423381120e+17
-6.789915408219274240e+17
-9.529498219378750720e+17
-1.134096667443833984e+18
-1.196478552841085952e+18
-1.126635727675349376e+18
-9.208035554684344320e+17
-5.869468374241217280e+17
-1.576782003830196480e+17
3.148256048077738240e+17
7.617320847687690240e+17
1.113142132356692864e+18
1.323121489644252160e+18
1.386119688371360768e+18
1.327425138787341056e+18
1.185656410934393600e+18
9.932198393417013760e+17
7.701916297036456960e+17
5.307269403143604480e+17
2.932651214127232640e+17
8.345758469647744000e+16
-6.727747630334128000e+16
-1.280208195263451200e+17
-7.984111343571555200e+16
6.792551406082529600e+16
2.641333839206544640e+17
4.238363522069073920e+17
4.635097676317950720e+17
3.454700536007943680e+17
1.008409954490988640e+17
-1.882007719114088960e+17
-4.354279142040232960e+17
-5.898557049006970880e+17
-6.482172391956851200e+17
-6.382654348827686400e+17
-5.933695553537415680e+17
-5.364248093234723840e+17
-4.761400590601623040e+17
-4.121489140698622720e+17
-3.443941916044272640e+17
-2.800992202456456640e+17
-2.353919601815811520e+17
-2.216690060188112000e+17
-2.301423310134354240e+17
-2.225485835330010880e+17
-1.516955721467772800e+17
8.190840782442864000e+15
2.384594767383702400e+17
4.836334434605738240e+17
6.719941671488212480e+17
7.558688794874105600e+17
7.395639076159636480e+17
6.787194183894874880e+17
6.446820696719587840e+17
6.799521781945084160e+17
7.754398827374136320e+17
8.923937091891907840e+17
9.963201835847852800e+17
1.070282344421266944e+18
1.112362760378191104e+18
1.122109581154081920e+18
1.099050795520049792e+18
1.047202462292041856e+18
9.743967417892686080e+17
8.956336934043774720e+17
8.247394770885843200e+17
7.652184085831093760e+17
7.073045275352944640e+17
6.275290729020437760e+17
5.010548919365029120e+17
3.143074770907052160e+17
7.313694857610582400e+16
-1.991664473765763200e+17
-4.720024144413817600e+17
-7.163636999262206720e+17
-9.059914958030558720e+17
-1.021112494163622144e+18
-1.054212289200237440e+18
-1.016199127652651264e+18
-9.297869510503694080e+17
-8.238317181576232960e+17
-7.245856620812788480e+17
-6.503261935741027840e+17
-6.113411010108600320e+17
-6.005798963308180480e+17
-5.934373209618586880e+17
-5.580916582395009920e+17
-4.768737721086554880e+17
-3.684898673036273920e+17
-2.871650361489070720e+17
4.055005244858302464e+19
3.120385767057968333e+19
3.802237199315894272e+19
3.080711206449709056e+19
2.257749078842959462e+19
1.576226655141311283e+19
1.682111636261201510e+19
1.407043169565645210e+19
1.324715085916012544e+19
7.494142737621450752e+18
4.289980985937756160e+18
-6.111077033352101888e+18
7.829971642037043200e+16
4.907821150731501568e+18
5.407988417457815552e+18
1.034729022283579392e+18
-9.381551778509619200e+16
1.145284187352203264e+18
1.007967042494739251e+19
1.224911708779184128e+19
9.034015529379037184e+18
7.436968958080581632e+18
1.734313199782802227e+19
7.475852850648580096e+18
9.933693623281385472e+18
7.522129295565651968e+18
9.657040162105851904e+18
1.830236029579375411e+19
1.666283241473258291e+19
9.609257098850336768e+18
1.060333081922738586e+19
1.394647359719787725e+19
7.718533347512680448e+18
1.078539778694263603e+19
1.130265402843489894e+19
1.368682652497661133e+19
1.078570783677297459e+19
1.281074305676659917e+19
8.256047821279461376e+18
7.670542773828714496e+18
9.045548318922375168e+18
1.493879097267322880e+19
1.425765120658636800e+19
6.435869047413276672e+18
1.621717572935011533e+19
1.422674554651672576e+19
1.701668317444230349e+19
1.769051295316757709e+19
1.781160787265244365e+19
2.184685059248331162e+19
9.994271974664175616e+18
1.294503534987208294e+19
6.944792929542078464e+18
5.915716117183070208e+18
4.167477680574300160e+18
8.535847812284284928e+18
1.760682970272969523e+19
2.502113449456802202e+19
2.581874764421424742e+19
2.200764131203402957e+19
2.057615772394664755e+19
1.323532930141231514e+19
1.543880023501019546e+19
1.775418589531865088e+19
1.388059014933669478e+19
1.082582902556642509e+19
7.966984991143886848e+18
6.845591057166499840e+18
1.005658854552240128e+19
1.169217305436802253e+19
7.176127677428924416e+18
2.860912833665695744e+18
1.042836798820476518e+19
2.755721222640631808e+18
-3.318659616040026112e+18
-2.054936014004944896e+18
2.339452240432988160e+17
7.413496081859739648e+18
1.787026998066728141e+19
1.868909079864488755e+19
1.607385097511003750e+19
2.011147615654012518e+19
1.706480764963939942e+19
1.735897594882057830e+19
2.149553502744792269e+19
1.637866238040971674e+19
1.255215411599769600e+19
1.380937611006181376e+19
5.057543991126392832e+18
1.255730083195676262e+19
6.292804540410363904e+18
1.037690103512485069e+19
1.539749058601759539e+19
1.294993995127272243e+19
1.737591557709627392e+19
1.393245538726654771e+19
1.613472267587551232e+19
1.065560259146494771e+19
1.184099111838679040e+19
5.332221862703267840e+18
3.051050436040589312e+18
1.051949353344486605e+19
4.551564595365412864e+18
3.116613549221216256e+18
-2.497045914472939520e+18
-5.226905286492553216e+18
3.477557120071630848e+18
4.656865147170586624e+18
8.472294667325538304e+18
3.391640855134601216e+18
7.311403106086944768e+18
1.194099269112430592e+19
1.682178028922627686e+19
1.730078496983194010e+19
2.047652382916162355e+19
1.573931608248313446e+19
1.278238473795194061e+19
1.264347434695471923e+19
1.957067789590488678e+19
1.716883617537327104e+19
1.599183068967049626e+19
1.639303987145683763e+19
8.513486617715933184e+18
1.504274784890912768e+19
1.142059407105431962e+19
1.209993164856859034e+19
7.233066195631472640e+18
1.337157577231407514e+19
1.186876151689851699e+19
1.631844512013746176e+19
2.142335748168430387e+19
2.223432899455182438e+19
2.523180877294967194e+19
2.349971693615919923e+19
2.386905339356040397e+19
1.633680350170945946e+19
1.215802483452097331e+19
1.037186491852469043e+19
1.119363991259735654e+19
4.462776953933398016e+18
-4.949139688997781504e+18
4.046321205953691648e+18
4.445441048067440640e+18
2.184232899979509760e+18
4.209465818871758848e+18
5.360692226454192128e+18
4.656806068286914560e+17
2.690277984371212288e+18
6.168761720748638208e+18
7.061380211861880832e+18
3.193229581507100672e+18
6.135091290327482368e+18
7.904580628111163392e+18
1.066337739698130125e+19
7.347480196590600192e+18
8.757451365728387072e+18
9.321572885967405056e+18
1.427611062457545523e+19
1.500826066653020160e+19
1.078282357567809126e+19
2.135455929678692352e+18
1.622386145717387264e+18
-4.050875715841687552e+18
2.733954171572060160e+18
4.633952230649626624e+18
5.022261817733283840e+18
8.157479860810285056e+18
1.026339780091392819e+19
1.016767771883811635e+19
1.391499101704971878e+19
1.344145799682352742e+19
1.572868712988409856e+19
2.057772445774905344e+19
2.847806543863218176e+19
1.715993739124224819e+19
1.374487662353501389e+19
1.519015914111814861e+19
7.789795181494009856e+18
7.118683541235302400e+18
7.838144624819437568e+18
1.140094046094491648e+19
1.461099382447643034e+19
1.806551695794844467e+19
1.463559353723676262e+19
1.773320303276772557e+19
1.456693312541111091e+19
2.430537874790154240e+17
1.077055793867469619e+19
8.027853525696380928e+18
7.510601159673905152e+18
7.376161564199485440e+18
8.643653221547507712e+18
8.236492578824912896e+18
5.471563739016724480e+18
1.717208487786499277e+19
1.137207326929426842e+19
1.220239839662283162e+19
4.870686504080375808e+18
7.743276095834685440e+18
1.699973006228455424e+18
-1.723063827710345216e+18
-2.227910440023752704e+18
1.515798987251122176e+18
5.678455778663464960e+17
3.466923285571174400e+18
6.078250563059843072e+18
5.890357465781895168e+18
6.937632278126264320e+18
8.623528401870782464e+18
1.077125093581756826e+19
9.791716728642732032e+18
6.220261323142332416e+18
3.484298220425707520e+17
5.025512706833121280e+18
8.593058392044470272e+18
1.338115718231831347e+19
2.079258483673897370e+19
2.525360244098754150e+19
2.254116305309741875e+19
2.312347314978134426e+19
2.232494815446669722e+19
2.016306764509400269e+19
2.190119979466725786e+19
1.993981761436411494e+19
1.216026510819013427e+19
1.157096276332904448e+19
3.392597406561337344e+18
2.082174137396101120e+18
-2.206321459570147328e+18
1.428856583349075968e+18
5.209325762951249920e+18
-5.574511501519093760e+17
8.455106936684150784e+18
9.244750170132840448e+18
1.566564364674347827e+19
1.495650159046950912e+19
6.621427484304867328e+18
5.350754425440829440e+18
1.450333683117457408e+18
1.195689446362893517e+19
9.103395240617705472e+18
1.097579648281214976e+19
1.122824254281639526e+19
1.109594316275607142e+19
1.273204015626190848e+19
1.167749299800585011e+19
1.643298693383716864e+19
1.567269664302563328e+19
1.752942576037946982e+19
1.536694157310322278e+19
1.403248858097935974e+19
6.548748815845818368e+18
1.253829800090612531e+19
6.229775690858758144e+18
6.191279664841883648e+18
8.761210010391805952e+18
9.037735119435071488e+18
7.117154845005447168e+18
7.122281828198645760e+18
5.719285586762661888e+18
9.945721583911829504e+18
7.251094889344008192e+18
7.712219216409001984e+18
1.128745474976435405e+19
1.512747294697875046e+19
2.036950371336296858e+19
1.962927154405153178e+19
1.891727488273770086e+19
1.834450549824343245e+19
1.713981255631608218e+19
1.319925607684898816e+19
1.378048433522632294e+19
1.011725092045140787e+19
2.887779282581454848e+18
-7.769599295451299840e+17
7.654696731593932800e+16
-6.895958818727919616e+18
-5.353244103918223360e+17
-5.792785436866772992e+18
-5.440117250474377216e+18
9.162955977442459648e+18
6.260714058724933632e+18
1.357186438157408666e+19
1.980609260839711539e+19
1.970875836617719808e+19
2.769501326267541094e+19
2.321575276125670605e+19
2.200587525932711936e+19
1.919971383321611469e+19
1.338029945465392333e+19
3.245673082307739648e+18
5.401940552776155136e+18
-9.714059073447526400e+17
-1.799262093820559360e+18
2.669270997076541440e+18
-1.645833950385405952e+18
6.248626535406764032e+18
5.911930439664140288e+18
3.730177470528225280e+18
9.787713003011964928e+18
3.070549504483655680e+18
1.146389856486686720e+17
4.721068279500636160e+17
2.060271650049359872e+18
8.686363145003859968e+18
1.130645569149075456e+19
1.870664648729454182e+19
2.466704122922716365e+19
2.348857524778067558e+19
1.918712083847839744e+19
2.414150192969705062e+19
2.389343693074071552e+19
2.431425953137059430e+19
2.587748174771152486e+19
2.489731293896926822e+19
2.370671712194160230e+19
2.383096790848530022e+19
2.142521307167090278e+19
2.041896272596356301e+19
1.586241386433635942e+19
1.264802132425860710e+19
8.104073726070358016e+18
5.114587331050864640e+18
-4.666454501459230720e+17
-2.408303787530780672e+18
1.320346410066903040e+17
1.043713331979878400e+18
1.924317031805485056e+18
6.868771422878040064e+18
1.133791196950088909e+19
1.574720190121037005e+19
1.634236979509513421e+19
1.596269673318029722e+19
2.173947202515658342e+19
2.179083734696224358e+19
2.196399453524669235e+19
1.915370094451700531e+19
2.088945104312703386e+19
1.415527113129197568e+19
1.468697868097080525e+19
4.251950524041003008e+18
8.034184223537496064e+18
-6.063514721745633280e+17
7.591613953193541632e+18
2.887926778066632704e+18
-2.009822400476086272e+18
7.465442230094790656e+18
1.322855224674615296e+18
1.162995725269729280e+17
1.438559155567722496e+18
1.192185312869089280e+18
6.377483138980904960e+18
4.723382357279637504e+18
4.268564294523682816e+18
1.122678290797035520e+19
7.544475118584463360e+18
1.682663395806517658e+19
1.450518950645543731e+19
1.307732614113027686e+19
4.292126962991759360e+18
1.383433452626588467e+19
1.700001932135261798e+19
2.002678367671182950e+19
2.065261676904159642e+19
2.556350680005397709e+19
1.972163816315263386e+19
1.951374133312880640e+19
1.928427837272463770e+19
2.069460791967141069e+19
1.767566178424717312e+19
1.352621988148936704e+19
1.357220944435530957e+19
7.945791908410818560e+18
3.555510610785468416e+18
5.163008011274289152e+18
7.058121614897971200e+18
1.047166998075460813e+19
1.319831068032473498e+19
1.367184708746818355e+19
1.796340676585272115e+19
1.910412863646728192e+19
1.707522852808425472e+19
1.827688138631072973e+19
1.877510391092949811e+19
1.831216299993202688e+19
9.366552281786351616e+18
1.388979422445646643e+19
1.684077616270252442e+19
1.471221253988679680e+19
7.896502256319594496e+18
2.730944146020761600e+18
4.965265388129484800e+18
-4.955173800984444928e+18
-3.130462508066799616e+18
-6.237471800846974976e+18
-5.976868875344543744e+18
-2.946782728860729344e+18
-2.548534567606681600e+17
2.545188602157989888e+18
3.990015950203125760e+18
8.889025954278539264e+18
1.077013983109998182e+19
1.769887099885977600e+19
2.151911246060427674e+19
2.289905043271948698e+19
2.128652219276119245e+19
2.129340651331282534e+19
1.902483725530379059e+19
1.736550645172797440e+19
8.043740959697010688e+18
9.643737452174639104e+18
7.094208293219860480e+18
5.362841414164021248e+18
1.249819946296488755e+19
1.221078119241639526e+19
8.531898824770191360e+18
7.938756810100441088e+18
5.790532696782405632e+18
5.965654429280501760e+18
1.029680033616101376e+19
8.176368850422464512e+18
9.003613106366054400e+18
1.803445114882752512e+19
1.657526928290506342e+19
1.905139981865713664e+19
1.735998000847441101e+19
2.227444590509765427e+19
2.031896446566924288e+19
2.161464462373447270e+19
1.761862702593579418e+19
8.659221178231029760e+18
1.307238016674273690e+19
1.083854716179316736e+19
6.784480590260338688e+18
5.029886075519107072e+18
-1.863865691543699456e+18
-7.537957171980402688e+18
3.155964145821155328e+18
1.320836072770371584e+18
1.788182470571589632e+18
7.440080542147543040e+18
1.109863301759211930e+19
7.586354208467582976e+18
8.004031374765850624e+18
1.079378844270251213e+19
9.838809463019012096e+18
1.112019205398672179e+19
1.082429995828746650e+19
1.637277301494670950e+19
1.064474603103348326e+19
1.084938043877071258e+19
1.290313329892602675e+19
1.506812670875638170e+19
1.453438708604941107e+19
1.406356465444611686e+19
1.294100961763419750e+19
1.009717661856589414e+19
8.435800007377944576e+18
4.889528973073055744e+18
5.987964354539028480e+17
4.572912724958248960e+17
-4.806536923348729856e+18
-2.362454160319709184e+18
5.999035568955064320e+18
7.384746776072290304e+18
4.094046911806308352e+18
8.635425633683374080e+18
7.685243848364130304e+18
7.787101826377056256e+18
1.199152766388273152e+19
1.160887040242352128e+19
8.476105420304285696e+18
1.978691867394441216e+19
1.686455118824944435e+19
1.443686165893873664e+19
7.980593785920815104e+18
1.197368647814951731e+19
8.872702339438346240e+18
6.475382198173171712e+18
5.001338273115668480e+18
-1.646567715684483072e+18
-2.554997518102429696e+18
-4.072559364974575616e+18
-1.600336330154311680e+18
-1.418922919425212416e+18
-1.401171452102705152e+18
-4.049771251445530624e+18
1.769999912733245440e+18
-7.448382172781608960e+17
8.094915386480263168e+18
1.459408959264784384e+19
1.400424165380875878e+19
1.540319250963916390e+19
9.100925552230924288e+18
1.069343829669393203e+19
1.235055701081771213e+19
1.483007131821644186e+19
1.809707040155631616e+19
2.463004220634379059e+19
1.766597725569784218e+19
1.903851549207665050e+19
1.664019713912471552e+19
2.033446264309284864e+19
1.583820169588139622e+19
1.070227700810619290e+19
8.120160504401362944e+18
1.006430095259415347e+19
7.501101293109248000e+18
8.751237389787070464e+18
5.359100396616810496e+18
4.739283159131095040e+18
-3.680264849603952640e+17
2.017981415513128960e+18
3.072797455318777856e+18
5.647441986462941184e+18
2.310732880885579776e+18
1.535303199420841984e+18
7.835087765388656640e+17
4.241565508781998080e+18
5.655879486411898880e+18
3.648376641308065792e+18
3.726052398045593600e+18
8.184197001026469888e+18
4.498803790585004032e+18
5.824815834509344768e+18
5.792888665667534848e+18
4.408348109164249088e+18
1.149863672119348429e+19
9.651101454118682624e+18
3.292412329997631488e+18
5.578093933600178176e+18
9.413698568311275520e+18
7.972065017761628160e+18
8.354383994409713664e+18
7.490172100016078848e+18
8.863681738837065728e+18
6.864166557317070848e+18
6.218796175849947136e+18
4.609057866265919488e+18
4.148305877740290048e+18
3.980420941858471936e+18
6.932969804840042496e+18
6.896300066496053248e+18
3.763033564703096832e+18
7.452890766952628224e+18
8.267444380248309760e+18
9.701949825070661632e+18
9.006427694602125312e+18
8.936290135293558784e+18
1.124102194003233997e+19
6.755688936313454592e+18
7.873775061591654400e+18
5.045760766318215168e+18
4.498639099292286976e+18
3.239780204708626432e+18
5.254020584941027328e+18
1.013021057664784794e+19
1.413736994684534784e+19
1.590136862680914330e+19
1.232675690883999334e+19
1.045158525285276058e+19
5.524244428983631872e+18
8.030822575787474944e+18
8.922657571479748608e+18
6.646843114306666496e+18
6.776738336217235456e+18
5.892519484337422336e+18
6.464906777317081088e+18
9.070588171011489792e+18
7.948621721668419584e+18
6.639021894739689472e+18
3.956158437393432576e+18
6.544440644180377600e+18
5.582375660552192000e+18
-4.375081734782320640e+17
1.841449326442708992e+18
1.394434345262907392e+18
6.202633642414440448e+18
1.025284066089789030e+19
9.570850810728808448e+18
1.022298171345836442e+19
1.227735111649538867e+19
8.124894780900507648e+18
8.874535483758084096e+18
1.074611631139953050e+19
9.999888869257904128e+18
6.412849563442348032e+18
8.496443062233333760e+18
5.048940509217685504e+18
9.031075934727307264e+18
5.593965554101649408e+18
8.971101759585910784e+18
9.591800454082199552e+18
7.855211874768388096e+18
1.093511312952419942e+19
9.102259733691105280e+18
1.107885151854211891e+19
7.894939608704614400e+18
7.260139853373767680e+18
7.795491832674123776e+18
7.192436406516449280e+18
7.335107672640847872e+18
5.673035211856674816e+18
1.845294635803475968e+18
1.939590002686033920e+18
-1.578701720622465024e+18
5.642649979097972736e+18
5.299140613592055808e+18
7.730385593879756800e+18
4.525467973585993728e+18
4.282317918609342464e+18
5.980714553359466496e+18
9.893340849763254272e+18
9.029151841935425536e+18
1.171550556557148160e+19
7.054335123184943104e+18
7.248262614902374400e+18
8.191733180189900800e+18
1.225898633963818189e+19
1.083360855599978906e+19
9.544883681059930112e+18
1.025207775734110618e+19
5.416869987392421888e+18
8.318062357527920640e+18
5.189885081686114304e+18
6.877132857562628096e+18
3.725013817776668672e+18
7.921754897286955008e+18
6.900370764088737792e+18
1.176297082441433088e+19
1.502502950789762253e+19
1.414924703932501197e+19
1.575686782454857728e+19
1.651156191334839091e+19
1.485992147051085824e+19
1.132558926346819994e+19
9.635036326516490240e+18
7.695482011860860928e+18
8.111181771116118016e+18
4.149728700239183872e+18
-1.269222804046217216e+18
1.357993075825180672e+18
3.698101587999195136e+18
1.956374142307532800e+18
4.765081088198443008e+18
4.520426679453089792e+18
4.473707063918198784e+18
3.099022927224373248e+18
4.408081400503205888e+18
6.001434372136239104e+18
2.394769456136978432e+18
1.875505613486686208e+18
4.694563784356790272e+18
4.209827433945235456e+18
1.806580460663341056e+18
4.866085653911175168e+18
7.085506514592464896e+18
9.735533766314557440e+18
9.081879977917415424e+18
8.230467012640374784e+18
6.242377057326596096e+18
4.259602019016245248e+18
2.289184039300497408e+18
6.743048729932070912e+18
6.812317109079506944e+18
5.916863128779358208e+18
7.196068170027761664e+18
7.659211680840155136e+18
5.734729046202253312e+18
1.057426349169731174e+19
7.062756025446694912e+18
9.009246743228841984e+18
1.041000983903495782e+19
1.463758490516534067e+19
7.394008055056171008e+18
7.207644270054866944e+18
6.192629197085605888e+18
3.743317299394772992e+18
5.296862767435743232e+18
4.976118482467815424e+18
7.110954218235625472e+18
9.192200086905683968e+18
1.256664053210257818e+19
1.072477831386942669e+19
1.296875889080297062e+19
8.647618931051200512e+18
2.866167895132471296e+18
7.563039452560359424e+18
5.385776109927268352e+18
3.807716811856674816e+18
9.284155960417320960e+17
3.586579222501523456e+18
4.398766433169833984e+18
4.646090607930900480e+18
1.075554970307762586e+19
7.610586967264198656e+18
6.677474051289513984e+18
2.718666149704237056e+18
6.398227585637023744e+18
1.642387994037977088e+18
1.797393109542240256e+18
1.241665555820183552e+18
2.745628407898308608e+18
2.479280748352241664e+18
4.468267144408203264e+18
3.459407457875394560e+18
4.277678399608061952e+18
5.773932760188059648e+18
5.586726894839005184e+18
3.835445004352880640e+18
5.102957622886137856e+18
4.280360028675768320e+18
2.483488883891765248e+18
5.632483748340563968e+18
7.875791772822011904e+18
1.059471005374952243e+19
1.277930349989252301e+19
1.624249701425479680e+19
1.611066597740380160e+19
1.640788923724595200e+19
1.668790122575613133e+19
1.368460631888153805e+19
1.598645693829244518e+19
1.461777687194160333e+19
1.042393730897674240e+19
8.771519312163766272e+18
3.851611479224614912e+18
2.802960089395232768e+18
2.468526951556448256e+18
4.034957070590541824e+18
4.989137958905839616e+18
1.333144352477675520e+18
5.903943283112935424e+18
8.489113241002180608e+18
1.068843095729740186e+19
1.067464997935775744e+19
4.807741864746680320e+18
5.575006825876553728e+18
2.098275349690318848e+18
6.527975080637497344e+18
6.728740763263303680e+18
7.284830934572990464e+18
6.832491041237499904e+18
6.857117649072029696e+18
7.706932301636042752e+18
5.357559492626087936e+18
9.353479374780760064e+18
9.949223455398297600e+18
1.135000509598400512e+19
1.008086158574144717e+19
8.030271300159143936e+18
6.321687504059629568e+18
9.470839115697094656e+18
4.325785126236585984e+18
7.139584803896033280e+18
7.102993781246394368e+18
8.182375292090712064e+18
8.519637429123022848e+18
8.081263932888580096e+18
4.662737246850383872e+18
7.167439534517387264e+18
4.600684129254637568e+18
2.722163405409484800e+18
5.833886664392441856e+18
9.219240485279760384e+18
9.596138691059777536e+18
1.091808609102200832e+19
1.118388800589293158e+19
1.189767805258642227e+19
9.465805053785800704e+18
7.322176412469690368e+18
8.003977159594999808e+18
8.184489991347372032e+18
3.080812176517103616e+18
2.205617852700950528e+18
4.555327167466045440e+17
-1.093455565981483008e+18
2.701818445976043520e+18
7.859953082942095360e+17
-1.165703486384373760e+18
6.609935729885708288e+18
5.734719306887856128e+18
1.007791738837794816e+19
1.116189406612632371e+19
1.282083316881896243e+19
1.841592118431816090e+19
1.419700500215680205e+19
1.361988232485326029e+19
1.013420277854581555e+19
9.376573335367843840e+18
4.410201662606540800e+18
4.470061271433084928e+18
2.166510921130704896e+18
4.557127840683786240e+17
1.709331603332792320e+18
7.346662451896647680e+17
5.803997101528449024e+18
2.827577287291961344e+18
3.946635279221129216e+18
3.773201528161042432e+18
-2.183856773620826112e+18
9.632792458098114560e+17
1.212732635894251520e+18
9.464543754699407360e+17
6.115183891549519872e+18
8.357721330245697536e+18
1.074031193784267571e+19
1.461427976607367168e+19
1.386307255716020224e+19
1.181923667883117773e+19
1.589271492981214413e+19
1.520589597558020506e+19
1.444282073814872883e+19
1.718836445851942912e+19
1.509367274960165274e+19
1.522947879972162765e+19
1.641390485650433638e+19
1.356039745797986714e+19
1.291555178791777075e+19
1.066368938154341171e+19
7.834659049269362688e+18
5.786356208239640576e+18
4.298171821296975872e+18
8.052111774779965440e+17
2.413268982300672000e+17
1.213132930973433856e+18
1.946064700781363200e+17
2.261280671295078400e+18
5.914247047027884032e+18
5.804774855530250240e+18
8.459502535684653056e+18
9.998474185519202304e+18
9.099470882622930944e+18
1.102787301924143104e+19
1.053542964549753242e+19
1.370134303056330752e+19
1.127081876314390528e+19
1.145503191799955456e+19
7.148456220645392384e+18
9.161702043352563712e+18
4.168291570333777920e+18
7.525396284438478848e+18
2.986648630938566656e+18
6.894963494249037824e+18
5.033883135252627456e+18
2.602413752963825664e+18
6.081339705754910720e+18
2.991002247556497408e+18
5.198973350881263616e+18
4.269274447434743808e+18
3.109429142416785408e+18
4.811071070192795648e+18
4.013108746262675456e+18
2.280874975822872576e+18
8.213800454056837120e+18
4.068017942388801536e+18
7.825205400445124608e+18
7.024171631987654656e+18
5.352451679801311232e+18
2.669608544864567296e+18
4.254595639075143680e+18
8.799043172127735808e+18
1.090589483976150221e+19
1.379946423734239232e+19
1.501482744788549632e+19
1.368486166859559731e+19
1.329247321332488602e+19
1.168005400777824666e+19
1.078461977911833395e+19
1.075048440544624640e+19
9.701876342206758912e+18
9.490710898482872320e+18
6.140668597803941888e+18
3.483079038006722560e+18
3.010012220818980864e+18
1.546148739419209728e+18
2.527914254330232832e+18
4.629990962079203328e+18
4.232772057256951808e+18
8.489548362284007424e+18
1.157737924456035123e+19
1.148884484345298944e+19
1.086733206010042778e+19
1.307241513570271232e+19
1.073160671092696678e+19
9.320029718847684608e+18
1.055381615616511181e+19
1.225490389812536934e+19
1.197405067449833882e+19
5.826567775258148864e+18
2.800773511210074112e+18
3.112747862941761536e+18
-3.293700103604273152e+18
-3.122310050656288768e+18
-4.411829238349430784e+18
-5.995716826678427648e+18
-2.431031769722519552e+18
-8.058074183478804480e+17
-9.418876748877004800e+16
2.542153880842534912e+18
4.645182446424293376e+18
5.042307374409318400e+18
8.729525057950318592e+18
1.179501776549917491e+19
1.266649633797858918e+19
1.357888116723023872e+19
1.464019640684589875e+19
1.318810751435853005e+19
1.188466410957412762e+19
9.127553617778180096e+18
1.000064184982962176e+19
8.645775955178029056e+18
6.156270664320811008e+18
7.882036276088537088e+18
9.905574128641900544e+18
6.237931905526792192e+18
7.075762945682046976e+18
6.079656069565513728e+18
2.967286494844157952e+18
6.250822925528596480e+18
5.518150851220209664e+18
5.759782573735673856e+18
9.537621875505496064e+18
7.186540741986877440e+18
9.264751726009778176e+18
9.021062567425998848e+18
1.337080126107549696e+19
1.225852964790547251e+19
1.308689538479239987e+19
1.053363079589606195e+19
7.477997061799936000e+18
9.796858213202558976e+18
1.001345550151529267e+19
6.399254549848129536e+18
5.975136672218611712e+18
4.553521719955947520e+17
-3.192766619130527744e+18
2.985363577654476800e+18
1.716314691388571648e+18
2.550499390338891776e+18
3.425185782170648576e+18
5.753991919596208128e+18
2.842311282508431360e+18
3.758314297487261696e+18
5.039627413298872320e+18
4.986031087416246272e+18
6.998364241644224512e+18
4.785424244685144064e+18
7.168808826194362368e+18
5.154789579718393856e+18
7.492318956397527040e+18
8.036473709977927680e+18
9.883960294126911488e+18
1.060330268823178445e+19
8.864099436964347904e+18
8.865004555117527040e+18
8.544045695651282944e+18
5.413492732184231936e+18
3.519408798399725568e+18
4.342068636182118400e+17
2.257339072601128960e+18
-1.940539566318419968e+18
1.130173353869443072e+18
4.357431259715076096e+18
4.663682956043223040e+18
4.875930996236615680e+18
6.796176235098537984e+18
8.198886910635016192e+18
9.032122323682983936e+18
1.214999019078968934e+19
1.149395905499732378e+19
6.888659445035827200e+18
1.314421475682497331e+19
1.304629192628895744e+19
1.169887892159542067e+19
9.055902258899714048e+18
9.418721604717772800e+18
1.037123627166099046e+19
8.211312428995051520e+18
5.694642478200651776e+18
2.279058427172880384e+18
1.921979711896944640e+17
-2.242069056221872128e+18
6.685876567870013440e+17
1.452341882385334272e+18
-2.805959958466658304e+18
-4.795780222798528512e+18
2.191738416259661824e+18
4.400856171670405120e+17
4.943615209334374400e+18
1.025159556758713139e+19
1.028729478589500621e+19
1.025440183923979059e+19
6.870697088913506304e+18
8.880952035156951040e+18
9.348540187023507456e+18
1.062313581706687283e+19
1.388456320671993037e+19
1.726969438806212608e+19
1.641042382468572774e+19
