1.000000000000000021e-02
2.000000000000000042e-02
2.999999999999999889e-02
4.000000000000000083e-02
5.000000000000000278e-02
5.999999999999999778e-02
7.000000000000000666e-02
8.000000000000000167e-02
9.000000000000001055e-02
1.000000000000000056e-01
1.099999999999999867e-01
1.199999999999999956e-01
1.300000000000000044e-01
1.400000000000000133e-01
1.499999999999999944e-01
1.600000000000000033e-01
1.700000000000000122e-01
1.800000000000000211e-01
1.900000000000000022e-01
2.000000000000000111e-01
2.100000000000000200e-01
2.199999999999999734e-01
2.299999999999999822e-01
2.399999999999999911e-01
2.500000000000000000e-01
2.600000000000000089e-01
2.700000000000000178e-01
2.800000000000000266e-01
2.900000000000000355e-01
2.999999999999999889e-01
3.099999999999999978e-01
3.200000000000000067e-01
3.300000000000000155e-01
3.400000000000000244e-01
3.500000000000000333e-01
3.600000000000000422e-01
3.699999999999999956e-01
3.800000000000000044e-01
3.900000000000000133e-01
4.000000000000000222e-01
4.100000000000000311e-01
4.200000000000000400e-01
4.300000000000000488e-01
4.399999999999999467e-01
4.499999999999999556e-01
4.599999999999999645e-01
4.699999999999999734e-01
4.799999999999999822e-01
4.899999999999999911e-01
5.000000000000000000e-01
5.100000000000000089e-01
5.200000000000000178e-01
5.300000000000000266e-01
5.400000000000000355e-01
5.500000000000000444e-01
5.600000000000000533e-01
5.700000000000000622e-01
5.800000000000000711e-01
5.900000000000000799e-01
5.999999999999999778e-01
6.099999999999999867e-01
6.199999999999999956e-01
6.300000000000000044e-01
6.400000000000000133e-01
6.500000000000000222e-01
6.600000000000000311e-01
6.700000000000000400e-01
6.800000000000000488e-01
6.900000000000000577e-01
7.000000000000000666e-01
7.100000000000000755e-01
7.200000000000000844e-01
7.299999999999999822e-01
7.399999999999999911e-01
7.500000000000000000e-01
7.600000000000000089e-01
7.700000000000000178e-01
7.800000000000000266e-01
7.900000000000000355e-01
8.000000000000000444e-01
8.100000000000000533e-01
8.200000000000000622e-01
8.300000000000000711e-01
8.400000000000000799e-01
8.500000000000000888e-01
8.600000000000000977e-01
8.700000000000001066e-01
8.799999999999998934e-01
8.899999999999999023e-01
8.999999999999999112e-01
9.099999999999999201e-01
9.199999999999999289e-01
9.299999999999999378e-01
9.399999999999999467e-01
9.499999999999999556e-01
9.599999999999999645e-01
9.699999999999999734e-01
9.799999999999999822e-01
9.899999999999999911e-01
1.000000000000000000e+00
1.010000000000000009e+00
1.020000000000000018e+00
1.030000000000000027e+00
1.040000000000000036e+00
1.050000000000000044e+00
1.060000000000000053e+00
1.070000000000000062e+00
1.080000000000000071e+00
1.090000000000000080e+00
1.100000000000000089e+00
1.110000000000000098e+00
1.120000000000000107e+00
1.130000000000000115e+00
1.140000000000000124e+00
1.150000000000000133e+00
1.160000000000000142e+00
1.170000000000000151e+00
1.180000000000000160e+00
1.190000000000000169e+00
1.199999999999999956e+00
1.209999999999999964e+00
1.219999999999999973e+00
1.229999999999999982e+00
1.239999999999999991e+00
1.250000000000000000e+00
1.260000000000000009e+00
1.270000000000000018e+00
1.280000000000000027e+00
1.290000000000000036e+00
1.300000000000000044e+00
1.310000000000000053e+00
1.320000000000000062e+00
1.330000000000000071e+00
1.340000000000000080e+00
1.350000000000000089e+00
1.360000000000000098e+00
1.370000000000000107e+00
1.380000000000000115e+00
1.390000000000000124e+00
1.400000000000000133e+00
1.410000000000000142e+00
1.420000000000000151e+00
1.430000000000000160e+00
1.440000000000000169e+00
1.449999999999999956e+00
1.459999999999999964e+00
1.469999999999999973e+00
1.479999999999999982e+00
1.489999999999999991e+00
1.500000000000000000e+00
1.510000000000000009e+00
1.520000000000000018e+00
1.530000000000000027e+00
1.540000000000000036e+00
1.550000000000000044e+00
1.560000000000000053e+00
1.570000000000000062e+00
1.580000000000000071e+00
1.590000000000000080e+00
1.600000000000000089e+00
1.610000000000000098e+00
1.620000000000000107e+00
1.630000000000000115e+00
1.640000000000000124e+00
1.650000000000000133e+00
1.660000000000000142e+00
1.670000000000000151e+00
1.680000000000000160e+00
1.690000000000000169e+00
1.700000000000000178e+00
1.710000000000000187e+00
1.720000000000000195e+00
1.730000000000000204e+00
1.740000000000000213e+00
1.750000000000000222e+00
1.759999999999999787e+00
1.770000000000000018e+00
1.779999999999999805e+00
1.790000000000000036e+00
1.799999999999999822e+00
1.810000000000000053e+00
1.819999999999999840e+00
1.830000000000000071e+00
1.839999999999999858e+00
1.850000000000000089e+00
1.859999999999999876e+00
1.870000000000000107e+00
1.879999999999999893e+00
1.890000000000000124e+00
1.899999999999999911e+00
1.910000000000000142e+00
1.919999999999999929e+00
1.930000000000000160e+00
1.939999999999999947e+00
1.950000000000000178e+00
1.959999999999999964e+00
1.970000000000000195e+00
1.979999999999999982e+00
1.990000000000000213e+00
2.000000000000000000e+00
2.010000000000000231e+00
2.020000000000000018e+00
2.030000000000000249e+00
2.040000000000000036e+00
2.050000000000000266e+00
2.060000000000000053e+00
2.070000000000000284e+00
2.080000000000000071e+00
2.089999999999999858e+00
2.100000000000000089e+00
2.109999999999999876e+00
2.120000000000000107e+00
2.129999999999999893e+00
2.140000000000000124e+00
2.149999999999999911e+00
2.160000000000000142e+00
2.169999999999999929e+00
2.180000000000000160e+00
2.189999999999999947e+00
2.200000000000000178e+00
2.209999999999999964e+00
2.220000000000000195e+00
2.229999999999999982e+00
2.240000000000000213e+00
2.250000000000000000e+00
2.260000000000000231e+00
2.270000000000000018e+00
2.280000000000000249e+00
2.290000000000000036e+00
2.300000000000000266e+00
2.310000000000000053e+00
2.320000000000000284e+00
2.330000000000000071e+00
2.340000000000000302e+00
2.350000000000000089e+00
2.360000000000000320e+00
2.370000000000000107e+00
2.380000000000000338e+00
2.390000000000000124e+00
2.399999999999999911e+00
2.410000000000000142e+00
2.419999999999999929e+00
2.429999999999999716e+00
2.439999999999999947e+00
2.450000000000000178e+00
2.459999999999999964e+00
2.469999999999999751e+00
2.479999999999999982e+00
2.490000000000000213e+00
2.500000000000000000e+00
2.509999999999999787e+00
2.520000000000000018e+00
2.530000000000000249e+00
2.540000000000000036e+00
2.549999999999999822e+00
2.560000000000000053e+00
2.570000000000000284e+00
2.580000000000000071e+00
2.589999999999999858e+00
2.600000000000000089e+00
2.610000000000000320e+00
2.620000000000000107e+00
2.629999999999999893e+00
2.640000000000000124e+00
2.650000000000000355e+00
2.660000000000000142e+00
2.669999999999999929e+00
2.680000000000000160e+00
2.690000000000000391e+00
2.700000000000000178e+00
2.709999999999999964e+00
2.720000000000000195e+00
2.730000000000000426e+00
2.740000000000000213e+00
2.750000000000000000e+00
2.760000000000000231e+00
2.770000000000000462e+00
2.780000000000000249e+00
2.790000000000000036e+00
2.800000000000000266e+00
2.810000000000000497e+00
2.820000000000000284e+00
2.830000000000000071e+00
2.840000000000000302e+00
2.850000000000000533e+00
2.860000000000000320e+00
2.870000000000000107e+00
2.880000000000000338e+00
2.889999999999999680e+00
2.899999999999999911e+00
2.909999999999999698e+00
2.919999999999999929e+00
2.929999999999999716e+00
2.939999999999999947e+00
2.949999999999999734e+00
2.959999999999999964e+00
2.969999999999999751e+00
2.979999999999999982e+00
2.989999999999999769e+00
3.000000000000000000e+00
3.009999999999999787e+00
3.020000000000000018e+00
3.029999999999999805e+00
3.040000000000000036e+00
3.049999999999999822e+00
3.060000000000000053e+00
3.069999999999999840e+00
3.080000000000000071e+00
3.089999999999999858e+00
3.100000000000000089e+00
3.109999999999999876e+00
3.120000000000000107e+00
3.129999999999999893e+00
3.140000000000000124e+00
3.149999999999999911e+00
3.160000000000000142e+00
3.169999999999999929e+00
3.180000000000000160e+00
3.189999999999999947e+00
3.200000000000000178e+00
3.209999999999999964e+00
3.220000000000000195e+00
3.229999999999999982e+00
3.240000000000000213e+00
3.250000000000000000e+00
3.260000000000000231e+00
3.270000000000000018e+00
3.280000000000000249e+00
3.290000000000000036e+00
3.300000000000000266e+00
3.310000000000000053e+00
3.320000000000000284e+00
3.330000000000000071e+00
3.340000000000000302e+00
3.350000000000000089e+00
3.360000000000000320e+00
3.370000000000000107e+00
3.380000000000000338e+00
3.390000000000000124e+00
3.400000000000000355e+00
3.410000000000000142e+00
3.420000000000000373e+00
3.430000000000000160e+00
3.440000000000000391e+00
3.450000000000000178e+00
3.460000000000000409e+00
3.470000000000000195e+00
3.480000000000000426e+00
3.490000000000000213e+00
3.500000000000000444e+00
3.510000000000000231e+00
3.519999999999999574e+00
3.529999999999999805e+00
3.540000000000000036e+00
3.549999999999999822e+00
3.559999999999999609e+00
3.569999999999999840e+00
3.580000000000000071e+00
3.589999999999999858e+00
3.599999999999999645e+00
3.609999999999999876e+00
3.620000000000000107e+00
3.629999999999999893e+00
3.639999999999999680e+00
3.649999999999999911e+00
3.660000000000000142e+00
3.669999999999999929e+00
3.679999999999999716e+00
3.689999999999999947e+00
3.700000000000000178e+00
3.709999999999999964e+00
3.719999999999999751e+00
3.729999999999999982e+00
3.740000000000000213e+00
3.750000000000000000e+00
3.759999999999999787e+00
3.770000000000000018e+00
3.780000000000000249e+00
3.790000000000000036e+00
3.799999999999999822e+00
3.810000000000000053e+00
3.820000000000000284e+00
3.830000000000000071e+00
3.839999999999999858e+00
3.850000000000000089e+00
3.860000000000000320e+00
3.870000000000000107e+00
3.879999999999999893e+00
3.890000000000000124e+00
3.900000000000000355e+00
3.910000000000000142e+00
3.919999999999999929e+00
3.930000000000000160e+00
3.940000000000000391e+00
3.950000000000000178e+00
3.959999999999999964e+00
3.970000000000000195e+00
3.980000000000000426e+00
3.990000000000000213e+00
4.000000000000000000e+00
4.009999999999999787e+00
4.020000000000000462e+00
4.030000000000000249e+00
4.040000000000000036e+00
4.050000000000000711e+00
4.060000000000000497e+00
4.070000000000000284e+00
4.080000000000000071e+00
4.089999999999999858e+00
4.100000000000000533e+00
4.110000000000000320e+00
4.120000000000000107e+00
4.130000000000000782e+00
4.140000000000000568e+00
4.150000000000000355e+00
4.160000000000000142e+00
4.169999999999999929e+00
4.179999999999999716e+00
4.189999999999999503e+00
4.200000000000000178e+00
4.209999999999999964e+00
4.219999999999999751e+00
4.229999999999999538e+00
4.240000000000000213e+00
4.250000000000000000e+00
4.259999999999999787e+00
4.269999999999999574e+00
4.280000000000000249e+00
4.290000000000000036e+00
4.299999999999999822e+00
4.309999999999999609e+00
4.320000000000000284e+00
4.330000000000000071e+00
4.339999999999999858e+00
4.349999999999999645e+00
4.360000000000000320e+00
4.370000000000000107e+00
4.379999999999999893e+00
4.389999999999999680e+00
4.400000000000000355e+00
4.410000000000000142e+00
4.419999999999999929e+00
4.429999999999999716e+00
4.440000000000000391e+00
4.450000000000000178e+00
4.459999999999999964e+00
4.469999999999999751e+00
4.480000000000000426e+00
4.490000000000000213e+00
4.500000000000000000e+00
4.509999999999999787e+00
4.520000000000000462e+00
4.530000000000000249e+00
4.540000000000000036e+00
4.549999999999999822e+00
4.560000000000000497e+00
4.570000000000000284e+00
4.580000000000000071e+00
4.589999999999999858e+00
4.600000000000000533e+00
4.610000000000000320e+00
4.620000000000000107e+00
4.629999999999999893e+00
4.640000000000000568e+00
4.650000000000000355e+00
4.660000000000000142e+00
4.669999999999999929e+00
4.680000000000000604e+00
4.690000000000000391e+00
4.700000000000000178e+00
4.709999999999999964e+00
4.720000000000000639e+00
4.730000000000000426e+00
4.740000000000000213e+00
4.750000000000000000e+00
4.760000000000000675e+00
4.770000000000000462e+00
4.780000000000000249e+00
4.790000000000000036e+00
4.799999999999999822e+00
4.809999999999999609e+00
4.820000000000000284e+00
4.830000000000000071e+00
4.839999999999999858e+00
4.849999999999999645e+00
4.859999999999999432e+00
4.870000000000000107e+00
4.879999999999999893e+00
4.889999999999999680e+00
4.900000000000000355e+00
4.910000000000000142e+00
4.919999999999999929e+00
4.929999999999999716e+00
4.939999999999999503e+00
4.950000000000000178e+00
4.959999999999999964e+00
4.969999999999999751e+00
4.980000000000000426e+00
4.990000000000000213e+00
5.000000000000000000e+00
5.009999999999999787e+00
5.019999999999999574e+00
5.030000000000000249e+00
5.040000000000000036e+00
5.049999999999999822e+00
5.060000000000000497e+00
5.070000000000000284e+00
5.080000000000000071e+00
5.089999999999999858e+00
5.099999999999999645e+00
5.110000000000000320e+00
5.120000000000000107e+00
5.129999999999999893e+00
5.140000000000000568e+00
5.150000000000000355e+00
5.160000000000000142e+00
5.169999999999999929e+00
5.179999999999999716e+00
5.190000000000000391e+00
5.200000000000000178e+00
5.209999999999999964e+00
5.220000000000000639e+00
5.230000000000000426e+00
5.240000000000000213e+00
5.250000000000000000e+00
5.259999999999999787e+00
5.270000000000000462e+00
5.280000000000000249e+00
5.290000000000000036e+00
5.300000000000000711e+00
5.310000000000000497e+00
5.320000000000000284e+00
5.330000000000000071e+00
5.339999999999999858e+00
5.350000000000000533e+00
5.360000000000000320e+00
5.370000000000000107e+00
5.380000000000000782e+00
5.390000000000000568e+00
5.400000000000000355e+00
5.410000000000000142e+00
5.419999999999999929e+00
5.430000000000000604e+00
5.440000000000000391e+00
5.450000000000000178e+00
5.460000000000000853e+00
5.470000000000000639e+00
5.480000000000000426e+00
5.490000000000000213e+00
5.500000000000000000e+00
5.510000000000000675e+00
5.520000000000000462e+00
5.530000000000000249e+00
5.540000000000000924e+00
5.550000000000000711e+00
5.560000000000000497e+00
5.570000000000000284e+00
5.580000000000000071e+00
5.590000000000000746e+00
5.600000000000000533e+00
5.610000000000000320e+00
5.620000000000000995e+00
5.630000000000000782e+00
5.640000000000000568e+00
5.650000000000000355e+00
5.660000000000000142e+00
5.670000000000000817e+00
5.680000000000000604e+00
5.690000000000000391e+00
5.700000000000001066e+00
5.710000000000000853e+00
5.720000000000000639e+00
5.730000000000000426e+00
5.740000000000000213e+00
5.750000000000000888e+00
5.760000000000000675e+00
5.769999999999999574e+00
5.779999999999999361e+00
5.789999999999999147e+00
5.799999999999999822e+00
5.809999999999999609e+00
5.819999999999999396e+00
5.830000000000000071e+00
5.839999999999999858e+00
5.849999999999999645e+00
5.859999999999999432e+00
5.869999999999999218e+00
5.879999999999999893e+00
5.889999999999999680e+00
5.899999999999999467e+00
5.910000000000000142e+00
5.919999999999999929e+00
5.929999999999999716e+00
5.939999999999999503e+00
5.949999999999999289e+00
5.959999999999999964e+00
5.969999999999999751e+00
5.979999999999999538e+00
5.990000000000000213e+00
6.000000000000000000e+00
6.009999999999999787e+00
6.019999999999999574e+00
6.029999999999999361e+00
6.040000000000000036e+00
6.049999999999999822e+00
6.059999999999999609e+00
6.070000000000000284e+00
6.080000000000000071e+00
6.089999999999999858e+00
6.099999999999999645e+00
6.109999999999999432e+00
6.120000000000000107e+00
6.129999999999999893e+00
6.139999999999999680e+00
6.150000000000000355e+00
6.160000000000000142e+00
6.169999999999999929e+00
6.179999999999999716e+00
6.189999999999999503e+00
6.200000000000000178e+00
6.209999999999999964e+00
6.219999999999999751e+00
6.230000000000000426e+00
6.240000000000000213e+00
6.250000000000000000e+00
6.259999999999999787e+00
6.269999999999999574e+00
6.280000000000000249e+00
6.290000000000000036e+00
6.299999999999999822e+00
6.310000000000000497e+00
6.320000000000000284e+00
6.330000000000000071e+00
6.339999999999999858e+00
6.349999999999999645e+00
6.360000000000000320e+00
6.370000000000000107e+00
6.379999999999999893e+00
6.390000000000000568e+00
6.400000000000000355e+00
6.410000000000000142e+00
6.419999999999999929e+00
6.429999999999999716e+00
6.440000000000000391e+00
6.450000000000000178e+00
6.459999999999999964e+00
6.470000000000000639e+00
6.480000000000000426e+00
6.490000000000000213e+00
6.500000000000000000e+00
6.509999999999999787e+00
6.520000000000000462e+00
6.530000000000000249e+00
6.540000000000000036e+00
6.550000000000000711e+00
6.560000000000000497e+00
6.570000000000000284e+00
6.580000000000000071e+00
6.589999999999999858e+00
6.600000000000000533e+00
6.610000000000000320e+00
6.620000000000000107e+00
6.630000000000000782e+00
6.640000000000000568e+00
6.650000000000000355e+00
6.660000000000000142e+00
6.669999999999999929e+00
6.680000000000000604e+00
6.690000000000000391e+00
6.700000000000000178e+00
6.710000000000000853e+00
6.720000000000000639e+00
6.730000000000000426e+00
6.740000000000000213e+00
6.750000000000000000e+00
6.760000000000000675e+00
6.770000000000000462e+00
6.780000000000000249e+00
6.790000000000000924e+00
6.800000000000000711e+00
6.810000000000000497e+00
6.820000000000000284e+00
6.830000000000000071e+00
6.840000000000000746e+00
6.850000000000000533e+00
6.860000000000000320e+00
6.870000000000000995e+00
6.880000000000000782e+00
6.890000000000000568e+00
6.900000000000000355e+00
6.910000000000000142e+00
6.920000000000000817e+00
6.930000000000000604e+00
6.940000000000000391e+00
6.950000000000001066e+00
6.960000000000000853e+00
6.970000000000000639e+00
6.980000000000000426e+00
6.990000000000000213e+00
7.000000000000000888e+00
7.010000000000000675e+00
7.020000000000000462e+00
7.030000000000001137e+00
7.039999999999999147e+00
7.049999999999999822e+00
7.059999999999999609e+00
7.069999999999999396e+00
7.080000000000000071e+00
7.089999999999999858e+00
7.099999999999999645e+00
7.109999999999999432e+00
7.119999999999999218e+00
7.129999999999999893e+00
7.139999999999999680e+00
7.149999999999999467e+00
7.160000000000000142e+00
7.169999999999999929e+00
7.179999999999999716e+00
7.189999999999999503e+00
7.199999999999999289e+00
7.209999999999999964e+00
7.219999999999999751e+00
7.229999999999999538e+00
7.240000000000000213e+00
7.250000000000000000e+00
7.259999999999999787e+00
7.269999999999999574e+00
7.279999999999999361e+00
7.290000000000000036e+00
7.299999999999999822e+00
7.309999999999999609e+00
7.320000000000000284e+00
7.330000000000000071e+00
7.339999999999999858e+00
7.349999999999999645e+00
7.359999999999999432e+00
7.370000000000000107e+00
7.379999999999999893e+00
7.389999999999999680e+00
7.400000000000000355e+00
7.410000000000000142e+00
7.419999999999999929e+00
7.429999999999999716e+00
7.439999999999999503e+00
7.450000000000000178e+00
7.459999999999999964e+00
7.469999999999999751e+00
7.480000000000000426e+00
7.490000000000000213e+00
7.500000000000000000e+00
7.509999999999999787e+00
7.519999999999999574e+00
7.530000000000000249e+00
7.540000000000000036e+00
7.549999999999999822e+00
7.560000000000000497e+00
7.570000000000000284e+00
7.580000000000000071e+00
7.589999999999999858e+00
7.599999999999999645e+00
7.610000000000000320e+00
7.620000000000000107e+00
7.629999999999999893e+00
7.640000000000000568e+00
7.650000000000000355e+00
7.660000000000000142e+00
7.669999999999999929e+00
7.679999999999999716e+00
7.690000000000000391e+00
7.700000000000000178e+00
7.709999999999999964e+00
7.720000000000000639e+00
7.730000000000000426e+00
7.740000000000000213e+00
7.750000000000000000e+00
7.759999999999999787e+00
7.770000000000000462e+00
7.780000000000000249e+00
7.790000000000000036e+00
7.800000000000000711e+00
7.810000000000000497e+00
7.820000000000000284e+00
7.830000000000000071e+00
7.839999999999999858e+00
7.850000000000000533e+00
7.860000000000000320e+00
7.870000000000000107e+00
7.880000000000000782e+00
7.890000000000000568e+00
7.900000000000000355e+00
7.910000000000000142e+00
7.919999999999999929e+00
7.930000000000000604e+00
7.940000000000000391e+00
7.950000000000000178e+00
7.960000000000000853e+00
7.970000000000000639e+00
7.980000000000000426e+00
7.990000000000000213e+00
8.000000000000000000e+00
8.009999999999999787e+00
8.019999999999999574e+00
8.030000000000001137e+00
8.040000000000000924e+00
8.050000000000000711e+00
8.060000000000000497e+00
8.070000000000000284e+00
8.080000000000000071e+00
8.089999999999999858e+00
8.100000000000001421e+00
8.110000000000001208e+00
8.120000000000000995e+00
8.130000000000000782e+00
8.140000000000000568e+00
8.150000000000000355e+00
8.160000000000000142e+00
8.169999999999999929e+00
8.179999999999999716e+00
8.190000000000001279e+00
8.200000000000001066e+00
8.210000000000000853e+00
8.220000000000000639e+00
8.230000000000000426e+00
8.240000000000000213e+00
8.250000000000000000e+00
8.260000000000001563e+00
8.270000000000001350e+00
8.280000000000001137e+00
8.290000000000000924e+00
8.300000000000000711e+00
8.310000000000000497e+00
8.320000000000000284e+00
8.330000000000000071e+00
8.339999999999999858e+00
8.349999999999999645e+00
8.359999999999999432e+00
8.369999999999999218e+00
8.379999999999999005e+00
8.390000000000000568e+00
8.400000000000000355e+00
8.410000000000000142e+00
8.419999999999999929e+00
8.429999999999999716e+00
8.439999999999999503e+00
8.449999999999999289e+00
8.459999999999999076e+00
8.469999999999998863e+00
8.480000000000000426e+00
8.490000000000000213e+00
8.500000000000000000e+00
8.509999999999999787e+00
8.519999999999999574e+00
8.529999999999999361e+00
8.539999999999999147e+00
8.550000000000000711e+00
8.560000000000000497e+00
8.570000000000000284e+00
8.580000000000000071e+00
8.589999999999999858e+00
8.599999999999999645e+00
8.609999999999999432e+00
8.619999999999999218e+00
8.629999999999999005e+00
8.640000000000000568e+00
8.650000000000000355e+00
8.660000000000000142e+00
8.669999999999999929e+00
8.679999999999999716e+00
8.689999999999999503e+00
8.699999999999999289e+00
8.710000000000000853e+00
8.720000000000000639e+00
8.730000000000000426e+00
8.740000000000000213e+00
8.750000000000000000e+00
8.759999999999999787e+00
8.769999999999999574e+00
8.779999999999999361e+00
8.789999999999999147e+00
8.800000000000000711e+00
8.810000000000000497e+00
8.820000000000000284e+00
8.830000000000000071e+00
8.839999999999999858e+00
8.849999999999999645e+00
8.859999999999999432e+00
8.870000000000000995e+00
8.880000000000000782e+00
8.890000000000000568e+00
8.900000000000000355e+00
8.910000000000000142e+00
8.919999999999999929e+00
8.929999999999999716e+00
8.939999999999999503e+00
8.949999999999999289e+00
8.960000000000000853e+00
8.970000000000000639e+00
8.980000000000000426e+00
8.990000000000000213e+00
9.000000000000000000e+00
9.009999999999999787e+00
9.019999999999999574e+00
9.030000000000001137e+00
9.040000000000000924e+00
9.050000000000000711e+00
9.060000000000000497e+00
9.070000000000000284e+00
9.080000000000000071e+00
9.089999999999999858e+00
9.099999999999999645e+00
9.109999999999999432e+00
9.120000000000000995e+00
9.130000000000000782e+00
9.140000000000000568e+00
9.150000000000000355e+00
9.160000000000000142e+00
9.169999999999999929e+00
9.179999999999999716e+00
9.190000000000001279e+00
9.200000000000001066e+00
9.210000000000000853e+00
9.220000000000000639e+00
9.230000000000000426e+00
9.240000000000000213e+00
9.250000000000000000e+00
9.259999999999999787e+00
9.269999999999999574e+00
9.280000000000001137e+00
9.290000000000000924e+00
9.300000000000000711e+00
9.310000000000000497e+00
9.320000000000000284e+00
9.330000000000000071e+00
9.339999999999999858e+00
9.350000000000001421e+00
9.360000000000001208e+00
9.370000000000000995e+00
9.380000000000000782e+00
9.390000000000000568e+00
9.400000000000000355e+00
9.410000000000000142e+00
9.419999999999999929e+00
9.429999999999999716e+00
9.440000000000001279e+00
9.450000000000001066e+00
9.460000000000000853e+00
9.470000000000000639e+00
9.480000000000000426e+00
9.490000000000000213e+00
9.500000000000000000e+00
9.510000000000001563e+00
9.520000000000001350e+00
9.530000000000001137e+00
9.540000000000000924e+00
9.550000000000000711e+00
9.560000000000000497e+00
9.570000000000000284e+00
9.580000000000000071e+00
9.589999999999999858e+00
9.599999999999999645e+00
9.609999999999999432e+00
9.619999999999999218e+00
9.629999999999999005e+00
9.640000000000000568e+00
9.650000000000000355e+00
9.660000000000000142e+00
9.669999999999999929e+00
9.679999999999999716e+00
9.689999999999999503e+00
9.699999999999999289e+00
9.709999999999999076e+00
9.719999999999998863e+00
9.730000000000000426e+00
9.740000000000000213e+00
9.750000000000000000e+00
9.759999999999999787e+00
9.769999999999999574e+00
9.779999999999999361e+00
9.789999999999999147e+00
9.800000000000000711e+00
9.810000000000000497e+00
9.820000000000000284e+00
9.830000000000000071e+00
9.839999999999999858e+00
9.849999999999999645e+00
9.859999999999999432e+00
9.869999999999999218e+00
9.879999999999999005e+00
9.890000000000000568e+00
9.900000000000000355e+00
9.910000000000000142e+00
9.919999999999999929e+00
9.929999999999999716e+00
9.939999999999999503e+00
9.949999999999999289e+00
9.960000000000000853e+00
9.970000000000000639e+00
9.980000000000000426e+00
9.990000000000000213e+00
0.000000000000000000e+00
1.413177546143815340e-08
7.438850993534360236e-09
5.406996138825199022e-09
4.582638679420572099e-09
4.297186173281331837e-09
4.356321782776634981e-09
4.717281681850638061e-09
5.421068802658850283e-09
6.592728973817034866e-09
8.483674449445169948e-09
1.157116539039995817e-08
1.674831800922694920e-08
2.555583482952748016e-08
3.967099329931032777e-08
5.648418034299385151e-08
6.328892514194227179e-08
5.457783598298520723e-08
4.170087435218245265e-08
3.168397046371643038e-08
2.495385730390942976e-08
2.046675510682127900e-08
1.734476488351188194e-08
1.504138748178458783e-08
1.326921402006865893e-08
1.191227808868324149e-08
1.094558845187037734e-08
1.038034814114736116e-08
1.024629125845740950e-08
1.060042750912048640e-08
1.154891547838002094e-08
1.327332268340182636e-08
1.605748245765701097e-08
2.031589170737453515e-08
2.663572389646370767e-08
3.588323569499737887e-08
4.940165054628142762e-08
6.881299224914995662e-08
9.291096145118929952e-08
1.088077994110245403e-07
9.866573488288963146e-08
7.282100932327193116e-08
5.062681543838379897e-08
3.628592292821249865e-08
2.760162441774403394e-08
2.231876047564341966e-08
1.902556925273234658e-08
1.688327420257769109e-08
1.535400315505373925e-08
1.406073351176344011e-08
1.276605073558100654e-08
1.140334095166848940e-08
1.005972131678809466e-08
8.877609240701463056e-09
7.960044601198990818e-09
7.347487320792649009e-09
7.039592077302314056e-09
7.018632445400298571e-09
7.257741328225153439e-09
7.714392286806578192e-09
8.316632269101458550e-09
8.958672780163162635e-09
9.525576890112780805e-09
9.943922363557899332e-09
1.021776547777276088e-08
1.041696036825730682e-08
1.063949712150911442e-08
1.098845174553067344e-08
1.157801003096409446e-08
1.255971879140578633e-08
1.416811154190095869e-08
1.680296420683131756e-08
2.117578011593005753e-08
2.851529253012696661e-08
4.037099489035145235e-08
5.531258728273182668e-08
6.114559864686112322e-08
4.952453102113293055e-08
3.417390549386583386e-08
2.356401032842260752e-08
1.719253169442509891e-08
1.334751949828188516e-08
1.091577207004495288e-08
9.280027975086610392e-09
8.105835449688278225e-09
7.217115882601271519e-09
6.526653075498954669e-09
5.992771479684781893e-09
5.591930979910182625e-09
5.304980951392287152e-09
5.114351930548360713e-09
5.007218244368026507e-09
4.980461383770891347e-09
5.043786055675642692e-09
5.219259594463303280e-09
5.538907831455850188e-09
6.044100263862065504e-09
6.788685114785436699e-09
7.844582436330648648e-09
9.309077986224030740e-09
1.131572784146457669e-08
1.405805246016875484e-08
1.784005331570073677e-08
2.313857560827471447e-08
3.051432020421769862e-08
3.969134769506704011e-08
4.688043185201894250e-08
4.524149266780401743e-08
3.570324043220824519e-08
2.586520532273262517e-08
1.897530899700587956e-08
1.468621103260509670e-08
1.210091215489246520e-08
1.059143419621938734e-08
9.801504825689731735e-09
9.549591464417820064e-09
9.761704228047945915e-09
1.043744148793161638e-08
1.163449628939796276e-08
1.345729981674036438e-08
1.602327738611322540e-08
1.935395157728356591e-08
2.314176382166577981e-08
2.651549987104334331e-08
2.830341822501024227e-08
2.796400535284315114e-08
2.605601753782271354e-08
2.358315443641191458e-08
2.127375158243714176e-08
1.945460689754004420e-08
1.820136385232748409e-08
1.745518764799897819e-08
1.705477936711173428e-08
1.674320829161193033e-08
1.623299275351808254e-08
1.536826026781764256e-08
1.424983487784178737e-08
1.315782124027737321e-08
1.237313382916330201e-08
1.209395773433552314e-08
1.247015563576126132e-08
1.368961927847021075e-08
1.609780067311327566e-08
2.042723874168362278e-08
2.846533631070789616e-08
4.583752751092769431e-08
1.033531320648037923e-07
-1.026299956521230271e-06
-1.000834159362688015e-07
-5.762219917563714410e-08
-4.308743940486387997e-08
-3.581889441186245563e-08
-3.126709015375962136e-08
-2.788909923182526550e-08
-2.513314822062670981e-08
-2.286494149966788647e-08
-2.108850167394528582e-08
-1.978821786428905774e-08
-1.887181904914903752e-08
-1.818448297121439032e-08
-1.756962579840964038e-08
-1.695264055258490970e-08
-1.637259189112993819e-08
-1.592791096250756907e-08
-1.568889651887238127e-08
-1.564544743902123208e-08
-1.572320779097033229e-08
-1.586099421281065569e-08
-1.610182239920285976e-08
-1.663484478865368916e-08
-1.779018576244429172e-08
-2.006799056164451024e-08
-2.430266929613731281e-08
-3.210632570128894197e-08
-4.702306423195904367e-08
-7.817855154893517365e-08
-1.592037027130580686e-07
-7.365273542888030585e-07
3.322836649222097797e-07
1.268048669976668446e-07
7.251998193049293073e-08
4.879969827225376326e-08
3.666406700450137276e-08
2.995953926775354039e-08
2.609094345398021560e-08
2.382726757000172084e-08
2.253633309405354026e-08
2.183135715759703116e-08
2.138084171367060769e-08
2.087026611714682682e-08
2.011904128636729055e-08
1.918642133220802830e-08
1.828356032839081453e-08
1.759688336399994291e-08
1.720751286960904304e-08
1.709915842857299945e-08
1.717640766890492454e-08
1.729036960524356739e-08
1.730121714067207889e-08
1.716413260807197248e-08
1.696555999028689441e-08
1.686485943836438269e-08
1.700262123315411873e-08
1.744852058770162654e-08
1.819403994674572191e-08
1.916728643937477735e-08
2.026168953980084900e-08
2.139593227458871222e-08
2.261431938220160351e-08
2.420118619898245130e-08
2.679737623050912007e-08
3.164645514351459260e-08
4.153380109609877238e-08
6.494059632392569066e-08
1.464746739383347325e-07
-5.495067252041196634e-06
-2.241504287527025370e-07
-1.817393705916793565e-07
-2.728800980623902537e-07
-6.018458673314870487e-06
3.147092964039794777e-07
2.243964722084656192e-07
4.392821658521102931e-07
-2.662666848607871243e-07
-7.784371459674617301e-08
-4.311785735848315017e-08
-3.078643159289712627e-08
-2.590557997523278536e-08
-2.479208169116212687e-08
-2.650712500391679006e-08
-3.137970271893434614e-08
-4.118716469465875057e-08
-6.143636026685562962e-08
-1.149142124637315405e-07
-4.894594935227396640e-07
3.005956819602667284e-07
1.405880862024033227e-07
1.071666109132695845e-07
9.467040467672812876e-08
8.412771338026907750e-08
6.921238871989746018e-08
5.261631472796596290e-08
3.874126556485651823e-08
2.870196067745702567e-08
2.171162962436955861e-08
1.680997848639319101e-08
1.333481056424959221e-08
1.087619819468849749e-08
9.169540113789449249e-09
8.031229632856224042e-09
7.330874563023621400e-09
6.979510784788271650e-09
6.922490645619576504e-09
7.134927877992412342e-09
7.619121669664392813e-09
8.400480158684356640e-09
9.515517458424500203e-09
1.098133373231882138e-08
1.273918343487966336e-08
1.459255850763701475e-08
1.622068127820162310e-08
1.734806339035101550e-08
1.795191239468386513e-08
1.827248035005075566e-08
1.864044523087608449e-08
1.932550537580977628e-08
2.049279625496368818e-08
2.221197742535733092e-08
2.445668426405941814e-08
2.708849957541533312e-08
2.983333359181689443e-08
3.224336489362021248e-08
3.370074974556225935e-08
3.364864534215742553e-08
3.203169557984006741e-08
2.944073875882840007e-08
2.671525021334837072e-08
2.448532427582507719e-08
2.305574836297251123e-08
2.251470374591362600e-08
2.283269048784940401e-08
2.386011672770161603e-08
2.522856047115914455e-08
2.627608357049828583e-08
2.628194646530632574e-08
2.502488836848785799e-08
2.298202450538675545e-08
2.084877658832712684e-08
1.906980490518648899e-08
1.777135427728975585e-08
1.687499586225321838e-08
1.620974812001776255e-08
1.560813911808882488e-08
1.498075809768177762e-08
1.432556952081611306e-08
1.366992167556871190e-08
1.300520758028566515e-08
1.227739702220726051e-08
1.143787075866140546e-08
1.049482968564076097e-08
9.510449396517342754e-09
8.558252951891065577e-09
7.694252456505910693e-09
6.955478774323729470e-09
6.366358140525897355e-09
5.941840459300253808e-09
5.688854012737770268e-09
5.608648959473377513e-09
5.697994243787420095e-09
5.945990732805319152e-09
6.325796860481105910e-09
6.785489585446110103e-09
7.246319343596512866e-09
7.619491942533026467e-09
7.840135169757682370e-09
7.894808084268203244e-09
7.820618260426569525e-09
7.681012988906284022e-09
7.538309367904734223e-09
7.433324585075614011e-09
7.373591604594099977e-09
7.329718233481395546e-09
7.242354441721426802e-09
7.046442807712665513e-09
6.710024774451334644e-09
6.259530668328596456e-09
5.765059369297374827e-09
5.299303733522992381e-09
4.908064880137014539e-09
4.606956525012097631e-09
4.391886232160666253e-09
4.249590294974633033e-09
4.162774230090957724e-09
4.111134049685558144e-09
4.071806870775196591e-09
4.022811305149962892e-09
3.950059412104916955e-09
3.853630187897790657e-09
3.747250407846780857e-09
3.650162759278322995e-09
3.578463866032183491e-09
3.542071110699453311e-09
3.547930023511256233e-09
3.605093528699476258e-09
3.727057610999300410e-09
3.929981980212321381e-09
4.226478952797874465e-09
4.614651186499418084e-09
5.061723614628156099e-09
5.489254362807877231e-09
5.783835283579229350e-09
5.852809324919144303e-09
5.688997651489354177e-09
5.370192278039315456e-09
4.996027614701242203e-09
4.636482863744701249e-09
4.323170933417284404e-09
4.062364281393293160e-09
3.848493512219498398e-09
3.672654761735831729e-09
3.527068252692273711e-09
3.406260968106134585e-09
3.306180930555273585e-09
3.223221896661836689e-09
3.154533987591575607e-09
3.099535103665451037e-09
3.060902424355307419e-09
3.043724368069495837e-09
3.053545081883012630e-09
3.095019573296516859e-09
3.171566751120494967e-09
3.284871740869368423e-09
3.433509956235794571e-09
3.611325806885115256e-09
3.807043672324406606e-09
4.006371356492911729e-09
4.195609383324968153e-09
4.363647833372649421e-09
4.501540266675394763e-09
4.602436368659008955e-09
4.664176186703108406e-09
4.692852005849419488e-09
4.702618969681902528e-09
4.710792825329627023e-09
4.731964960150161440e-09
4.775254209846062892e-09
4.845407406418315767e-09
4.945610974122078212e-09
5.079883749879527756e-09
5.253864418183148795e-09
5.476596376674718938e-09
5.764943147831239057e-09
6.148673067709791503e-09
6.673192231844872498e-09
7.396011585622859878e-09
8.371722052110639374e-09
9.614650022004755936e-09
1.103016553275843674e-08
1.234906072755824813e-08
1.319689880769483920e-08
1.337397647395028783e-08
1.304829866207391089e-08
1.257661208351841090e-08
1.221791569948409594e-08
1.202216179999304045e-08
1.185186436391677758e-08
1.147569838774469997e-08
1.074527214964426055e-08
9.739592104839495154e-09
8.694283516803635821e-09
7.816040163320597990e-09
7.201359205994566102e-09
6.866228101517790389e-09
6.794098199583387366e-09
6.959429986942892226e-09
7.326973168285818973e-09
7.837679751139863250e-09
8.395633964077577886e-09
8.877679976672774562e-09
9.180678736456488076e-09
9.277003175874912135e-09
9.223122459976012684e-09
9.117474896110188816e-09
9.054574126252087745e-09
9.103360079357498864e-09
9.302744135845382296e-09
9.658362031820528862e-09
1.013540105047609279e-08
1.065519819856516302e-08
1.111166752205609976e-08
1.142056763821690034e-08
1.157549337642485247e-08
1.166926490876478943e-08
1.187796454361391917e-08
1.244548244610293115e-08
1.372911498578201628e-08
1.640812983707589812e-08
2.227226219674053786e-08
3.867097838891602039e-08
1.776241706010777776e-07
-7.269849708002668999e-08
-3.290631940853443553e-08
-2.340615444774888260e-08
-2.011348824533479446e-08
-1.962125017593549733e-08
-2.136981401608673298e-08
-2.612755674598808892e-08
-3.695827368291990689e-08
-6.637192253957399186e-08
-2.488981557189357736e-07
2.000243411606866345e-07
8.532907248593424457e-08
6.018026543416036441e-08
4.859756673829070207e-08
4.091071270166477801e-08
3.497181155692540662e-08
3.053026499653595737e-08
2.765888979141428643e-08
2.635682575548456041e-08
2.659805875110316020e-08
2.840537319327499690e-08
3.179829750805248924e-08
3.656208780264405135e-08
4.189691339658475331e-08
4.647390694783198515e-08
4.941072329624989167e-08
5.116005243502252903e-08
5.303274896668348620e-08
5.618593534700376924e-08
6.098543985828453998e-08
6.650594494992441711e-08
7.039480859271613000e-08
7.025263278746282967e-08
6.596451897931227668e-08
5.939133550811921279e-08
5.194939029100523257e-08
4.392599712468912755e-08
3.561124544873445341e-08
2.796862859675327762e-08
2.192471705900412178e-08
1.772423623089965896e-08
1.512487682389458955e-08
1.379186427653640495e-08
1.348882725640737204e-08
1.410182892553820337e-08
1.558012100547658093e-08
1.779062504273752699e-08
2.023542707772714726e-08
2.181575520772392767e-08
2.139972300520743028e-08
1.910177133119629903e-08
1.615747060012940892e-08
1.357734077762573805e-08
1.169472442935435824e-08
1.047686159695010799e-08
9.803721215893711440e-09
9.571449882037759389e-09
9.706943784133139730e-09
1.014534831941930337e-08
1.077929495082118090e-08
1.139335372899066886e-08
1.166481639552448795e-08
1.134768147510201029e-08
1.051040897685148703e-08
9.481302084377345178e-09
8.574799432544580390e-09
7.953607988662700971e-09
7.662548292896552213e-09
7.694331116479364079e-09
8.024812718223610031e-09
8.618520657763896894e-09
9.421426055300688949e-09
1.035929472510212906e-08
1.135302859023626611e-08
1.234611614227059768e-08
1.332641493059333907e-08
1.433045542208201280e-08
1.543038353084710494e-08
1.671174979922127630e-08
1.824814899859670483e-08
2.006658750339469248e-08
2.207852650679786455e-08
2.394868818821809739e-08
2.498819345913789544e-08
2.440758578455931355e-08
2.204653062377605741e-08
1.869430938030946633e-08
1.539457446379789611e-08
1.274050310970838244e-08
1.084783430233414723e-08
9.607796095203257641e-09
8.858909024609472798e-09
8.444403382067557049e-09
8.216151845963330668e-09
8.035816332418461516e-09
7.799351596625255768e-09
7.473614728607916635e-09
7.099492699359617748e-09
6.748406813496331895e-09
6.475454299096254034e-09
6.302721274197621074e-09
6.227147757004742500e-09
6.237077300397681660e-09
6.326094076857308826e-09
6.496514615128352705e-09
6.752410061459504470e-09
7.086260792551391755e-09
7.465487049775036574e-09
7.826801264472358496e-09
8.090442250793861287e-09
8.198425875656508144e-09
8.152245377388331014e-09
8.009924670149157109e-09
7.840553796458540928e-09
7.680969150013288177e-09
7.524808951852953092e-09
7.339874895014003958e-09
7.098916475579658230e-09
6.803810992343958918e-09
6.486630663853615280e-09
6.191134486368815091e-09
5.952229015942066163e-09
5.785589794025872087e-09
5.688280345437227316e-09
5.644941527684598361e-09
5.635179902090211730e-09
5.640781605149364468e-09
5.650758995739677938e-09
5.662141050130903788e-09
5.677029036586941592e-09
5.698455167268261646e-09
5.726964491486358553e-09
5.758047621161326146e-09
5.781207966511063421e-09
5.781992901572021496e-09
5.748332891941706391e-09
5.679360445257558335e-09
5.589843538997185632e-09
5.505028035017191706e-09
5.448761762870572007e-09
5.433217049313006929e-09
5.456045438390496725e-09
5.506614545136676452e-09
5.577801977448632995e-09
5.675996418367558254e-09
5.822334281073822848e-09
6.045533040172970296e-09
6.374648782750221732e-09
6.839164098820512671e-09
7.474878591643407973e-09
8.331426466406788047e-09
9.483789510321991295e-09
1.105903906677468681e-08
1.329100114335629963e-08
1.660166625371203158e-08
2.166489726901050334e-08
2.916751618619481035e-08
3.827284322548889326e-08
4.388627656573940874e-08
4.106328481538537407e-08
3.348768645269807652e-08
2.641522532826086979e-08
2.121606740520239811e-08
1.750596268798846507e-08
1.475841770504890499e-08
1.265197933273681566e-08
1.103539212544005899e-08
9.843621935600222939e-09
9.043532604384725295e-09
8.612855695062124910e-09
8.538209410981494967e-09
8.816112479444694582e-09
9.447639706734192104e-09
1.041848340401716753e-08
1.166040634729968992e-08
1.300923561143452777e-08
1.420297453698321541e-08
1.495795378983210649e-08
1.508929012482807935e-08
1.458649889967378902e-08
1.359101530453963402e-08
1.231758816767665622e-08
1.098029152527339023e-08
9.743142191421848155e-09
8.702099079196671558e-09
7.894028390345533554e-09
7.318390258548212738e-09
6.956248437956961000e-09
6.780992028909952055e-09
6.761254257549583260e-09
6.859721146587554396e-09
7.033137532139359895e-09
7.236323798128039051e-09
7.430445712393904364e-09
7.590507599946756186e-09
7.705826459289648311e-09
7.774447361204609887e-09
7.799572618711601128e-09
7.791282786564362632e-09
7.765249868685007282e-09
7.735154675529152766e-09
7.707687483488387970e-09
7.686740624336801391e-09
7.684274334655048680e-09
7.729272116582365636e-09
7.867512012522693574e-09
8.154869294120723396e-09
8.651840872697806270e-09
9.423391229424056850e-09
1.054275383950199173e-08
1.209356371289405551e-08
1.415575955748856679e-08
1.674547696970142492e-08
1.968647126601510064e-08
2.247932357835678907e-08
2.440469426015761758e-08
2.498112322726011764e-08
2.432628611509226013e-08
2.298791461519777915e-08
2.154135644884860703e-08
2.038058906859069685e-08
1.971940510309735582e-08
1.967124985611173545e-08
2.033096783686651498e-08
2.182474374381528182e-08
2.430460012746269892e-08
2.780659048907015050e-08
3.180037704137292522e-08
3.459873118299264846e-08
3.410481953616388014e-08
3.034667033607564225e-08
2.552259680874433156e-08
2.137210002112934921e-08
1.835777039318262979e-08
1.630319951977427486e-08
1.488270093158404272e-08
1.379131995422139661e-08
1.279927379896793230e-08
1.178926969371793101e-08
1.076428508579814221e-08
9.799548749942179405e-09
8.970136423549763274e-09
8.305881096705723642e-09
7.787291312128541418e-09
7.365709931127597817e-09
6.992729913255992909e-09
6.646287742617171823e-09
6.338286336204802571e-09
6.099733646143451043e-09
5.961210162442327090e-09
5.944994305065076997e-09
6.068262307753410589e-09
6.350372556696035587e-09
6.818719209134990970e-09
7.511727759000730687e-09
8.479646574627027487e-09
9.785735058688384036e-09
1.151470201522157432e-08
1.380232751272962335e-08
1.692169375067604982e-08
2.154150181051428146e-08
2.962120278273068182e-08
4.900730853362647754e-08
1.664038363004966109e-07
-1.097397613908109783e-07
-4.179867531192708416e-08
-2.709465739544608492e-08
-2.150611972238679385e-08
-1.939834068271610458e-08
-1.935676271462908752e-08
-2.117353749787676106e-08
-2.549219072475463762e-08
-3.468433295197863010e-08
-5.863833189214492445e-08
-2.213543130385759271e-07
1.161760206194093604e-07
4.443419259139079474e-08
2.667806188685938623e-08
1.861818559596312497e-08
1.408326819846440428e-08
1.126910254981235106e-08
9.452317713227893071e-09
8.288801571545839183e-09
7.600565332958222478e-09
7.293948192815411813e-09
7.320974342302930484e-09
7.652885174876114959e-09
8.250158298472136456e-09
9.023535223137758126e-09
9.806357110671347836e-09
1.039212795749938646e-08
1.065164072846325640e-08
1.061737887265620819e-08
1.043085989773167479e-08
1.022737925553031499e-08
1.007461505722101520e-08
9.977743150774406582e-09
9.914440137571019848e-09
9.872183643761400975e-09
9.870512514231306230e-09
9.959561487099544644e-09
1.020261665618187955e-08
1.066052333772691585e-08
1.138270120301407323e-08
1.239710461514754184e-08
1.368723691556253450e-08
1.515349623810392878e-08
1.657946117209831173e-08
1.765933410220253891e-08
1.812422810860443757e-08
1.789385220612247044e-08
1.712181656901091630e-08
1.609246996214105546e-08
1.506941011757245040e-08
1.420818586238155482e-08
1.355277782522952084e-08
1.307074483067667603e-08
1.269169428437402776e-08
1.233977820650254993e-08
1.196101258905601114e-08
1.154027358914824961e-08
1.109603199343015191e-08
1.065268805069186891e-08
1.021695374376320616e-08
9.779724758052730317e-09
9.334254693906308854e-09
8.888335002644940610e-09
8.458241200218292461e-09
8.057504928041377530e-09
7.694968295007068575e-09
7.378685358467618854e-09
7.119169808741439028e-09
6.932013147104163618e-09
6.839736298069493480e-09
6.872393473178963904e-09
7.064461343367823262e-09
7.447063132225410543e-09
8.035696702292990210e-09
8.808909032122030898e-09
9.678405856956615628e-09
1.047124945363282591e-08
1.097247801270668113e-08
1.104862656912842538e-08
1.075181518307021674e-08
1.027714418852727749e-08
9.829082960781520749e-09
9.538544062623935518e-09
9.453939224352511853e-09
9.560441008701596796e-09
9.801395773131133867e-09
1.010172724962450464e-08
1.039180773281572688e-08
1.061962149954027808e-08
1.074802074164961058e-08
1.075084014546027658e-08
1.061598155839729155e-08
1.034191986809905689e-08
9.924992056108503316e-09
9.357913341437270971e-09
8.648294433409295835e-09
7.837717066783547972e-09
6.998560306989372567e-09
6.208128302883150041e-09
5.522281919832343676e-09
4.967544838969962486e-09
4.548992841433656472e-09
4.260876532036441662e-09
4.093999399814834733e-09
4.038917516339575721e-09
4.085860777777906621e-09
4.222792049318934934e-09
4.432154419462933637e-09
4.687132678999631416e-09
4.949779468288894350e-09
5.175449609288810861e-09
5.326434196960073483e-09
5.388585644041455494e-09
5.377414832271292536e-09
5.328523954151912872e-09
5.281930253985882129e-09
5.270368680743372929e-09
5.313224779436848175e-09
5.413534724719520297e-09
5.555837231688236735e-09
5.706792886092853476e-09
5.822904076094060386e-09
5.867676285490052030e-09
5.832123611218418091e-09
5.743327247110978870e-09
5.651801124564673674e-09
5.607618744523173195e-09
5.642805627319400508e-09
5.766859128457153195e-09
5.971868323681653871e-09
6.241858083506142669e-09
6.561431793240212526e-09
6.918764840467632759e-09
7.300991681378924631e-09
7.685766122195826733e-09
8.036315207346321236e-09
8.306712136659379573e-09
8.458527041595813999e-09
8.480911362000460715e-09
8.398292745398544806e-09
8.259381783883724788e-09
8.118623194925201052e-09
8.022115693168048429e-09
7.999186321192455824e-09
8.056380004749083621e-09
8.173151488609597349e-09
8.301812144194418974e-09
8.379178811630302556e-09
8.351865051318016458e-09
8.202972695078833172e-09
7.961210535961506947e-09
7.687186626226679032e-09
7.449145662279036617e-09
7.304279487965720026e-09
7.289911070124449857e-09
7.418943428644593224e-09
7.672084533026292340e-09
7.984157627776545805e-09
8.240160828555597877e-09
8.309001536577894233e-09
8.118319078745922825e-09
7.706150791146975164e-09
7.185571718700057795e-09
6.666898127759682586e-09
6.216547531009962259e-09
5.861535468919574206e-09
5.606156343639672695e-09
5.442255199936632487e-09
5.352498939451221195e-09
5.311305461908316400e-09
5.289313118979378703e-09
5.263120387311085843e-09
5.225414741972487933e-09
5.187632208812266170e-09
5.173347590292368171e-09
5.209082789249099282e-09
5.319575531214842622e-09
5.529052575626471899e-09
5.865692116779558577e-09
6.366537170671818130e-09
7.080851447153721612e-09
8.069762785725598238e-09
9.397406395767257464e-09
1.110238427084145410e-08
1.313991218834979371e-08
1.530830977314258700e-08
1.723363106374956788e-08
1.851105796266107517e-08
1.894116528567416361e-08
1.861124232022661061e-08
1.774552563659592932e-08
1.653558727493890147e-08
1.511478627721370502e-08
1.361967458657863990e-08
1.220761959638472643e-08
1.101236916943120943e-08
1.010162894909482129e-08
9.473923053799452762e-09
9.080622770596305976e-09
8.847819513661835354e-09
8.691994099528678227e-09
8.539692772469115145e-09
8.352932471328782175e-09
8.146765366671944928e-09
7.981682901560757241e-09
7.935308047371904267e-09
8.078706377414212018e-09
8.472669737671136620e-09
9.178939795470102214e-09
1.027422483352549994e-08
1.185372838513232275e-08
1.399896335671507460e-08
1.665551613971291142e-08
1.936117256303298001e-08
2.104995586361810261e-08
2.066946770994027891e-08
1.839201504710946617e-08
1.543095222013993447e-08
1.276124569687567744e-08
1.070219498547003795e-08
9.213257351000990771e-09
8.161655184766155292e-09
7.426701114674686936e-09
6.922216170003396204e-09
6.591878638595982433e-09
6.398476074959295687e-09
6.313784242496194882e-09
6.310196943938645304e-09
6.353770836666425001e-09
6.400813852003036809e-09
6.403531693334765812e-09
6.328645986462955624e-09
6.178937175344431074e-09
5.995991851426247417e-09
5.838395669332734044e-09
5.754945765042919837e-09
5.771091736202889922e-09
5.889037355832633458e-09
6.093789872232264699e-09
6.360845670442308318e-09
6.664324485977049632e-09
6.983296115114290128e-09
7.303976715106876065e-09
7.617483694582034800e-09
7.915541058075386784e-09
8.188418581156995742e-09
8.428257204121938958e-09
8.637080739703229213e-09
8.831083792354579745e-09
9.031618788232436285e-09
9.241890891608907088e-09
9.423263051117957476e-09
9.494713149074808777e-09
9.372568180781815327e-09
9.032388967616803147e-09
8.536533036949584534e-09
7.994281301128299818e-09
7.495618207385629810e-09
7.076949959692068655e-09
6.726381619820457004e-09
6.408624176983131842e-09
6.092405821908136150e-09
5.766347138747089508e-09
5.436838477476077011e-09
5.116901880129312401e-09
4.817492950897293462e-09
4.545220043045719049e-09
4.303448656164596237e-09
4.093070675456710838e-09
3.912895086393612313e-09
3.759798707714204277e-09
3.629167275961173687e-09
3.516258714537273282e-09
3.417780425822716206e-09
3.333158919030250097e-09
3.264814685616995367e-09
3.217156788947024778e-09
3.194994976825810413e-09
3.202170280013164086e-09
3.240931688031918302e-09
3.311914416290219272e-09
3.413994571358974205e-09
3.543737273497729544e-09
3.694957716935600651e-09
3.859252102097907188e-09
4.027573689776205125e-09
4.192347970038002495e-09
4.349469273135703697e-09
4.499196054022042392e-09
4.645956264481369088e-09
4.796237069872650944e-09
4.954118505531005812e-09
5.116550653006488312e-09
5.271905270141162578e-09
5.405977502732623422e-09
0.000000000000000000e+00
1.381292709479252839e-08
1.073845631734021015e-08
1.091655965180176200e-08
1.157045638994218548e-08
1.197856770461026676e-08
1.251971134606119794e-08
1.295983044161625281e-08
1.583528433270599564e-08
2.187968014116777686e-08
2.491111312902727830e-08
2.934024463907303617e-08
3.471789614457365489e-08
3.630581149952769852e-08
2.064943373266475632e-07
-3.827081586308333781e-08
-2.254676429194371013e-08
-2.641376483757768227e-08
-1.139353655182191459e-07
1.090379268070298274e-07
5.116178476946488844e-08
3.552536532046437667e-08
3.702688374316443729e-08
3.680896976902325989e-08
2.230410374763398706e-08
1.618345127857787501e-08
1.476213518808006286e-08
1.214705080628515734e-08
8.304015302036959745e-09
5.853157047522804966e-09
4.803086479542548277e-09
4.640830542614528405e-09
4.371119130916573349e-09
3.876534997997799808e-09
3.694330184777451086e-09
3.935180807334956148e-09
4.325949955428293280e-09
4.050353907734097555e-09
3.651173406460083472e-09
3.496904098188938771e-09
3.345909093610980406e-09
3.092059876969557294e-09
2.806216848148436107e-09
2.535274667169428883e-09
2.289012286796389256e-09
2.192269732245230974e-09
2.166770566937091030e-09
2.134901573655461161e-09
2.133212678519823847e-09
2.145754321145454660e-09
2.143221153084036128e-09
2.189622226318963081e-09
2.388197708800143107e-09
2.604866474987743287e-09
2.779143893341624531e-09
3.053585347087020778e-09
3.573030430551323394e-09
4.298383996985940617e-09
5.140253972326876860e-09
6.371947657178099420e-09
6.792579418983531956e-09
6.539621562692987531e-09
6.255395524811449503e-09
5.509365167183152397e-09
5.066173531740366398e-09
4.610598115317192912e-09
3.619614889323229921e-09
2.855117906529120740e-09
2.350650074074050266e-09
1.993481758695986169e-09
1.751811036480774408e-09
1.521489460187920917e-09
1.370082814402460355e-09
1.227590516060703642e-09
1.086326683493774135e-09
1.006723984033248254e-09
9.608528652265611398e-10
9.194518572068094683e-10
9.036063964550408004e-10
9.376454145118870381e-10
9.872293239031774334e-10
1.048854082589260327e-09
1.133903713362111755e-09
1.220342546888522626e-09
1.299030848340710921e-09
1.345997456763709167e-09
1.380567570124193984e-09
1.418120690166672791e-09
1.419128517071467609e-09
1.390270403120806786e-09
1.340350025560213277e-09
1.292115007289943296e-09
1.252284727375534711e-09
1.229160226280882346e-09
1.218295212483874471e-09
1.189379502684085828e-09
1.138098557902792357e-09
1.094041212007058311e-09
1.064144903841583845e-09
1.040741750870031676e-09
1.005446473881203470e-09
9.752408617469028213e-10
9.695093633064637692e-10
9.663753413714766741e-10
9.820963259948573782e-10
1.006941868906229308e-09
1.035266249951272990e-09
1.056025652664324538e-09
1.086067437616679785e-09
1.130709929941850666e-09
1.157648860033873581e-09
1.186563139706294234e-09
1.205983448359250931e-09
1.207671760377571358e-09
1.212276342562276430e-09
1.212063711847967225e-09
1.205489691765032413e-09
1.173101506678337051e-09
1.109787878662721523e-09
1.072678071890684189e-09
1.043665542343016341e-09
1.018796332244482448e-09
1.012298334619536660e-09
1.007053970491944634e-09
1.005068684198458015e-09
1.017302266092959173e-09
1.040393939595673638e-09
1.060172068912115621e-09
1.069706447186683180e-09
1.076325512647832438e-09
1.104326266175546962e-09
1.149961972843176221e-09
1.203644525604536045e-09
1.266496047605477048e-09
1.345544668373047826e-09
1.447599931821677471e-09
1.531243130611367602e-09
1.514884383210277116e-09
1.426107299273844525e-09
1.357620433717409813e-09
1.321739913461674804e-09
1.243020280038538470e-09
1.143065667391936347e-09
1.044759365281964760e-09
9.315703594044889687e-10
8.584177020999138006e-10
8.145330373105850645e-10
7.893040043181057094e-10
7.898849109623886807e-10
7.934805338859201040e-10
7.934319851724263892e-10
8.035182817798629517e-10
8.342217360048739127e-10
8.695769804364502684e-10
8.996912970435308865e-10
9.347485776700238984e-10
9.939751708465588748e-10
1.059033464182150026e-09
1.106974592804070445e-09
1.140599451391674927e-09
1.153079837809101537e-09
1.163924678130175815e-09
1.167163257464390303e-09
1.138766367629804685e-09
1.099110244445159193e-09
1.068927958790663144e-09
1.041734306875565582e-09
1.016950646140827822e-09
9.985357000082350188e-10
9.726385355463377523e-10
9.422768032835438897e-10
9.027601407328232889e-10
8.708809434649203563e-10
8.355094923377653830e-10
7.828886411247020861e-10
7.425170015051815914e-10
7.154911048319730838e-10
6.935782767584497723e-10
6.806215825815973771e-10
6.911022386884352136e-10
7.156717419486661595e-10
7.401524174779169023e-10
7.668799453551024392e-10
8.008048740363306247e-10
8.347137140154761008e-10
8.457415547922147291e-10
8.282449344318403332e-10
7.990084391381851217e-10
7.604529493169321428e-10
7.204905904988705622e-10
6.891211471489422612e-10
6.716419170748300751e-10
6.676105033604120232e-10
6.657886652015938227e-10
6.615156674649524515e-10
6.620538176935702938e-10
6.618958187953805453e-10
6.596353903195116924e-10
6.532369763158391908e-10
6.414375602561592216e-10
6.361506270463706095e-10
6.313326827637255874e-10
6.269666994890617436e-10
6.261508492247517673e-10
6.330895768334452090e-10
6.454187951660264596e-10
6.589182499170273696e-10
6.738353016315516913e-10
6.923581031546234480e-10
7.238945094189468751e-10
7.540069342041564631e-10
7.773010931657535768e-10
7.933143046227924789e-10
7.992138538771203947e-10
8.030703131251478435e-10
8.026131620665615543e-10
8.000485559492178952e-10
7.863454615838683961e-10
7.685811853378978544e-10
7.636841138851005575e-10
7.663541836138826692e-10
7.703861488792827429e-10
7.739239833286342368e-10
7.760202794995769058e-10
7.813126356078369392e-10
7.910981735791258318e-10
8.083391114308945445e-10
8.287191216660611954e-10
8.397994268822738423e-10
8.489668837420547388e-10
8.747318259875795156e-10
9.062936738446763351e-10
9.477695299589975884e-10
1.020826234548448058e-09
1.118531961673079193e-09
1.222423523236754189e-09
1.298016257210883995e-09
1.358304333182372482e-09
1.341353329571473781e-09
1.267785188640983096e-09
1.228109155161347442e-09
1.174085235783778442e-09
1.093450526126389154e-09
9.928096704772798897e-10
8.937221845729185897e-10
8.292220909515730267e-10
7.851758448719594419e-10
7.627521941405166758e-10
7.662408654407827932e-10
7.731451682835312150e-10
7.766750394862535081e-10
7.819646980774479042e-10
7.865831930716927398e-10
7.905697642372459813e-10
7.930473605425722612e-10
7.970832826110513691e-10
8.044084763138487549e-10
8.124705590390477390e-10
8.229468896227525333e-10
8.311286716620323670e-10
8.338913014137971501e-10
8.330445396455082428e-10
8.298431207809058982e-10
8.184032082583487999e-10
8.018407317501974807e-10
7.878749533294728092e-10
7.766753315930792706e-10
7.686759688434538668e-10
7.661271873685239360e-10
7.640446223112234725e-10
7.707753364996443310e-10
7.868342739288505092e-10
8.134774265752769407e-10
8.327443115105012089e-10
8.327318987142601968e-10
8.359785656486032367e-10
8.352273263547638465e-10
8.316627489176719585e-10
8.214612049051353767e-10
7.990721096493152312e-10
7.597719678302809971e-10
7.160522356507681679e-10
6.891195708839180081e-10
6.671304448092557367e-10
6.494656963197938451e-10
6.388943052418464151e-10
6.269278458304921689e-10
6.139334189588203214e-10
5.962070784989006306e-10
5.783197219906537967e-10
5.652616992922260049e-10
5.600121791786017985e-10
5.604358968178870719e-10
5.613353045897645520e-10
5.585148326546656494e-10
5.574543251854118174e-10
5.557938522030138793e-10
5.499184894535825756e-10
5.402466979270548344e-10
5.249382729339669248e-10
5.170966074019444976e-10
5.123573515638947147e-10
5.080728871570060170e-10
5.065858355753729385e-10
5.056369919564643924e-10
5.085992897667761394e-10
5.128403267160465230e-10
5.213877767957751021e-10
5.312708320350206880e-10
5.428695905593973724e-10
5.554903022713910240e-10
5.646651988826016171e-10
5.704557174032949479e-10
5.736645629226679608e-10
5.812205721097826139e-10
5.855852024628231141e-10
5.852211164665704176e-10
5.803110374915140107e-10
5.769327529857222143e-10
5.810492996440724114e-10
5.914975671656368921e-10
6.027615521939793972e-10
6.126332659518493966e-10
6.209143568067634027e-10
6.279992176398598855e-10
6.373641950359344140e-10
6.478963253142597422e-10
6.578297808470594627e-10
6.555094863530876996e-10
6.470718506407965446e-10
6.427025600966135507e-10
6.346325123586604595e-10
6.150207845323715291e-10
5.904910057353291587e-10
5.760925740136969452e-10
5.734730167583766800e-10
5.761337902136681796e-10
5.775774977580779249e-10
5.718837263266002571e-10
5.652272832362392009e-10
5.604886328514504860e-10
5.605012732480275037e-10
5.564051456396412190e-10
5.419329103519606421e-10
5.318908424524534416e-10
5.262082136102792838e-10
5.184025596708641290e-10
5.132394621290673071e-10
5.107019688455379249e-10
5.104072148665155895e-10
5.120858414190861548e-10
5.125237170964565988e-10
5.137623949327625314e-10
5.170289565427156446e-10
5.169958709945015489e-10
5.172463916368626272e-10
5.162489192508649100e-10
5.101149314828362770e-10
5.068201904461445493e-10
5.044972915439011697e-10
5.005842998620040101e-10
4.966209315971102911e-10
4.901708745779314478e-10
4.857543886846570079e-10
4.860121260886432173e-10
4.874413023894537069e-10
4.903928639019842654e-10
4.963928780228828127e-10
5.063233204819257321e-10
5.120682681163152724e-10
5.177430101396448180e-10
5.273464003890659871e-10
5.377256085491804713e-10
5.431507627902452342e-10
5.426467186069721704e-10
5.423281441014042693e-10
5.415225686210713898e-10
5.404832017685678452e-10
5.367628324787756504e-10
5.245736041438027296e-10
5.018844398939756666e-10
4.796471637596384105e-10
4.684759886380447879e-10
4.614226000126584964e-10
4.563410436277035899e-10
4.546363505256462081e-10
4.539899495598891308e-10
4.595287925481417173e-10
4.685855677496597409e-10
4.753220605165020627e-10
4.783621347993440662e-10
4.806697424026894349e-10
4.828578849533394792e-10
4.852962010361715142e-10
4.880843883491341789e-10
4.875300288692492725e-10
4.809951181434314437e-10
4.737091391287653050e-10
4.643756911799024037e-10
4.504530917814288264e-10
4.386482434860530654e-10
4.303743675833152858e-10
4.265851139356229441e-10
4.249393079815011101e-10
4.236722938051209929e-10
4.226897454291192437e-10
4.214389264879873001e-10
4.206754043917341763e-10
4.189701336570098062e-10
4.180983399426942526e-10
4.187894268051972800e-10
4.194997998615077736e-10
4.202583611319237614e-10
4.211743818588842938e-10
4.273441539590186305e-10
4.346803065656475585e-10
4.380138473690103110e-10
4.397455436948376333e-10
4.407321161012838648e-10
4.430635016161297099e-10
4.515491863979460358e-10
4.611152119024915956e-10
4.691874254204060844e-10
4.770554389813639461e-10
4.801009338610838158e-10
4.784302659405329075e-10
4.746639271889491361e-10
4.699338276190550608e-10
4.574443439839427694e-10
4.407097728932236110e-10
4.276228745488505284e-10
4.195404835991082872e-10
4.086472078875053717e-10
3.958381269767209254e-10
3.900813064105024182e-10
3.916016839099402324e-10
3.944692506492256309e-10
3.973613355489044012e-10
4.002097218321381586e-10
4.015009946252664987e-10
4.020079823586635245e-10
4.030018288760523556e-10
4.035655729423443019e-10
4.028160105257866243e-10
4.036716489537459494e-10
4.053070304713269172e-10
4.068632926184956020e-10
4.080867911607571224e-10
4.073200376646593040e-10
4.076483664046914288e-10
4.087227311335282166e-10
4.085663752628166828e-10
4.091384340624460966e-10
4.096651849118952335e-10
4.078987551853782517e-10
4.073871226547893043e-10
4.078189625486054162e-10
4.068261148217277327e-10
4.077612059706240578e-10
4.101909826265899011e-10
4.092708694283188548e-10
4.061057035457809687e-10
4.008252824471190940e-10
3.934617674310013691e-10
3.901141026589360700e-10
3.875027320121411049e-10
3.799330541576104435e-10
3.725610443843682503e-10
3.676951623602715555e-10
3.624870437252180255e-10
3.567655090758189209e-10
3.511720328753189287e-10
3.469097834737570764e-10
3.421416596678249156e-10
3.375251801860770765e-10
3.353910666350931955e-10
3.349473522824852687e-10
3.342913746773643692e-10
3.336983171857300421e-10
3.339255678511887389e-10
3.337230913016346864e-10
3.342430124143072468e-10
3.369357425039724668e-10
3.392817645854537780e-10
3.406852465849831606e-10
3.431177083710100422e-10
3.477112964945502523e-10
3.528749911170225184e-10
3.564575273699876548e-10
3.586014199223360124e-10
3.587051724530591512e-10
3.581198988601147885e-10
3.566893155514446957e-10
3.563380196963932839e-10
3.596902059379748474e-10
3.606426666299987803e-10
3.548236685662000047e-10
3.487314622746126652e-10
3.424837670721944105e-10
3.339708515202116042e-10
3.246945020052931996e-10
3.175280825733447890e-10
3.154621995762684002e-10
3.155913953627754671e-10
3.159996818466480087e-10
3.161598258108179648e-10
3.165622067228188379e-10
3.169421710696907801e-10
3.183032738682867823e-10
3.200682866512181697e-10
3.206938154723239473e-10
3.212762766385412952e-10
3.216962495048839921e-10
3.217143293084240409e-10
3.240251806123511584e-10
3.273016549038145358e-10
3.292678294287501984e-10
3.286193506945256557e-10
3.255882243715513002e-10
3.237716073661438603e-10
3.227528006956294892e-10
3.218428852622997752e-10
3.218623483987225092e-10
3.217449315496278629e-10
3.199490127712320183e-10
3.181928546646025233e-10
3.174869551118921403e-10
3.159624758284200660e-10
3.121803006388933091e-10
3.073840831286177843e-10
3.039611178715532123e-10
3.032757654696575548e-10
3.020738178885227726e-10
2.994904333645101674e-10
2.984091286658589583e-10
2.999567774125305437e-10
3.019848412082248541e-10
3.005210002295612529e-10
2.982014417257727800e-10
2.971976079879011724e-10
2.961168617444822726e-10
2.940717549083268917e-10
2.912797115116986792e-10
2.880753708678243434e-10
2.846162630485887601e-10
2.830514254411386870e-10
2.825804186743116291e-10
2.820541745276647330e-10
2.820814200195249156e-10
2.823595515721950549e-10
2.823577783400878559e-10
2.831268389293779817e-10
2.861229822257053992e-10
2.889354405143715014e-10
2.909443034011379696e-10
2.936484647286986671e-10
2.976794740899232631e-10
3.017918411998454615e-10
3.051642810965749833e-10
3.085550833015698925e-10
3.094146153334966848e-10
3.089016225262948087e-10
3.082507080685111989e-10
3.062296581702285307e-10
3.047976566964521752e-10
3.029958001347522126e-10
2.976787521318369281e-10
2.913981778944168748e-10
2.852670628749938342e-10
2.793114415479324908e-10
2.741345731731106373e-10
2.678955455679098780e-10
2.628411113786352776e-10
2.571744641824849295e-10
2.504632921661959338e-10
2.460713053420132114e-10
2.432863321805001895e-10
2.405907763357451419e-10
2.395155425673270857e-10
2.418462843176356467e-10
2.450445317480967947e-10
2.486112159049033997e-10
2.530394032180550302e-10
2.570610093555464704e-10
2.603228758145320107e-10
2.620938773818996263e-10
2.633825093565592986e-10
2.647574122494813474e-10
2.647323296737499505e-10
2.636792333064311041e-10
2.618369494332929863e-10
2.599758101560884273e-10
2.583740749970727778e-10
2.573916647423848353e-10
2.569124088004123648e-10
2.556264498760802594e-10
2.531645337599942446e-10
2.508902682547405822e-10
2.493220246632953537e-10
2.480518658564806646e-10
2.460540911493228598e-10
2.442345314076275275e-10
2.438792227871439518e-10
2.436892606533362250e-10
2.446205006276034200e-10
2.460634628974983798e-10
2.476773427727097304e-10
2.488538312140596280e-10
2.504683297048314238e-10
2.527728857357277063e-10
2.541115027421813582e-10
2.554088358322162615e-10
2.562486453043134209e-10
2.563168406348049605e-10
2.565618513411634118e-10
2.565986318236405018e-10
2.562860250185615458e-10
2.547740171353554168e-10
2.516448061439637207e-10
2.496781138522703451e-10
2.480527261611611197e-10
2.465873346409481846e-10
2.461653200778327078e-10
2.458072108999070888e-10
2.456704512888143228e-10
2.463752435312052632e-10
2.476503993244630397e-10
2.487043236386701050e-10
2.492571081026111718e-10
2.496496152071204445e-10
2.511117329637789610e-10
2.533848009593908933e-10
2.559020359529117893e-10
2.586407039551373851e-10
2.617822541605081119e-10
2.654316822476944358e-10
2.681328435009370138e-10
2.676408493158195078e-10
2.647908458515937763e-10
2.624262435480195390e-10
2.611049685678372927e-10
2.579174858192517134e-10
2.533737050360373508e-10
2.482664957194356448e-10
2.414161492438657677e-10
2.362937222919205512e-10
2.328707536225992092e-10
2.307604832580261586e-10
2.307979180660504177e-10
2.310815607949220816e-10
2.310572016564413652e-10
2.318746388842752535e-10
2.343123615514696329e-10
2.369839235509099538e-10
2.391730349738913756e-10
2.415885246220742428e-10
2.453049608985819537e-10
2.490495547309090643e-10
2.516202244007665053e-10
2.533045733325258472e-10
2.538963716980458564e-10
2.544178741580215721e-10
2.545673031027288334e-10
2.531674632987890165e-10
2.511930035179407390e-10
2.496128762021878192e-10
2.481012648925152738e-10
2.466838649674014032e-10
2.456058169833866472e-10
2.440352733161137626e-10
2.421130076653328920e-10
2.394745281611226126e-10
2.371928085556274047e-10
2.345092556869881710e-10
2.302083503888383900e-10
2.266566843371557878e-10
2.241329357446798675e-10
2.219532533647862403e-10
2.206453483200742406e-10
2.217318617216418802e-10
2.241589648380667757e-10
2.264685993037292115e-10
2.289081450431947994e-10
2.318280545517597287e-10
2.345344570869709047e-10
2.353614510170150983e-10
2.340230979843213101e-10
2.316675720158661066e-10
2.282354484251418715e-10
2.244511220712708114e-10
2.213442185950067829e-10
2.195420578999299490e-10
2.191139303578256025e-10
2.189169699211049873e-10
2.185156362999445562e-10
2.186266533005877142e-10
2.185796364275052738e-10
2.182700039867951361e-10
2.175258467521246383e-10
2.162096083836858423e-10
2.155835213081165617e-10
2.149867875964092276e-10
2.144533009963290815e-10
2.143299125742549140e-10
2.151093620271042281e-10
2.164947046511613295e-10
2.179561151771733008e-10
2.195112844825734385e-10
2.213747450898398274e-10
2.244729576726359471e-10
2.273128039846714430e-10
2.294019241415316916e-10
2.307911499536430312e-10
2.312907331730916662e-10
2.316412144341020111e-10
2.316235506343695338e-10
2.314116449155040870e-10
2.302941828733865444e-10
2.287758087006029480e-10
2.283126103394377056e-10
2.284886279069985978e-10
2.287739485858135296e-10
2.290530887637433549e-10
2.292269127267601825e-10
2.296925554576699263e-10
2.305684451374128580e-10
2.319873568147735662e-10
2.335899041141045127e-10
2.344699506993515354e-10
2.351809020366753527e-10
2.370950219615963528e-10
2.393681399002638434e-10
2.421936297253547442e-10
2.466951314356520393e-10
2.519760137454659578e-10
2.568135366201015705e-10
2.599413698174011580e-10
2.621915346027910903e-10
2.614539862116296358e-10
2.585160776455851354e-10
2.568320284695880437e-10
2.543799953568083203e-10
2.503923910888185099e-10
2.447647685569320753e-10
2.383323525807004419e-10
2.335482481486417265e-10
2.299762776371225090e-10
2.280792460495325510e-10
2.284058329628974935e-10
2.289998320790548830e-10
2.292915850322481996e-10
2.297182151799439590e-10
2.300964702798963125e-10
2.304630471914731374e-10
2.307196830325837142e-10
2.311054877563155095e-10
2.317175415421224875e-10
2.323982755656142763e-10
2.332823426263393141e-10
2.339516482096642536e-10
2.341647686756430971e-10
2.341196877969866545e-10
2.339075426163589634e-10
2.329576421817766216e-10
2.315776925062565607e-10
2.303930919462506246e-10
2.294156936920576444e-10
2.287145354758741808e-10
2.284990367794467064e-10
2.283247000954342752e-10
2.289481126401146645e-10
2.303250391484904294e-10
2.324940128603446929e-10
2.340057929922691663e-10
2.339604981828270284e-10
2.342154460204008214e-10
2.341565011236862090e-10
2.338242638685977644e-10
2.330220671289691652e-10
2.312220072426433830e-10
2.278214199535870384e-10
2.237804881598697647e-10
2.211334496758833433e-10
2.188258675137672106e-10
2.168920847905158072e-10
2.156964289560099298e-10
2.143172288622995401e-10
2.127958728048112961e-10
2.105847924098421814e-10
2.082646662018534779e-10
2.065456750618889212e-10
2.058259253690267472e-10
2.058687029004807534e-10
2.059816983413822277e-10
2.055817003982715691e-10
2.054164617060096056e-10
2.051636183138557183e-10
2.043290566748160939e-10
2.029619590518862120e-10
2.007725186472423996e-10
1.995753279698605516e-10
1.988097407934256350e-10
1.981375971089900179e-10
1.978873248988309270e-10
1.977695491815314002e-10
1.982785894695926493e-10
1.989085953932842997e-10
2.001302326322805391e-10
2.015585609256742963e-10
2.032111925006703802e-10
2.049752971784502249e-10
2.062460012582453709e-10
2.070349343623807175e-10
2.074486710348822906e-10
2.084142904585341718e-10
2.089614801015416380e-10
2.089216143210490119e-10
2.083113125875890249e-10
2.078524610981911245e-10
2.083358444888583198e-10
2.096273924800471060e-10
2.109642772613954791e-10
2.121101452909732960e-10
2.131152704776840662e-10
2.139939884065322624e-10
2.151058264155395851e-10
2.163016930131714105e-10
2.174073686580224693e-10
2.171722314040262243e-10
2.162651802709731270e-10
2.157859015594044811e-10
2.148861277378442154e-10
2.126362864728224257e-10
2.096401526012807892e-10
2.078018160757022615e-10
2.074588912735939294e-10
2.077995209618516423e-10
2.079755832429886524e-10
2.072090692623647072e-10
2.062988478378086825e-10
2.056620629650094320e-10
2.056882356585259674e-10
2.051542257586353733e-10
2.031762856834480654e-10
2.017483326198956340e-10
2.009350498387865620e-10
1.998218187458837677e-10
1.990659474390997391e-10
1.986834996067336087e-10
1.986533928089175506e-10
1.989258965376939335e-10
1.989743824950343237e-10
1.991344043707175069e-10
1.996275692259615471e-10
1.996593861953049226e-10
1.997788659097651791e-10
1.997116760779217958e-10
1.988288726371007325e-10
1.983539951573931913e-10
1.980548117122076988e-10
1.975336523572040439e-10
1.969768523017008869e-10
1.960036959004486157e-10
1.953275798118215656e-10
1.953744611656705536e-10
1.955810690845492338e-10
1.960300431312470930e-10
1.969594340563296108e-10
1.984675202958254592e-10
1.993033890119339003e-10
2.001487779555847250e-10
2.015533839648109676e-10
2.029999685872791882e-10
2.037391843652252171e-10
2.036744247274937948e-10
2.036724800371836973e-10
2.035843240754518722e-10
2.034190774425763797e-10
2.029082632781317901e-10
2.011913588982688512e-10
1.978019249959158452e-10
1.943129329807102828e-10
1.924948498127807423e-10
1.912869154602964154e-10
1.903771728483839031e-10
1.900572938914095541e-10
1.899517187238948835e-10
1.909137720619891956e-10
1.924501006581143284e-10
1.935964151023787105e-10
1.941160195588614264e-10
1.944960655162858622e-10
1.948714008749292275e-10
1.952889055775844071e-10
1.957311847360927412e-10
1.956530792503620496e-10
1.946510384228104356e-10
1.934834453667162091e-10
1.919303814090431491e-10
1.895649937606910814e-10
1.874682647532115431e-10
1.859465181208680524e-10
1.852453238031760911e-10
1.849593009104752543e-10
1.847815334622649031e-10
1.846484099625156675e-10
1.844126022486987812e-10
1.842532829511297287e-10
1.839415293233475485e-10
1.837710467853475544e-10
1.838946002536018826e-10
1.840148089236678734e-10
1.841500211101707749e-10
1.843284704102328905e-10
1.854748575052674697e-10
1.868415450271441948e-10
1.874971722747152582e-10
1.878543922478586525e-10
1.880497888462285592e-10
1.884727976498125667e-10
1.900123345561857376e-10
1.916753886616593979e-10
1.930088087403717016e-10
1.943187935932441662e-10
1.948023396708578248e-10
1.944850553100929644e-10
1.938500817075730842e-10
1.930708215271187136e-10
1.909131390610624202e-10
1.879043477919249864e-10
1.854767320503940298e-10
1.839339878446367724e-10
1.817838381740259766e-10
1.792024155423124733e-10
1.780431186425990232e-10
1.783911357492464533e-10
1.789941564506178982e-10
1.795885123799480089e-10
1.801874094786685832e-10
1.804361355620736959e-10
1.805252943388106780e-10
1.807371988628287226e-10
1.808441892933724260e-10
1.806839944870563089e-10
1.808448965238021465e-10
1.812058789882570011e-10
1.815666558019327476e-10
1.818151448708618108e-10
1.816451581095775696e-10
1.816929348750576411e-10
1.819166617133751993e-10
1.818772699009673107e-10
1.819620382033685684e-10
1.820831534688524697e-10
1.817758403286748339e-10
1.817143171985323582e-10
1.818291359541120515e-10
1.816346463233800346e-10
1.818138935473807299e-10
1.823194872930700568e-10
1.821782344421189509e-10
1.815691462441154592e-10
1.805209118001650778e-10
1.790312678563970347e-10
1.783505880033732297e-10
1.778067923866663664e-10
1.762081394991192015e-10
1.746091513010539216e-10
1.735518513897147461e-10
1.724201602529314615e-10
1.711406353988564114e-10
1.698567953828680042e-10
1.688565663047144359e-10
1.677355859008175342e-10
1.666395897999707335e-10
1.661245169130765337e-10
1.660364055349580085e-10
1.659125182589868037e-10
1.657777517030212120e-10
1.658334176198229886e-10
1.658031836664700639e-10
1.659388022801413009e-10
1.666115053231535028e-10
1.671978042359845481e-10
1.675080098205761241e-10
1.680661931522283880e-10
1.691659240195840908e-10
1.703893687598768191e-10
1.712315965912255366e-10
1.717612532813939224e-10
1.718210441742970519e-10
1.717057916785651312e-10
1.714039493019366876e-10
1.713536526959815697e-10
1.721407966805772797e-10
1.723902531492968685e-10
1.710860299575216613e-10
1.696809703174389418e-10
1.682224480464806547e-10
