1.000000000000000021e-02
2.000000000000000042e-02
2.999999999999999889e-02
4.000000000000000083e-02
5.000000000000000278e-02
5.999999999999999778e-02
7.000000000000000666e-02
8.000000000000000167e-02
9.000000000000001055e-02
1.000000000000000056e-01
1.099999999999999867e-01
1.199999999999999956e-01
1.300000000000000044e-01
1.400000000000000133e-01
1.499999999999999944e-01
1.600000000000000033e-01
1.700000000000000122e-01
1.800000000000000211e-01
1.900000000000000022e-01
2.000000000000000111e-01
2.100000000000000200e-01
2.199999999999999734e-01
2.299999999999999822e-01
2.399999999999999911e-01
2.500000000000000000e-01
2.600000000000000089e-01
2.700000000000000178e-01
2.800000000000000266e-01
2.900000000000000355e-01
2.999999999999999889e-01
3.099999999999999978e-01
3.200000000000000067e-01
3.300000000000000155e-01
3.400000000000000244e-01
3.500000000000000333e-01
3.600000000000000422e-01
3.699999999999999956e-01
3.800000000000000044e-01
3.900000000000000133e-01
4.000000000000000222e-01
4.100000000000000311e-01
4.200000000000000400e-01
4.300000000000000488e-01
4.399999999999999467e-01
4.499999999999999556e-01
4.599999999999999645e-01
4.699999999999999734e-01
4.799999999999999822e-01
4.899999999999999911e-01
5.000000000000000000e-01
5.100000000000000089e-01
5.200000000000000178e-01
5.300000000000000266e-01
5.400000000000000355e-01
5.500000000000000444e-01
5.600000000000000533e-01
5.700000000000000622e-01
5.800000000000000711e-01
5.900000000000000799e-01
5.999999999999999778e-01
6.099999999999999867e-01
6.199999999999999956e-01
6.300000000000000044e-01
6.400000000000000133e-01
6.500000000000000222e-01
6.600000000000000311e-01
6.700000000000000400e-01
6.800000000000000488e-01
6.900000000000000577e-01
7.000000000000000666e-01
7.100000000000000755e-01
7.200000000000000844e-01
7.299999999999999822e-01
7.399999999999999911e-01
7.500000000000000000e-01
7.600000000000000089e-01
7.700000000000000178e-01
7.800000000000000266e-01
7.900000000000000355e-01
8.000000000000000444e-01
8.100000000000000533e-01
8.200000000000000622e-01
8.300000000000000711e-01
8.400000000000000799e-01
8.500000000000000888e-01
8.600000000000000977e-01
8.700000000000001066e-01
8.799999999999998934e-01
8.899999999999999023e-01
8.999999999999999112e-01
9.099999999999999201e-01
9.199999999999999289e-01
9.299999999999999378e-01
9.399999999999999467e-01
9.499999999999999556e-01
9.599999999999999645e-01
9.699999999999999734e-01
9.799999999999999822e-01
9.899999999999999911e-01
1.000000000000000000e+00
1.010000000000000009e+00
1.020000000000000018e+00
1.030000000000000027e+00
1.040000000000000036e+00
1.050000000000000044e+00
1.060000000000000053e+00
1.070000000000000062e+00
1.080000000000000071e+00
1.090000000000000080e+00
1.100000000000000089e+00
1.110000000000000098e+00
1.120000000000000107e+00
1.130000000000000115e+00
1.140000000000000124e+00
1.150000000000000133e+00
1.160000000000000142e+00
1.170000000000000151e+00
1.180000000000000160e+00
1.190000000000000169e+00
1.199999999999999956e+00
1.209999999999999964e+00
1.219999999999999973e+00
1.229999999999999982e+00
1.239999999999999991e+00
1.250000000000000000e+00
1.260000000000000009e+00
1.270000000000000018e+00
1.280000000000000027e+00
1.290000000000000036e+00
1.300000000000000044e+00
1.310000000000000053e+00
1.320000000000000062e+00
1.330000000000000071e+00
1.340000000000000080e+00
1.350000000000000089e+00
1.360000000000000098e+00
1.370000000000000107e+00
1.380000000000000115e+00
1.390000000000000124e+00
1.400000000000000133e+00
1.410000000000000142e+00
1.420000000000000151e+00
1.430000000000000160e+00
1.440000000000000169e+00
1.449999999999999956e+00
1.459999999999999964e+00
1.469999999999999973e+00
1.479999999999999982e+00
1.489999999999999991e+00
1.500000000000000000e+00
1.510000000000000009e+00
1.520000000000000018e+00
1.530000000000000027e+00
1.540000000000000036e+00
1.550000000000000044e+00
1.560000000000000053e+00
1.570000000000000062e+00
1.580000000000000071e+00
1.590000000000000080e+00
1.600000000000000089e+00
1.610000000000000098e+00
1.620000000000000107e+00
1.630000000000000115e+00
1.640000000000000124e+00
1.650000000000000133e+00
1.660000000000000142e+00
1.670000000000000151e+00
1.680000000000000160e+00
1.690000000000000169e+00
1.700000000000000178e+00
1.710000000000000187e+00
1.720000000000000195e+00
1.730000000000000204e+00
1.740000000000000213e+00
1.750000000000000222e+00
1.759999999999999787e+00
1.770000000000000018e+00
1.779999999999999805e+00
1.790000000000000036e+00
1.799999999999999822e+00
1.810000000000000053e+00
1.819999999999999840e+00
1.830000000000000071e+00
1.839999999999999858e+00
1.850000000000000089e+00
1.859999999999999876e+00
1.870000000000000107e+00
1.879999999999999893e+00
1.890000000000000124e+00
1.899999999999999911e+00
1.910000000000000142e+00
1.919999999999999929e+00
1.930000000000000160e+00
1.939999999999999947e+00
1.950000000000000178e+00
1.959999999999999964e+00
1.970000000000000195e+00
1.979999999999999982e+00
1.990000000000000213e+00
2.000000000000000000e+00
2.010000000000000231e+00
2.020000000000000018e+00
2.030000000000000249e+00
2.040000000000000036e+00
2.050000000000000266e+00
2.060000000000000053e+00
2.070000000000000284e+00
2.080000000000000071e+00
2.089999999999999858e+00
2.100000000000000089e+00
2.109999999999999876e+00
2.120000000000000107e+00
2.129999999999999893e+00
2.140000000000000124e+00
2.149999999999999911e+00
2.160000000000000142e+00
2.169999999999999929e+00
2.180000000000000160e+00
2.189999999999999947e+00
2.200000000000000178e+00
2.209999999999999964e+00
2.220000000000000195e+00
2.229999999999999982e+00
2.240000000000000213e+00
2.250000000000000000e+00
2.260000000000000231e+00
2.270000000000000018e+00
2.280000000000000249e+00
2.290000000000000036e+00
2.300000000000000266e+00
2.310000000000000053e+00
2.320000000000000284e+00
2.330000000000000071e+00
2.340000000000000302e+00
2.350000000000000089e+00
2.360000000000000320e+00
2.370000000000000107e+00
2.380000000000000338e+00
2.390000000000000124e+00
2.399999999999999911e+00
2.410000000000000142e+00
2.419999999999999929e+00
2.429999999999999716e+00
2.439999999999999947e+00
2.450000000000000178e+00
2.459999999999999964e+00
2.469999999999999751e+00
2.479999999999999982e+00
2.490000000000000213e+00
2.500000000000000000e+00
2.509999999999999787e+00
2.520000000000000018e+00
2.530000000000000249e+00
2.540000000000000036e+00
2.549999999999999822e+00
2.560000000000000053e+00
2.570000000000000284e+00
2.580000000000000071e+00
2.589999999999999858e+00
2.600000000000000089e+00
2.610000000000000320e+00
2.620000000000000107e+00
2.629999999999999893e+00
2.640000000000000124e+00
2.650000000000000355e+00
2.660000000000000142e+00
2.669999999999999929e+00
2.680000000000000160e+00
2.690000000000000391e+00
2.700000000000000178e+00
2.709999999999999964e+00
2.720000000000000195e+00
2.730000000000000426e+00
2.740000000000000213e+00
2.750000000000000000e+00
2.760000000000000231e+00
2.770000000000000462e+00
2.780000000000000249e+00
2.790000000000000036e+00
2.800000000000000266e+00
2.810000000000000497e+00
2.820000000000000284e+00
2.830000000000000071e+00
2.840000000000000302e+00
2.850000000000000533e+00
2.860000000000000320e+00
2.870000000000000107e+00
2.880000000000000338e+00
2.889999999999999680e+00
2.899999999999999911e+00
2.909999999999999698e+00
2.919999999999999929e+00
2.929999999999999716e+00
2.939999999999999947e+00
2.949999999999999734e+00
2.959999999999999964e+00
2.969999999999999751e+00
2.979999999999999982e+00
2.989999999999999769e+00
3.000000000000000000e+00
3.009999999999999787e+00
3.020000000000000018e+00
3.029999999999999805e+00
3.040000000000000036e+00
3.049999999999999822e+00
3.060000000000000053e+00
3.069999999999999840e+00
3.080000000000000071e+00
3.089999999999999858e+00
3.100000000000000089e+00
3.109999999999999876e+00
3.120000000000000107e+00
3.129999999999999893e+00
3.140000000000000124e+00
3.149999999999999911e+00
3.160000000000000142e+00
3.169999999999999929e+00
3.180000000000000160e+00
3.189999999999999947e+00
3.200000000000000178e+00
3.209999999999999964e+00
3.220000000000000195e+00
3.229999999999999982e+00
3.240000000000000213e+00
3.250000000000000000e+00
3.260000000000000231e+00
3.270000000000000018e+00
3.280000000000000249e+00
3.290000000000000036e+00
3.300000000000000266e+00
3.310000000000000053e+00
3.320000000000000284e+00
3.330000000000000071e+00
3.340000000000000302e+00
3.350000000000000089e+00
3.360000000000000320e+00
3.370000000000000107e+00
3.380000000000000338e+00
3.390000000000000124e+00
3.400000000000000355e+00
3.410000000000000142e+00
3.420000000000000373e+00
3.430000000000000160e+00
3.440000000000000391e+00
3.450000000000000178e+00
3.460000000000000409e+00
3.470000000000000195e+00
3.480000000000000426e+00
3.490000000000000213e+00
3.500000000000000444e+00
3.510000000000000231e+00
3.519999999999999574e+00
3.529999999999999805e+00
3.540000000000000036e+00
3.549999999999999822e+00
3.559999999999999609e+00
3.569999999999999840e+00
3.580000000000000071e+00
3.589999999999999858e+00
3.599999999999999645e+00
3.609999999999999876e+00
3.620000000000000107e+00
3.629999999999999893e+00
3.639999999999999680e+00
3.649999999999999911e+00
3.660000000000000142e+00
3.669999999999999929e+00
3.679999999999999716e+00
3.689999999999999947e+00
3.700000000000000178e+00
3.709999999999999964e+00
3.719999999999999751e+00
3.729999999999999982e+00
3.740000000000000213e+00
3.750000000000000000e+00
3.759999999999999787e+00
3.770000000000000018e+00
3.780000000000000249e+00
3.790000000000000036e+00
3.799999999999999822e+00
3.810000000000000053e+00
3.820000000000000284e+00
3.830000000000000071e+00
3.839999999999999858e+00
3.850000000000000089e+00
3.860000000000000320e+00
3.870000000000000107e+00
3.879999999999999893e+00
3.890000000000000124e+00
3.900000000000000355e+00
3.910000000000000142e+00
3.919999999999999929e+00
3.930000000000000160e+00
3.940000000000000391e+00
3.950000000000000178e+00
3.959999999999999964e+00
3.970000000000000195e+00
3.980000000000000426e+00
3.990000000000000213e+00
4.000000000000000000e+00
4.009999999999999787e+00
4.020000000000000462e+00
4.030000000000000249e+00
4.040000000000000036e+00
4.050000000000000711e+00
4.060000000000000497e+00
4.070000000000000284e+00
4.080000000000000071e+00
4.089999999999999858e+00
4.100000000000000533e+00
4.110000000000000320e+00
4.120000000000000107e+00
4.130000000000000782e+00
4.140000000000000568e+00
4.150000000000000355e+00
4.160000000000000142e+00
4.169999999999999929e+00
4.179999999999999716e+00
4.189999999999999503e+00
4.200000000000000178e+00
4.209999999999999964e+00
4.219999999999999751e+00
4.229999999999999538e+00
4.240000000000000213e+00
4.250000000000000000e+00
4.259999999999999787e+00
4.269999999999999574e+00
4.280000000000000249e+00
4.290000000000000036e+00
4.299999999999999822e+00
4.309999999999999609e+00
4.320000000000000284e+00
4.330000000000000071e+00
4.339999999999999858e+00
4.349999999999999645e+00
4.360000000000000320e+00
4.370000000000000107e+00
4.379999999999999893e+00
4.389999999999999680e+00
4.400000000000000355e+00
4.410000000000000142e+00
4.419999999999999929e+00
4.429999999999999716e+00
4.440000000000000391e+00
4.450000000000000178e+00
4.459999999999999964e+00
4.469999999999999751e+00
4.480000000000000426e+00
4.490000000000000213e+00
4.500000000000000000e+00
4.509999999999999787e+00
4.520000000000000462e+00
4.530000000000000249e+00
4.540000000000000036e+00
4.549999999999999822e+00
4.560000000000000497e+00
4.570000000000000284e+00
4.580000000000000071e+00
4.589999999999999858e+00
4.600000000000000533e+00
4.610000000000000320e+00
4.620000000000000107e+00
4.629999999999999893e+00
4.640000000000000568e+00
4.650000000000000355e+00
4.660000000000000142e+00
4.669999999999999929e+00
4.680000000000000604e+00
4.690000000000000391e+00
4.700000000000000178e+00
4.709999999999999964e+00
4.720000000000000639e+00
4.730000000000000426e+00
4.740000000000000213e+00
4.750000000000000000e+00
4.760000000000000675e+00
4.770000000000000462e+00
4.780000000000000249e+00
4.790000000000000036e+00
4.799999999999999822e+00
4.809999999999999609e+00
4.820000000000000284e+00
4.830000000000000071e+00
4.839999999999999858e+00
4.849999999999999645e+00
4.859999999999999432e+00
4.870000000000000107e+00
4.879999999999999893e+00
4.889999999999999680e+00
4.900000000000000355e+00
4.910000000000000142e+00
4.919999999999999929e+00
4.929999999999999716e+00
4.939999999999999503e+00
4.950000000000000178e+00
4.959999999999999964e+00
4.969999999999999751e+00
4.980000000000000426e+00
4.990000000000000213e+00
5.000000000000000000e+00
5.009999999999999787e+00
5.019999999999999574e+00
5.030000000000000249e+00
5.040000000000000036e+00
5.049999999999999822e+00
5.060000000000000497e+00
5.070000000000000284e+00
5.080000000000000071e+00
5.089999999999999858e+00
5.099999999999999645e+00
5.110000000000000320e+00
5.120000000000000107e+00
5.129999999999999893e+00
5.140000000000000568e+00
5.150000000000000355e+00
5.160000000000000142e+00
5.169999999999999929e+00
5.179999999999999716e+00
5.190000000000000391e+00
5.200000000000000178e+00
5.209999999999999964e+00
5.220000000000000639e+00
5.230000000000000426e+00
5.240000000000000213e+00
5.250000000000000000e+00
5.259999999999999787e+00
5.270000000000000462e+00
5.280000000000000249e+00
5.290000000000000036e+00
5.300000000000000711e+00
5.310000000000000497e+00
5.320000000000000284e+00
5.330000000000000071e+00
5.339999999999999858e+00
5.350000000000000533e+00
5.360000000000000320e+00
5.370000000000000107e+00
5.380000000000000782e+00
5.390000000000000568e+00
5.400000000000000355e+00
5.410000000000000142e+00
5.419999999999999929e+00
5.430000000000000604e+00
5.440000000000000391e+00
5.450000000000000178e+00
5.460000000000000853e+00
5.470000000000000639e+00
5.480000000000000426e+00
5.490000000000000213e+00
5.500000000000000000e+00
5.510000000000000675e+00
5.520000000000000462e+00
5.530000000000000249e+00
5.540000000000000924e+00
5.550000000000000711e+00
5.560000000000000497e+00
5.570000000000000284e+00
5.580000000000000071e+00
5.590000000000000746e+00
5.600000000000000533e+00
5.610000000000000320e+00
5.620000000000000995e+00
5.630000000000000782e+00
5.640000000000000568e+00
5.650000000000000355e+00
5.660000000000000142e+00
5.670000000000000817e+00
5.680000000000000604e+00
5.690000000000000391e+00
5.700000000000001066e+00
5.710000000000000853e+00
5.720000000000000639e+00
5.730000000000000426e+00
5.740000000000000213e+00
5.750000000000000888e+00
5.760000000000000675e+00
5.769999999999999574e+00
5.779999999999999361e+00
5.789999999999999147e+00
5.799999999999999822e+00
5.809999999999999609e+00
5.819999999999999396e+00
5.830000000000000071e+00
5.839999999999999858e+00
5.849999999999999645e+00
5.859999999999999432e+00
5.869999999999999218e+00
5.879999999999999893e+00
5.889999999999999680e+00
5.899999999999999467e+00
5.910000000000000142e+00
5.919999999999999929e+00
5.929999999999999716e+00
5.939999999999999503e+00
5.949999999999999289e+00
5.959999999999999964e+00
5.969999999999999751e+00
5.979999999999999538e+00
5.990000000000000213e+00
6.000000000000000000e+00
6.009999999999999787e+00
6.019999999999999574e+00
6.029999999999999361e+00
6.040000000000000036e+00
6.049999999999999822e+00
6.059999999999999609e+00
6.070000000000000284e+00
6.080000000000000071e+00
6.089999999999999858e+00
6.099999999999999645e+00
6.109999999999999432e+00
6.120000000000000107e+00
6.129999999999999893e+00
6.139999999999999680e+00
6.150000000000000355e+00
6.160000000000000142e+00
6.169999999999999929e+00
6.179999999999999716e+00
6.189999999999999503e+00
6.200000000000000178e+00
6.209999999999999964e+00
6.219999999999999751e+00
6.230000000000000426e+00
6.240000000000000213e+00
6.250000000000000000e+00
6.259999999999999787e+00
6.269999999999999574e+00
6.280000000000000249e+00
6.290000000000000036e+00
6.299999999999999822e+00
6.310000000000000497e+00
6.320000000000000284e+00
6.330000000000000071e+00
6.339999999999999858e+00
6.349999999999999645e+00
6.360000000000000320e+00
6.370000000000000107e+00
6.379999999999999893e+00
6.390000000000000568e+00
6.400000000000000355e+00
6.410000000000000142e+00
6.419999999999999929e+00
6.429999999999999716e+00
6.440000000000000391e+00
6.450000000000000178e+00
6.459999999999999964e+00
6.470000000000000639e+00
6.480000000000000426e+00
6.490000000000000213e+00
6.500000000000000000e+00
6.509999999999999787e+00
6.520000000000000462e+00
6.530000000000000249e+00
6.540000000000000036e+00
6.550000000000000711e+00
6.560000000000000497e+00
6.570000000000000284e+00
6.580000000000000071e+00
6.589999999999999858e+00
6.600000000000000533e+00
6.610000000000000320e+00
6.620000000000000107e+00
6.630000000000000782e+00
6.640000000000000568e+00
6.650000000000000355e+00
6.660000000000000142e+00
6.669999999999999929e+00
6.680000000000000604e+00
6.690000000000000391e+00
6.700000000000000178e+00
6.710000000000000853e+00
6.720000000000000639e+00
6.730000000000000426e+00
6.740000000000000213e+00
6.750000000000000000e+00
6.760000000000000675e+00
6.770000000000000462e+00
6.780000000000000249e+00
6.790000000000000924e+00
6.800000000000000711e+00
6.810000000000000497e+00
6.820000000000000284e+00
6.830000000000000071e+00
6.840000000000000746e+00
6.850000000000000533e+00
6.860000000000000320e+00
6.870000000000000995e+00
6.880000000000000782e+00
6.890000000000000568e+00
6.900000000000000355e+00
6.910000000000000142e+00
6.920000000000000817e+00
6.930000000000000604e+00
6.940000000000000391e+00
6.950000000000001066e+00
6.960000000000000853e+00
6.970000000000000639e+00
6.980000000000000426e+00
6.990000000000000213e+00
7.000000000000000888e+00
7.010000000000000675e+00
7.020000000000000462e+00
7.030000000000001137e+00
7.039999999999999147e+00
7.049999999999999822e+00
7.059999999999999609e+00
7.069999999999999396e+00
7.080000000000000071e+00
7.089999999999999858e+00
7.099999999999999645e+00
7.109999999999999432e+00
7.119999999999999218e+00
7.129999999999999893e+00
7.139999999999999680e+00
7.149999999999999467e+00
7.160000000000000142e+00
7.169999999999999929e+00
7.179999999999999716e+00
7.189999999999999503e+00
7.199999999999999289e+00
7.209999999999999964e+00
7.219999999999999751e+00
7.229999999999999538e+00
7.240000000000000213e+00
7.250000000000000000e+00
7.259999999999999787e+00
7.269999999999999574e+00
7.279999999999999361e+00
7.290000000000000036e+00
7.299999999999999822e+00
7.309999999999999609e+00
7.320000000000000284e+00
7.330000000000000071e+00
7.339999999999999858e+00
7.349999999999999645e+00
7.359999999999999432e+00
7.370000000000000107e+00
7.379999999999999893e+00
7.389999999999999680e+00
7.400000000000000355e+00
7.410000000000000142e+00
7.419999999999999929e+00
7.429999999999999716e+00
7.439999999999999503e+00
7.450000000000000178e+00
7.459999999999999964e+00
7.469999999999999751e+00
7.480000000000000426e+00
7.490000000000000213e+00
7.500000000000000000e+00
7.509999999999999787e+00
7.519999999999999574e+00
7.530000000000000249e+00
7.540000000000000036e+00
7.549999999999999822e+00
7.560000000000000497e+00
7.570000000000000284e+00
7.580000000000000071e+00
7.589999999999999858e+00
7.599999999999999645e+00
7.610000000000000320e+00
7.620000000000000107e+00
7.629999999999999893e+00
7.640000000000000568e+00
7.650000000000000355e+00
7.660000000000000142e+00
7.669999999999999929e+00
7.679999999999999716e+00
7.690000000000000391e+00
7.700000000000000178e+00
7.709999999999999964e+00
7.720000000000000639e+00
7.730000000000000426e+00
7.740000000000000213e+00
7.750000000000000000e+00
7.759999999999999787e+00
7.770000000000000462e+00
7.780000000000000249e+00
7.790000000000000036e+00
7.800000000000000711e+00
7.810000000000000497e+00
7.820000000000000284e+00
7.830000000000000071e+00
7.839999999999999858e+00
7.850000000000000533e+00
7.860000000000000320e+00
7.870000000000000107e+00
7.880000000000000782e+00
7.890000000000000568e+00
7.900000000000000355e+00
7.910000000000000142e+00
7.919999999999999929e+00
7.930000000000000604e+00
7.940000000000000391e+00
7.950000000000000178e+00
7.960000000000000853e+00
7.970000000000000639e+00
7.980000000000000426e+00
7.990000000000000213e+00
8.000000000000000000e+00
8.009999999999999787e+00
8.019999999999999574e+00
8.030000000000001137e+00
8.040000000000000924e+00
8.050000000000000711e+00
8.060000000000000497e+00
8.070000000000000284e+00
8.080000000000000071e+00
8.089999999999999858e+00
8.100000000000001421e+00
8.110000000000001208e+00
8.120000000000000995e+00
8.130000000000000782e+00
8.140000000000000568e+00
8.150000000000000355e+00
8.160000000000000142e+00
8.169999999999999929e+00
8.179999999999999716e+00
8.190000000000001279e+00
8.200000000000001066e+00
8.210000000000000853e+00
8.220000000000000639e+00
8.230000000000000426e+00
8.240000000000000213e+00
8.250000000000000000e+00
8.260000000000001563e+00
8.270000000000001350e+00
8.280000000000001137e+00
8.290000000000000924e+00
8.300000000000000711e+00
8.310000000000000497e+00
8.320000000000000284e+00
8.330000000000000071e+00
8.339999999999999858e+00
8.349999999999999645e+00
8.359999999999999432e+00
8.369999999999999218e+00
8.379999999999999005e+00
8.390000000000000568e+00
8.400000000000000355e+00
8.410000000000000142e+00
8.419999999999999929e+00
8.429999999999999716e+00
8.439999999999999503e+00
8.449999999999999289e+00
8.459999999999999076e+00
8.469999999999998863e+00
8.480000000000000426e+00
8.490000000000000213e+00
8.500000000000000000e+00
8.509999999999999787e+00
8.519999999999999574e+00
8.529999999999999361e+00
8.539999999999999147e+00
8.550000000000000711e+00
8.560000000000000497e+00
8.570000000000000284e+00
8.580000000000000071e+00
8.589999999999999858e+00
8.599999999999999645e+00
8.609999999999999432e+00
8.619999999999999218e+00
8.629999999999999005e+00
8.640000000000000568e+00
8.650000000000000355e+00
8.660000000000000142e+00
8.669999999999999929e+00
8.679999999999999716e+00
8.689999999999999503e+00
8.699999999999999289e+00
8.710000000000000853e+00
8.720000000000000639e+00
8.730000000000000426e+00
8.740000000000000213e+00
8.750000000000000000e+00
8.759999999999999787e+00
8.769999999999999574e+00
8.779999999999999361e+00
8.789999999999999147e+00
8.800000000000000711e+00
8.810000000000000497e+00
8.820000000000000284e+00
8.830000000000000071e+00
8.839999999999999858e+00
8.849999999999999645e+00
8.859999999999999432e+00
8.870000000000000995e+00
8.880000000000000782e+00
8.890000000000000568e+00
8.900000000000000355e+00
8.910000000000000142e+00
8.919999999999999929e+00
8.929999999999999716e+00
8.939999999999999503e+00
8.949999999999999289e+00
8.960000000000000853e+00
8.970000000000000639e+00
8.980000000000000426e+00
8.990000000000000213e+00
9.000000000000000000e+00
9.009999999999999787e+00
9.019999999999999574e+00
9.030000000000001137e+00
9.040000000000000924e+00
9.050000000000000711e+00
9.060000000000000497e+00
9.070000000000000284e+00
9.080000000000000071e+00
9.089999999999999858e+00
9.099999999999999645e+00
9.109999999999999432e+00
9.120000000000000995e+00
9.130000000000000782e+00
9.140000000000000568e+00
9.150000000000000355e+00
9.160000000000000142e+00
9.169999999999999929e+00
9.179999999999999716e+00
9.190000000000001279e+00
9.200000000000001066e+00
9.210000000000000853e+00
9.220000000000000639e+00
9.230000000000000426e+00
9.240000000000000213e+00
9.250000000000000000e+00
9.259999999999999787e+00
9.269999999999999574e+00
9.280000000000001137e+00
9.290000000000000924e+00
9.300000000000000711e+00
9.310000000000000497e+00
9.320000000000000284e+00
9.330000000000000071e+00
9.339999999999999858e+00
9.350000000000001421e+00
9.360000000000001208e+00
9.370000000000000995e+00
9.380000000000000782e+00
9.390000000000000568e+00
9.400000000000000355e+00
9.410000000000000142e+00
9.419999999999999929e+00
9.429999999999999716e+00
9.440000000000001279e+00
9.450000000000001066e+00
9.460000000000000853e+00
9.470000000000000639e+00
9.480000000000000426e+00
9.490000000000000213e+00
9.500000000000000000e+00
9.510000000000001563e+00
9.520000000000001350e+00
9.530000000000001137e+00
9.540000000000000924e+00
9.550000000000000711e+00
9.560000000000000497e+00
9.570000000000000284e+00
9.580000000000000071e+00
9.589999999999999858e+00
9.599999999999999645e+00
9.609999999999999432e+00
9.619999999999999218e+00
9.629999999999999005e+00
9.640000000000000568e+00
9.650000000000000355e+00
9.660000000000000142e+00
9.669999999999999929e+00
9.679999999999999716e+00
9.689999999999999503e+00
9.699999999999999289e+00
9.709999999999999076e+00
9.719999999999998863e+00
9.730000000000000426e+00
9.740000000000000213e+00
9.750000000000000000e+00
9.759999999999999787e+00
9.769999999999999574e+00
9.779999999999999361e+00
9.789999999999999147e+00
9.800000000000000711e+00
9.810000000000000497e+00
9.820000000000000284e+00
9.830000000000000071e+00
9.839999999999999858e+00
9.849999999999999645e+00
9.859999999999999432e+00
9.869999999999999218e+00
9.879999999999999005e+00
9.890000000000000568e+00
9.900000000000000355e+00
9.910000000000000142e+00
9.919999999999999929e+00
9.929999999999999716e+00
9.939999999999999503e+00
9.949999999999999289e+00
9.960000000000000853e+00
9.970000000000000639e+00
9.980000000000000426e+00
9.990000000000000213e+00
6.523485066277911265e+20
6.192494645152947896e+20
5.248397478909834035e+20
3.829333677783626547e+20
2.149141782215954596e+20
4.556956779827932365e+19
-1.023359883845483069e+20
-2.133052579300519772e+20
-2.812458060313134039e+20
-3.078664799391836406e+20
-2.996755725892787241e+20
-2.655101089711218688e+20
-2.145429295391947162e+20
-1.552331084818084332e+20
-9.495644137792883917e+19
-3.987671258579315098e+19
5.670590136182679552e+18
3.964785299127823565e+19
6.202347201516589056e+19
7.421359980540374221e+19
7.875124630167106355e+19
7.912828750601660006e+19
7.890940615895574118e+19
7.974616977043403571e+19
7.981223482024104755e+19
7.445222226617570099e+19
5.877705725174104883e+19
3.062111648046459290e+19
-7.971698069922713600e+18
-5.061875580707881779e+19
-8.860514503880142029e+19
-1.135410299367295877e+20
-1.211970783646133289e+20
-1.133773171002162217e+20
-9.649333294413745357e+19
-7.737294084257012122e+19
-5.966450880908821299e+19
-4.294561391383469261e+19
-2.478571589193763226e+19
-3.471561884344553472e+18
2.044799872835878093e+19
4.419112054952459469e+19
6.398929024015466496e+19
7.629335661080743117e+19
7.952136287520332186e+19
7.458169872360151450e+19
6.478396024657844634e+19
5.506423683392348160e+19
5.094720021456837018e+19
5.670081713496747213e+19
7.291123347068017869e+19
9.530242370215208550e+19
1.151746694211555328e+20
1.226863270144824115e+20
1.106442725974155264e+20
7.756408903329554432e+19
2.940620641027020390e+19
-2.178313106435943629e+19
-6.256748906118217728e+19
-8.399665067690752410e+19
-8.468464209432461312e+19
-7.016771249953303757e+19
-4.920943552332239667e+19
-3.015622170138231603e+19
-1.827603711643833549e+19
-1.535403562183630438e+19
-2.072759771785193882e+19
-3.290859041907964314e+19
-5.036415343081757082e+19
-7.095109276530864128e+19
-9.147162702978611610e+19
-1.074147426571066081e+20
-1.134276420390721126e+20
-1.049944256871796081e+20
-8.007154052988141568e+19
-4.016874913165077709e+19
9.176706374468465664e+18
5.978484297842010522e+19
1.032039135069355213e+20
1.335590835852678595e+20
1.490575687109756846e+20
1.520376636250927268e+20
1.478854923022730199e+20
1.422882907418655457e+20
1.382155405393908859e+20
1.347764058549294203e+20
1.286338239402872177e+20
1.166524573300933427e+20
9.829317763052099994e+19
7.552980420735734579e+19
5.072884348553558426e+19
2.444823984587902566e+19
-5.167858809392495616e+18
-4.013162666777881805e+19
-7.965066959934123213e+19
-1.190438238593057260e+20
-1.521298921388010701e+20
-1.739645715779973612e+20
-1.823329051791528755e+20
-1.780449624263137362e+20
-1.642724499749221827e+20
-1.455106803641898107e+20
-1.254753292588976538e+20
-1.051826866621508485e+20
-8.253798721552080896e+19
-5.362185603625272934e+19
-1.580582718652624282e+19
2.969194559760565043e+19
7.642159312378876723e+19
1.150178216473807913e+20
1.372457002225570775e+20
1.393299227036201943e+20
1.220844367291941028e+20
8.955687762514345984e+19
4.718051238403035955e+19
1.183264239774400512e+18
-4.207192815443850854e+19
-7.710843995540850278e+19
-1.000325014385152655e+20
-1.091767576091261174e+20
-1.046638260321733181e+20
-8.833635008169210675e+19
-6.363750881815959962e+19
-3.516350034820097638e+19
-7.647515158240894976e+18
1.535364989580870656e+19
3.170232083733000192e+19
4.061406214745230541e+19
4.210398527080443904e+19
3.688149316387065856e+19
2.671826534158331904e+19
1.548630627371287962e+19
8.683823257888811008e+18
1.092352680296875622e+19
2.281009412085434368e+19
3.947799784414587290e+19
5.229586956666100122e+19
5.236414791925565850e+19
3.424814733161979494e+19
-7.225421805660231680e+17
-4.410269569511763149e+19
-8.426394245863112704e+19
-1.121072763846630277e+20
-1.244857153446672630e+20
-1.239270126794635674e+20
-1.153294361372541583e+20
-1.028367390904999772e+20
-8.854200313114252083e+19
-7.349815443788111872e+19
-5.881013073392484352e+19
-4.638942309688597709e+19
-3.824190873462410445e+19
-3.479299981583378432e+19
-3.481883474250366566e+19
-3.583515128254341530e+19
-3.509194829631133696e+19
-3.111159539419496038e+19
-2.488121961982667571e+19
-1.921594102529054310e+19
-1.677564408156767437e+19
-1.780693104316229427e+19
-1.941693423743709594e+19
-1.813706501255615078e+19
-1.250505454171459379e+19
-4.682713460680952832e+18
1.501837369275102208e+18
4.178519620940834816e+18
5.749929538071450624e+18
1.119533803851801805e+19
2.456472052211073843e+19
4.559009620470763520e+19
6.906112560873673523e+19
8.696925123298148352e+19
9.275227977545288909e+19
8.479699330637768294e+19
6.749692382393937101e+19
4.948684819126457958e+19
3.898882165563282227e+19
3.948948154093678592e+19
4.814371557523372442e+19
5.793588291406041088e+19
6.250990276137020621e+19
5.937534717744024781e+19
5.030756637014174106e+19
3.862790236185146982e+19
2.680508874440487731e+19
1.639585747464811930e+19
9.352934587059367936e+18
7.991122928441895936e+18
1.257033109289332736e+19
1.957968691843937485e+19
2.383633209920164659e+19
2.241377084449973453e+19
1.593950894808047616e+19
7.168138598591987712e+18
-5.505398359517248000e+17
-4.175895238997665792e+18
-2.719668198565815296e+18
2.068044758808066048e+18
6.227339195817732096e+18
6.026603793123036160e+18
2.979148989255004160e+17
-8.931213076260373504e+18
-1.807781199410920448e+19
-2.412270056859108557e+19
-2.602830264077121536e+19
-2.461098407259137229e+19
-2.240501722507915264e+19
-2.284482961592858624e+19
-2.925866573669518950e+19
-4.267862969142371942e+19
-6.007293946842962330e+19
-7.510304344889991168e+19
-8.084163507333975245e+19
-7.318892867618042675e+19
-5.276416025840708813e+19
-2.413474049930568499e+19
5.426322298524372992e+18
2.759832311499573658e+19
3.526874078276530176e+19
2.481717802081221427e+19
-1.836100851103979776e+18
-3.733758717337609830e+19
-7.105840884102284083e+19
-9.229944437787502182e+19
-9.361742895024806298e+19
-7.331600322237600563e+19
-3.665786125559606477e+19
5.502715112667915264e+18
4.139438908275089408e+19
6.387300650211093709e+19
7.248871219514505626e+19
7.131395948407175578e+19
6.480583594340488806e+19
5.485730079165499802e+19
4.163762643165757440e+19
2.640105642415856026e+19
1.346140900879220531e+19
8.672137560002697216e+18
1.511513924335460352e+19
3.091648958305582285e+19
5.097667469953320550e+19
7.134033489744200499e+19
9.090223971556212736e+19
1.106744512318000005e+20
1.306655849415884145e+20
1.479262227828955218e+20
1.567037652814920090e+20
1.508127242516731658e+20
1.269523842593658307e+20
8.680789068801708851e+19
3.659427228448309248e+19
-1.538687035220963942e+19
-6.190347083388957491e+19
-9.815227700787852083e+19
-1.212230950112478167e+20
-1.294452128531352781e+20
-1.226349048599764337e+20
-1.031690857955101573e+20
-7.598917501491635814e+19
-4.761500868817024614e+19
-2.437920671280377037e+19
-1.046360456199464755e+19
-7.097767257907342336e+18
-1.231552267435523277e+19
-2.185787146603273421e+19
-3.110768808448718848e+19
-3.676260973086528307e+19
-3.749165193110129050e+19
-3.389539827814815744e+19
-2.713917426146482586e+19
-1.788306539746328371e+19
-6.218257703450670080e+18
7.043941638439325696e+18
1.991454870847654298e+19
2.945715318834060902e+19
3.281343473599941837e+19
2.844584519118036173e+19
1.706015802745665126e+19
1.669686609224017920e+18
-1.278526949220512358e+19
-2.110441723528755610e+19
-1.974712609705792717e+19
-8.648866752736652288e+18
8.496306817376553984e+18
2.584938187742986240e+19
3.798072160922244710e+19
4.202462774946339226e+19
3.838142905118965760e+19
3.046877324652460032e+19
2.324232775746489549e+19
2.046054869344296141e+19
2.226950975355117568e+19
2.594669383965184000e+19
2.891474375710833459e+19
3.124961193307968307e+19
3.593938044012349440e+19
4.597144783061182054e+19
6.145948744146027315e+19
7.971511810720727040e+19
9.751316466020935270e+19
1.127130897386152919e+20
1.230680136466290606e+20
1.249964242791698596e+20
1.140777655959256105e+20
8.758712036824888115e+19
4.690536955851618714e+19
-1.733794033373743104e+18
-4.850485183680759398e+19
-8.303151828530751078e+19
-9.842352886210822144e+19
-9.402640038406753485e+19
-7.439156365588601242e+19
-4.706271482022400819e+19
-1.930969579249083597e+19
3.436891807608960000e+18
1.815587177554420122e+19
2.360684905930191667e+19
2.068145923773982720e+19
1.298642730463655936e+19
6.597444726745909248e+18
7.990066403449545728e+18
2.158399527473754112e+19
4.740138693022560256e+19
8.045774961147405926e+19
1.122813264881801298e+20
1.339493099372350833e+20
1.400074852868649452e+20
1.303008419052544819e+20
1.090003998014782505e+20
8.201209883695775744e+19
5.499431914773511373e+19
3.319515081849129370e+19
2.102863178115174400e+19
2.118867650624952320e+19
3.256231720208181658e+19
4.971072629507544678e+19
6.412578148720640000e+19
6.825437549336583373e+19
5.929713088188162048e+19
3.934220519121367859e+19
1.225279047380927693e+19
-2.063061516653091226e+19
-5.968016116269503283e+19
-1.034355766180185539e+20
-1.455212814333064151e+20
-1.752515283574379315e+20
-1.823945207107752428e+20
-1.615490018195487457e+20
-1.149554487839010324e+20
-5.177767926267179827e+19
1.516327809174118400e+19
7.324466194950126797e+19
1.142749075187577979e+20
1.363329354205744824e+20
1.425911503680231342e+20
1.382963547092807844e+20
1.285639308526560870e+20
1.172623791990532342e+20
1.062956535739745731e+20
9.566823209775700378e+19
8.502750022081183744e+19
7.466682352529779917e+19
6.522535038207156224e+19
5.616982732677588582e+19
4.491097047311504179e+19
2.826278403493602918e+19
4.870598109188527104e+18
-2.385863000583467008e+19
-5.500193561620049101e+19
-8.513043919620792320e+19
-1.103049991243075748e+20
-1.265160544465883955e+20
-1.311825365051392655e+20
-1.246303952540582543e+20
-1.102112502053013914e+20
-9.209472752224413286e+19
-7.283938195411268403e+19
-5.330739448418348237e+19
-3.420549238738814157e+19
-1.747767956239412019e+19
-6.064712155886970880e+18
-1.888260409123168256e+18
-4.742139478341353472e+18
-1.232558724111674163e+19
-2.210057388197835571e+19
-3.238320534092943360e+19
-4.275823043025046733e+19
-5.328368135258612531e+19
-6.385893359218796134e+19
-7.524502672853966848e+19
-8.887284778398262886e+19
-1.056612733126637814e+20
-1.240555901637707694e+20
-1.391196989805188547e+20
-1.440554480007209452e+20
-1.334325697393036493e+20
-1.064207185586510070e+20
-6.757593043026019123e+19
-2.591159417029440717e+19
7.882334123475219456e+18
2.565436252713464627e+19
2.599708763957727232e+19
1.595105763666498355e+19
7.997385403957280768e+18
1.348019842841687654e+19
3.622024553663676416e+19
7.022502626069889024e+19
1.024574226170658324e+20
1.193706500799655281e+20
1.128713942785144914e+20
8.337200458359619584e+19
3.842275187986580275e+19
-1.063765920051962470e+19
-5.219673403485723034e+19
-7.732917637972115456e+19
-8.248153885104947200e+19
-6.989008848755250790e+19
-4.633023186024257126e+19
-2.047540828648559411e+19
1.518124662619054080e+17
1.116422122522928947e+19
1.141211636159327437e+19
2.279663595287456256e+18
-1.291549877991706419e+19
-2.939266574833528013e+19
-4.173124138065219584e+19
-4.583889763566444544e+19
-4.065350801045018214e+19
-2.862800772687191654e+19
-1.511389775898921370e+19
-5.945353578126319616e+18
-6.529474174657665024e+18
-2.052771762765241958e+19
-4.846009252054371533e+19
-8.653966656512824115e+19
-1.271679739875376497e+20
-1.611866395700330496e+20
-1.809557732649604219e+20
-1.825638503380264878e+20
-1.657888949119408865e+20
-1.331204688628253164e+20
-8.852983231636691354e+19
-3.715324278130953421e+19
1.473984585755738522e+19
6.019790082579528909e+19
9.292775679595442995e+19
1.086271073313744159e+20
1.068491300227424420e+20
9.169898563538282086e+19
7.033771711635842662e+19
5.041924646041229722e+19
3.758686246706318541e+19
3.358161746557433856e+19
3.589579231026214502e+19
3.869710498209399603e+19
3.605648778928205414e+19
2.504772912919136666e+19
7.048281033527108608e+18
-1.323186436949953536e+19
-2.975441266465266483e+19
-3.774754354959961293e+19
-3.588407283666217370e+19
-2.669855056387769549e+19
-1.554259056955876762e+19
-7.439680797177950208e+18
-4.995894821050180608e+18
-7.407450653634991104e+18
-1.160878024835289702e+19
-1.356156561920925491e+19
-1.089743682299288371e+19
-4.029413199976558080e+18
4.546030582198218752e+18
1.208196320179697664e+19
1.806814104775847936e+19
2.527590782658893824e+19
3.790742714659655680e+19
5.761097447268963942e+19
8.027824323006174003e+19
9.683844557441459814e+19
9.740395392521656730e+19
7.683831229515438490e+19
3.799449203951267840e+19
-8.722985592393835520e+18
-4.918768273215821414e+19
-7.172184829182368154e+19
-7.158793332586444390e+19
-5.044770347905953792e+19
-1.388194803259681382e+19
2.989577379775601050e+19
7.112382797625501286e+19
1.003041510781807493e+20
1.110447628354441544e+20
1.020160939759320760e+20
7.660129302903844045e+19
4.116744985975372186e+19
3.313441961938831360e+18
-2.951976322664291123e+19
-5.047694492210420122e+19
-5.369288026690179891e+19
-3.615639163213614694e+19
-5.487730528909312000e+17
4.360198689251337011e+19
8.254783121078601318e+19
1.030271572617381806e+20
9.733868167567368192e+19
6.633689033902309376e+19
1.948364495629711770e+19
-2.917077066469978112e+19
-6.700995825417280717e+19
-8.724949180107879219e+19
-9.043992474550360474e+19
-8.223995991489344307e+19
-6.959602968169740698e+19
-5.772261392535686349e+19
-4.934579058668493210e+19
-4.513085354613459354e+19
-4.425610121416950579e+19
-4.503767632143195341e+19
-4.549594315479315251e+19
-4.374267402140894003e+19
-3.786251134383620915e+19
-2.569602590518342451e+19
-5.518494122420217856e+18
2.262532818812304589e+19
5.622211372162215936e+19
8.993822705071502131e+19
1.161003266183037092e+20
1.270668108807289242e+20
1.190218246693796413e+20
9.478167061225712845e+19
6.332815803328186778e+19
3.624167725956810752e+19
2.287674505546364928e+19
2.620605798925632717e+19
4.159312134567636173e+19
5.882781493916388557e+19
6.787953657459435110e+19
6.380396100153858458e+19
4.843978597344043008e+19
2.761448167848510669e+19
6.987336282601783296e+18
-1.158149013840374374e+19
-2.896018088167190118e+19
-4.555631453572281139e+19
-5.926989548160126976e+19
-6.610856894896241869e+19
-6.270739168712719565e+19
-4.841181942960857088e+19
-2.640563256371663667e+19
-2.849476399827008000e+18
1.526592661433923994e+19
2.390005114568517222e+19
2.456292843587849830e+19
2.305548272943180186e+19
2.549632529024058573e+19
3.467357831578003046e+19
4.842774439666343936e+19
6.136648799558858342e+19
6.777963942159727821e+19
6.444397147286682829e+19
5.205518432361504768e+19
3.490020678385825382e+19
1.823384510993895014e+19
6.020143795222557696e+18
-5.057031324483114240e+17
-2.661089073890520064e+18
-2.963845279083429376e+18
-3.428787278318983168e+18
-4.894228544160687104e+18
-7.007555142136070144e+18
-8.690716919731614720e+18
-8.247650618233965568e+18
-4.254874647086080512e+18
3.832902159252789248e+18
1.436583806545928397e+19
2.359893810678884762e+19
2.707125210412897485e+19
2.245809631069170483e+19
1.125024188331477606e+19
-1.814535809703364608e+18
-1.202389310527494349e+19
-1.822219277160448410e+19
-2.342657086026720461e+19
-3.230846075009720730e+19
-4.726422441523493274e+19
-6.668374627106124595e+19
-8.677948916786036736e+19
-1.046845896750403912e+20
-1.187762877214047764e+20
-1.283817211311470510e+20
-1.336987162088302019e+20
-1.361973918719230771e+20
-1.366741709689946276e+20
-1.329460326847224709e+20
-1.200221988738773156e+20
-9.333306434413930086e+19
-5.323924476630785229e+19
-6.816652830790194176e+18
3.496635087697028301e+19
6.403124866885388698e+19
7.964257804470753690e+19
8.706692530770516378e+19
9.244026007237779456e+19
9.866188841334456320e+19
1.040583183422047355e+20
1.040068819391231427e+20
9.314293475077973606e+19
6.836430689729703117e+19
3.099598596365169869e+19
-1.275531644963017933e+19
-5.358781581216974438e+19
-8.266271053856936755e+19
-9.457986131394225766e+19
-8.912600102482400051e+19
-7.065975799075579494e+19
-4.543826452835555738e+19
-1.842190633692500173e+19
7.965307387140440064e+18
3.308480702134788096e+19
5.715074866046468096e+19
7.954124383141285069e+19
9.813720683744934298e+19
1.096676859614018437e+20
1.109763563375393178e+20
1.004081737646483538e+20
7.864493299979195187e+19
4.918559602786925773e+19
1.757991008964633600e+19
-9.843772828955217920e+18
-2.830697383705251021e+19
-3.628538029498043187e+19
-3.545667298902073344e+19
-2.941995407091181158e+19
-2.157753619931168768e+19
-1.385129694981532058e+19
-6.731966133330916352e+18
-7.139260407500318720e+17
3.165316651086631936e+18
4.566917564264986624e+18
4.436745870731915264e+18
3.842060377247406080e+18
2.511236403427102720e+18
-1.760918079522074112e+18
-1.185340971167745024e+19
-2.899770774388480410e+19
-5.148717987380429619e+19
-7.508917343420574925e+19
-9.496805074611350733e+19
-1.074997951794425364e+20
-1.110733233335561257e+20
-1.053923256455261880e+20
-9.092934082156976538e+19
-6.938609402261794816e+19
-4.402183223470660813e+19
-1.904547653639470694e+19
2.054942916628653056e+18
1.730892301892577075e+19
2.569893851649370931e+19
2.679508162766053376e+19
2.071677154939506688e+19
8.846897105160662016e+18
-6.616077740542748672e+18
-2.302642493462285517e+19
-3.746931578587179418e+19
-4.654154827782524109e+19
-4.657465932097480294e+19
-3.458708919549278618e+19
-1.111718200626647859e+19
1.863894930750260019e+19
4.661304201732254106e+19
6.531130430238901043e+19
7.142208495159279616e+19
6.663864499527018086e+19
5.672150947442653594e+19
4.848261414085559910e+19
4.706840987326377165e+19
5.392365908786516787e+19
6.635746035414396928e+19
7.878410553913448858e+19
8.556370463131702067e+19
8.399180798333504717e+19
7.622085632357959270e+19
6.785737921190992282e+19
6.421954407364621926e+19
6.590845557378551808e+19
6.804422587996090368e+19
6.334152270899461325e+19
4.753718275518228070e+19
2.092088788392810496e+19
-1.269845012777331302e+19
-4.870335309322480845e+19
-8.284998382951292928e+19
-1.115122865564382986e+20
-1.316199251366133596e+20
-1.414462427430264668e+20
-1.413983951929982976e+20
-1.343335540664899830e+20
-1.243247651527653949e+20
-1.156782858167223091e+20
-1.120676723308708168e+20
-1.154751683447281910e+20
-1.245040260191004099e+20
-1.341847705358143160e+20
-1.375556151219028787e+20
-1.286103431324257976e+20
-1.047012911274778952e+20
-6.764383833206921626e+19
-2.314762055381392179e+19
2.115780643722987930e+19
5.849874475434114253e+19
8.527987372170810163e+19
1.015398753644174868e+20
1.101059111289190154e+20
1.151660646660756603e+20
1.206942525855558533e+20
1.290440776642512650e+20
1.401238551479228662e+20
1.514733114496676004e+20
1.593224807370274243e+20
1.593198214317636321e+20
1.471744836103629046e+20
1.196888541128258683e+20
7.662296684119754342e+19
2.276513870165063680e+19
-3.186006470949164646e+19
-7.459685587236323328e+19
-9.539653955146522624e+19
-9.128387859622997197e+19
-6.768975180178304205e+19
-3.560116164274643354e+19
-6.528143332378736640e+18
1.197221223236240179e+19
1.829219327508433306e+19
1.598341582052284211e+19
1.065910525061217690e+19
6.658331906127327232e+18
4.840942100162538496e+18
2.917215421486274560e+18
-2.609035926452271104e+18
-1.366875809130400358e+19
-2.931452954574793523e+19
-4.633973971931892122e+19
-6.060683187851938202e+19
-6.857208958362658406e+19
-6.805749646590464819e+19
-5.897905940521305702e+19
-4.301435788359507149e+19
-2.326441728357258445e+19
-2.837154418868688896e+18
1.560213735947815117e+19
2.968034394403672064e+19
3.745259262202189414e+19
3.835778044733509632e+19
3.392384748212838810e+19
2.723951725364192870e+19
2.165888463315284787e+19
1.940156897625691750e+19
2.097772371212871270e+19
2.513723267996180070e+19
2.963687012451425485e+19
3.270530775005067674e+19
3.469477412797091430e+19
3.724808159743851725e+19
4.138538836924027699e+19
4.630637438304567296e+19
5.027717105071480013e+19
5.252665041077040742e+19
5.313674520955944141e+19
5.193623177989897421e+19
4.816432443678592205e+19
4.061290680329544499e+19
2.753666241070287258e+19
7.436956639403173888e+18
-1.992164755154832589e+19
-5.116928406730091725e+19
-7.951683537030579814e+19
-9.724276423581578035e+19
-9.904790867770068173e+19
-8.422091823065532006e+19
-5.636173705960044134e+19
-2.203159747154332877e+19
1.074416370578502656e+19
3.415487326131680051e+19
4.303938681379776102e+19
3.666798122469818368e+19
1.901926585819612365e+19
-2.159681721802185728e+18
-1.901479597716408320e+19
-2.719310284620167578e+19
-2.731534827909778227e+19
-2.234140535982119731e+19
-1.475453447637620531e+19
-5.460360111117945856e+18
5.021897125442710528e+18
1.621165242932552090e+19
2.864569232559081882e+19
4.434644572452069376e+19
6.537226964187419443e+19
9.219363512739748250e+19
1.226987265980831007e+20
1.522117943985991844e+20
1.747083467502013645e+20
1.847877250757203395e+20
1.786026175529421373e+20
1.542399965915913585e+20
1.128761829669193482e+20
5.903204278958795162e+19
8.287656944186936320e+17
-5.194646109281052262e+19
-9.066877859526108774e+19
-1.103472102118194872e+20
-1.102132080033714995e+20
-9.322173597028050534e+19
-6.508038023359385600e+19
-3.334214904716525978e+19
-5.570109928689766400e+18
1.249771239443727770e+19
1.816382515019931853e+19
1.158529807711882035e+19
-4.122016441270760448e+18
-2.337971280053288960e+19
-3.928909486347493376e+19
-4.573238602952863744e+19
-3.982437105765710234e+19
-2.296539771792440934e+19
-5.823459143079751680e+17
1.925155682942194483e+19
2.838621668118073344e+19
2.228264933537381581e+19
2.768653174580837376e+18
-2.275133528328564326e+19
-4.575348747076918477e+19
-6.121856521489688986e+19
-6.893909527187545293e+19
-7.127933145689624576e+19
-7.016728043909969510e+19
-6.580717002555154432e+19
-5.741355277863149568e+19
-4.457496151069569843e+19
-2.821344079452696166e+19
-1.061384782374525338e+19
5.006555444345917440e+18
1.583791854031425946e+19
2.014898845486495334e+19
1.757273549220393370e+19
9.055127999633175552e+18
-2.634108619236179968e+18
-1.331398833412179968e+19
-1.855394222453809152e+19
-1.552058699532250931e+19
-4.465422276416308736e+18
1.147905664797284557e+19
2.757482655008308429e+19
3.895011555041127629e+19
4.151145015232399770e+19
3.318919686838553805e+19
1.465504715173634458e+19
-9.806005765515581440e+18
-3.306670069212160000e+19
-4.685298850853649613e+19
-4.469744405421960397e+19
-2.522670007407677030e+19
7.158813497107806208e+18
4.363868661476013670e+19
7.475199176809177088e+19
9.418876242322400870e+19
1.003721270355766968e+20
9.489278927989176730e+19
8.018417512846558822e+19
5.947045769985748992e+19
3.706445999299339059e+19
1.830570428702799258e+19
7.732866457888827392e+18
6.334652111488059392e+18
1.057305698786968781e+19
1.406400196051582566e+19
1.098253475109468774e+19
-1.417768425663673600e+18
-2.241145230498988851e+19
-4.924281610314232627e+19
-7.874107000447048090e+19
-1.077859266599013089e+20
-1.332198216748568740e+20
-1.515192878970697482e+20
-1.594787573126210847e+20
-1.551216546821977539e+20
-1.385358059223002808e+20
-1.124455174344332902e+20
-8.127060387079824998e+19
-4.987258351337535898e+19
-2.208467013293107610e+19
4.092114725884966400e+16
1.677718326059752243e+19
3.032685163106633318e+19
4.377026513785403802e+19
5.838439272378236928e+19
7.212790937444977869e+19
8.048822383284479590e+19
7.928121602307768320e+19
6.783782899678501274e+19
5.002625815776495206e+19
3.212710104898954035e+19
1.994243608948934656e+19
1.646827550913322189e+19
2.040303490104434278e+19
2.664591158365935206e+19
2.779705072686638694e+19
1.782426661058444083e+19
-4.666843186596597760e+18
-3.552936009423378842e+19
-6.789915408219271987e+19
-9.529498219378750259e+19
-1.134096667443834225e+20
-1.196478552841086239e+20
-1.126635727675349402e+20
-9.208035554684346368e+19
-5.869468374241219379e+19
-1.576782003830196019e+19
3.148256048077737574e+19
7.617320847687689830e+19
1.113142132356692214e+20
1.323121489644252201e+20
1.386119688371360399e+20
1.327425138787341926e+20
1.185656410934394225e+20
9.932198393417015296e+19
7.701916297036452659e+19
5.307269403143605453e+19
2.932651214127230976e+19
8.345758469647746048e+18
-6.727747630334127104e+18
-1.280208195263451546e+19
-7.984111343571554304e+18
6.792551406082603008e+18
2.641333839206544998e+19
4.238363522069078016e+19
4.635097676317949133e+19
3.454700536007943782e+19
1.008409954490989363e+19
-1.882007719114091315e+19
-4.354279142040231936e+19
-5.898557049006969651e+19
-6.482172391956851098e+19
-6.382654348827684864e+19
-5.933695553537415578e+19
-5.364248093234724864e+19
-4.761400590601622323e+19
-4.121489140698623181e+19
-3.443941916044275302e+19
-2.800992202456456397e+19
-2.353919601815811277e+19
-2.216690060188112486e+19
-2.301423310134355558e+19
-2.225485835330011546e+19
-1.516955721467773747e+19
8.190840782443033600e+17
2.384594767383702323e+19
4.836334434605735936e+19
6.719941671488211354e+19
7.558688794874106675e+19
7.395639076159633818e+19
6.787194183894873702e+19
6.446820696719590195e+19
6.799521781945085952e+19
7.754398827374131610e+19
8.923937091891906150e+19
9.963201835847856947e+19
1.070282344421266883e+20
1.112362760378191544e+20
1.122109581154082652e+20
1.099050795520049152e+20
1.047202462292041564e+20
9.743967417892690330e+19
8.956336934043775795e+19
8.247394770885843354e+19
7.652184085831093453e+19
7.073045275352942182e+19
6.275290729020438938e+19
5.010548919365024973e+19
3.143074770907052442e+19
7.313694857610608640e+18
-1.991664473765763482e+19
-4.720024144413818061e+19
-7.163636999262203904e+19
-9.059914958030564557e+19
-1.021112494163621970e+20
-1.054212289200237609e+20
-1.016199127652651172e+20
-9.297869510503692698e+19
-8.238317181576239514e+19
-7.245856620812790170e+19
-6.503261935741028762e+19
-6.113411010108601139e+19
-6.005798963308181094e+19
-5.934373209618587648e+19
-5.580916582395010253e+19
-4.768737721086555750e+19
-3.684898673036272026e+19
-2.871650361489071309e+19
9.584337631808260669e+20
3.425169246852575396e+20
2.995140358759566541e+19
-5.725318329037278413e+19
-3.577605040848135782e+19
-1.713785401002426368e+19
-4.770466926668074189e+19
-1.039551383042260992e+18
-2.507442448376885412e+20
-6.275219689201624678e+19
-3.719265394825887744e+19
-7.170242787663675392e+19
-2.316608198903490150e+19
5.277536316597207040e+17
-4.084642260949107999e+20
-1.481063916926958305e+20
-1.793542200863815107e+20
2.960368626903300178e+20
2.265674021915768914e+20
9.595751008628532838e+19
9.047551934440092467e+19
6.412097003196933734e+19
-8.463360750400412058e+19
8.750677411545428787e+19
2.299772215630348943e+20
7.473393415482874266e+19
3.217571503286308045e+19
2.298912236069139251e+20
4.547482932423929364e+20
4.513731988958520279e+20
2.198306798659740631e+20
-8.902366512723211059e+19
3.279464252354802483e+20
1.965594796794293780e+20
3.206723855999146394e+19
-3.297775849949804626e+20
-8.271926869866473062e+19
3.653667218541238026e+20
1.196876710220650250e+20
9.743736588524847104e+19
1.344682549257500099e+20
3.064523043579583529e+20
2.855249725780194755e+20
3.988229171516119450e+20
3.637326340077314376e+20
-1.729744882180187750e+19
1.137615237274193101e+20
1.003946535319450419e+19
-3.375431018944135168e+18
-4.586102938515642778e+19
5.575939692264056422e+19
-2.334393375915025367e+20
-4.489507519988508918e+20
-1.769235516820155269e+20
-2.556810878607928852e+20
-3.254514192020343357e+20
-5.300868026715445658e+20
-3.186135443366802883e+20
-3.660887571073524040e+20
-3.096712603725610353e+20
1.350320764681589883e+20
-3.270103720931413197e+19
1.575551990390241362e+20
2.314422210102600663e+20
5.389372681161067725e+19
2.965913293815136911e+20
7.704794408485598003e+20
5.588600805831074120e+20
7.918682283885262275e+20
5.778121388173190758e+20
6.657602491854115308e+20
8.870735396614313083e+20
4.181224358269513892e+20
1.104308509045193441e+21
7.992383297906467144e+20
5.087488514021308498e+20
3.434061213007179940e+20
4.987092333317440143e+20
-1.559863240252498903e+20
-5.659612266085251809e+20
-3.966050430861757645e+20
-6.728651044770723922e+20
-6.122077112220296151e+20
-5.103211646229738947e+20
-3.816596388823779246e+20
-1.010345281095005635e+20
-2.332724574460124856e+20
-1.114120148836081992e+20
1.024129458755254354e+20
1.604282860776655421e+20
3.209726292786319196e+20
1.795106866340330209e+20
2.628287479765679473e+20
7.136177772208062464e+18
1.232452704013595443e+20
2.353523677491636470e+20
4.454205174732543754e+20
1.904245849159431619e+20
2.710307429638083707e+20
1.087012417600560824e+20
4.974223896472117576e+20
5.613589021943922688e+19
5.279494559288524800e+19
7.315609568266944512e+18
-3.049796493500345221e+20
-1.464983170265487770e+20
-3.417609867828710605e+20
5.406679852122112000e+17
-4.712372304925614408e+20
-1.820241558471211745e+20
-1.878030389440675840e+20
-1.904576686780464497e+20
-5.341912825660545434e+19
3.258818152832906035e+19
-8.910611090578708890e+19
9.170654273867664589e+19
-1.085494043996271411e+19
4.224158074877246833e+20
4.514971634295027794e+20
1.086806034523430584e+20
3.570142116950237512e+20
6.328621234359631872e+19
4.993562748071077478e+19
4.250824382340923392e+19
-7.261320700441395200e+18
-2.077465879242436772e+20
-1.843148580703877202e+20
-1.379089270035185664e+20
-1.316793709962775757e+19
-9.014030766928245555e+19
-3.331859788281382175e+20
-3.125730000304309535e+20
-3.843711708831647007e+20
-3.565299808168973435e+20
-4.770339096176529244e+20
-4.644985328113727570e+20
-2.135870030244395090e+20
3.403151133884609987e+20
3.981257799987699384e+20
2.375318674003323781e+20
1.217877390620591391e+20
7.392167158819753820e+20
5.249373336728680530e+20
9.543088622689509704e+20
1.135559183523653878e+21
5.082913791442765742e+20
6.195602498751404442e+20
8.561027217178912358e+19
-1.023537154339163341e+20
-7.372485669462999040e+17
2.122977547619663872e+18
-2.864203354714501284e+20
-5.366871068992182682e+20
-3.391248355593530900e+20
-3.525755420057576407e+20
-3.965186801197425623e+20
-7.489756861526808986e+20
-3.616405073250222080e+20
-3.732243379910690734e+20
-1.053354571285397504e+20
-6.518718382947591782e+19
-8.001911699245996442e+19
3.717959551284779418e+19
3.467495582712924733e+20
2.226025348958393467e+20
2.390433699248000205e+20
1.997991351206396559e+20
2.205935654997157478e+20
1.052833030080728924e+20
3.738801664193284014e+20
2.214297663751407534e+20
6.133577339724093194e+20
1.152986408329192407e+20
7.582543523559117947e+20
6.873619710099429786e+20
5.606436699231381094e+20
3.535033032635653816e+20
4.399936521773210665e+20
5.322508152394586522e+19
-4.536185731709833052e+20
-4.390428386993855529e+20
-3.914481430722542305e+20
-4.547202579867128300e+20
-5.379646277645626245e+20
-3.736163013461404549e+20
9.290375544018514739e+19
3.559493819006483169e+20
4.379431389396939571e+20
7.023304482585543967e+20
6.083505634259417170e+20
5.269986833113567724e+20
1.516351125208222925e+20
9.928282358631366656e+18
6.372579455682163507e+19
1.106164711641768264e+20
-1.326973652695200563e+20
1.391765099984464118e+20
-4.614207196657142989e+19
3.129779258897989632e+20
1.930586667777114767e+20
3.976977520253101670e+19
1.758011054567739884e+20
2.240903781739292262e+19
1.493605686326591488e+19
-3.294806731431828521e+20
-2.127390693129904456e+20
-3.576742233929416704e+20
-2.460578579871904563e+20
-4.674005967515879997e+20
-6.633132077485465272e+20
-3.280702327382647767e+20
-3.861447739978610115e+20
-8.050432268562333696e+19
-8.670369460907723981e+19
-2.127018986271093555e+19
3.401538341597662413e+19
3.775489077212191130e+19
3.536583139079460618e+20
1.745326161436187034e+20
-2.460574071337359770e+19
-5.737764858345449062e+19
-6.534517484677811405e+19
-4.128430484934256230e+19
-2.143883921663092326e+19
-1.354159180755071140e+20
-1.490799946659318989e+20
-3.354084982262689956e+20
-2.112926676677013012e+20
-7.480567667627340595e+19
-1.562566307395623977e+20
-4.672054579527942144e+20
-2.482211694612861420e+20
-6.194800802828208046e+20
-7.374331221234585436e+20
-8.002482553133780173e+20
-5.651417887956910735e+20
-2.909587632712864236e+20
-3.235113446889194783e+20
4.906980322550260695e+20
2.867072208355092070e+20
1.712154658676785807e+20
5.020650515548329738e+20
6.266123158028204114e+20
1.039313807948443025e+21
9.674526199534101463e+20
5.965356728369660559e+20
6.191398194771667190e+20
5.368573632196483482e+19
-1.609506855043098214e+20
-4.847986333617173299e+19
-5.715445146030859878e+19
-9.935757036138109338e+19
-3.557451180649375334e+19
-7.962780490139906867e+19
8.614818847205097472e+18
-1.233473306640609444e+20
-8.195095797817357107e+19
-1.397203755290968719e+20
-1.418430940026786284e+20
-7.311528964479831245e+19
1.485853725355409408e+18
2.041848416710112051e+19
6.280096449076553318e+19
2.398945161924638147e+20
2.136463164874980065e+20
1.836058678249589309e+20
1.452859759597023396e+20
9.549331463992993382e+19
-1.771921746856981299e+19
8.165228378271304909e+19
-2.870337126595160965e+20
-1.887967935783113851e+20
-5.592062971679048991e+20
4.811218532767786598e+19
-4.779052366294941696e+19
-3.601718155640045568e+19
5.535132842375669350e+19
3.686390379529948365e+19
2.314716101926400819e+20
3.814572463605625651e+20
7.817883943502222459e+20
6.623076437784421990e+20
3.185062089861533532e+20
5.410003192803806413e+20
1.916336231339471667e+20
2.661850050218678026e+20
2.706806845641882337e+20
3.360065396494890435e+20
5.342498858716385772e+20
3.979897990852263281e+20
3.198150884805281055e+20
-2.181312415345200333e+19
-2.447372184058855424e+18
-4.892798903007785779e+19
2.105912252824719196e+20
-1.493820841596593111e+20
2.456885265762751611e+20
9.974873299818328883e+19
4.852609284927064637e+20
4.847501762653470065e+20
3.437840804054302720e+19
2.870705689117809705e+20
8.692607704809603072e+18
9.513038076977348608e+19
-2.856486301052436480e+19
-1.784305319589298831e+20
-1.137563361229353779e+20
-4.606776330141470556e+20
-1.804743046171690271e+20
-5.422065906711915397e+20
-2.098636514416845128e+20
-3.157664520863450399e+20
-7.269641729714683904e+18
-1.689342126727238779e+20
-2.382960377689947505e+20
7.853339426481504256e+18
1.123817797717275443e+19
2.485708349444508877e+20
-6.724622572673879245e+19
-1.534228215052065833e+20
-3.928692453520378429e+20
-1.748584932500286996e+20
-3.055304364858896548e+20
-8.567224873502375936e+19
-2.408306746366634230e+20
-1.796117411657175532e+20
-2.787090910216254915e+20
-1.401113398190748467e+20
2.368048112675208561e+20
1.206620915572240548e+20
6.813484471822162330e+19
2.874066642236059156e+20
6.155154749541842944e+20
5.982565026763605279e+20
1.623432536880945562e+20
-1.985824125291488870e+19
-1.248582813946184991e+20
4.689463044910297907e+19
2.628676839220591985e+20
1.071801980667392164e+20
1.616086812012188795e+20
-1.623317237278609244e+20
3.983536178946113536e+20
4.641193777897270149e+20
1.619200265104297820e+20
2.029311155751071252e+20
3.112677187736903352e+20
3.744654021529436160e+19
1.365192614631880786e+20
-1.161993461157173658e+20
7.899761423197143040e+17
-3.077059831802311475e+19
-5.376286096306156339e+19
-1.672208330056720712e+20
1.694450796727495557e+20
-1.862797853124397629e+20
2.534057918734574551e+20
1.651585900357961646e+20
6.384690117551430042e+19
9.940720618656130662e+19
1.790249662307809362e+20
1.074645523215438316e+20
3.686786471533331087e+20
-3.536034048900490854e+19
1.574209492484725146e+19
-1.241504937436564685e+20
-9.773654081832956723e+19
-3.451873879825774019e+20
-3.648180602669063209e+20
-3.335954839044620288e+19
-3.512770180010653778e+20
-2.807867588171247124e+20
-3.769529641447435796e+20
4.315972869829322342e+19
-1.242866541007994880e+19
3.188129192469541683e+19
1.741044135024289382e+19
4.640365961690900070e+19
1.840417008038466028e+20
5.938764370389290189e+20
9.547793107326515282e+20
7.051994511817394094e+20
1.881804907073786348e+20
3.981711833320537457e+20
3.549435338733020774e+19
1.121575569669048238e+20
-5.587962166222258176e+19
-4.212173306568533606e+20
-3.346028899746814362e+20
-2.089020840365942374e+20
-3.136041153899737907e+19
-1.489849330172071772e+20
-2.043170291223363584e+19
-1.665548340983454761e+20
-4.497259598068685210e+19
8.683669469881643827e+19
4.139400750262806118e+20
1.606816461496013292e+20
6.017614274972237169e+20
5.942844326323200983e+20
4.793118479211466588e+20
3.082646815605585347e+20
6.262789262190575616e+19
1.005241747272997274e+20
2.594103203994586317e+19
7.265256713436423782e+19
5.352572504063030067e+19
2.386455118536821965e+19
1.499994649755784315e+20
-6.056626310603394253e+19
-1.035966706431819776e+19
-6.230203536589507789e+19
-1.501747576379434598e+19
-7.798051070226412339e+19
-5.380127526124634767e+20
-1.716747863134453105e+20
-1.429511527862999450e+20
-1.860704600088746394e+19
-7.286731268542378803e+19
-1.416784661953495695e+20
-6.205100658403447931e+20
-2.050783212501393736e+20
-4.653979028095332516e+20
-1.662810964191850004e+20
-7.266669787499986944e+19
2.033696785540579328e+20
9.466106035698663424e+19
2.863994116856159928e+20
7.576380147921122755e+20
7.340231980011875205e+20
5.138477495962776371e+20
2.957170290996753203e+20
8.460635196911549153e+20
5.769150669230650163e+20
9.305667662923589222e+19
-2.719105291585522237e+20
-6.167129814577289626e+19
-2.698861823775473664e+20
-5.197766586618662093e+19
-9.243001570915568845e+19
3.598537612970688512e+19
-1.462215627192601149e+20
8.393312896208286515e+19
-1.075305150152704000e+18
-9.348347547969231258e+19
-8.613592979491677798e+19
-8.345267312787875430e+19
-4.896591823590601523e+19
1.318581831742909317e+20
-1.673913547707845181e+20
5.151794185455534080e+19
-3.469238936610118042e+19
-2.680466653081449267e+19
-2.966984241563933082e+19
2.196295454877192028e+20
-1.643015383420481044e+20
1.175931800893123461e+20
-1.005740696730913997e+19
-9.123707147663913779e+19
-1.698112445617149051e+20
2.683009575934712873e+20
7.390936638244782080e+19
5.090266866410858742e+20
3.299967373838123008e+20
6.192046649800392704e+19
2.484987894671490417e+20
6.754376687912096891e+20
2.604590740150180905e+20
3.778378790045294264e+20
3.243397981096567112e+20
4.706906052279905812e+20
3.315886561519814574e+20
2.971192816003731948e+20
4.247716272026733773e+20
2.935936444224419922e+20
4.517749874700687770e+19
2.580021262763950080e+19
7.947687141167018803e+19
1.605849274154536141e+19
-5.270630286009303040e+19
8.535646595146842112e+19
-1.691162238593500447e+20
-2.605487557264319447e+20
-1.082343760717047398e+20
-1.099579924131348480e+20
-2.639770117077907538e+20
-4.279123833302779167e+20
-3.283411636169715220e+20
-1.834684958136525128e+20
-1.179221542185247703e+20
1.034279088381598106e+20
-2.155515622316834816e+19
2.228075962954342728e+20
-1.731406661437379052e+20
-2.968442494977027604e+20
1.649007805554459935e+20
6.522554190333099377e+20
2.324882075899459011e+20
7.075278364175373435e+20
6.299183730421944812e+20
9.073162573769164718e+20
3.417679045637512888e+20
2.884693780465084006e+19
-5.216660907732710195e+19
-2.140322198002126029e+19
-7.401507467605049344e+18
-6.484521953023701811e+19
-3.208255861277327360e+18
-2.392384834116067000e+20
-7.208412403051423334e+19
-3.742760841311263130e+19
-6.416083066940712550e+19
-8.859388360519581696e+18
5.720153135125626880e+18
-4.040743427815547863e+20
-1.510961261993189704e+20
-1.767508009908940308e+20
2.844468719582927913e+20
2.246363314809345147e+20
8.503605385325078118e+19
9.016211133201540710e+19
6.724837236776789606e+19
-7.062470551732958003e+19
9.099958678440850227e+19
2.225027321161328886e+20
8.748104807320073011e+19
3.808526795699073843e+19
2.350052918595336274e+20
4.540390856965834670e+20
4.441309354271461868e+20
2.142081464728991826e+20
-8.060867094920980070e+19
3.163747333534279270e+20
1.967696378031662694e+20
2.065040955942738330e+19
-3.313553588969034220e+20
-7.097642667691370086e+19
3.608312198700298404e+20
1.042912503767582638e+20
9.925040112837800755e+19
1.214290227974362890e+20
3.006036785955591946e+20
2.851367084374779494e+20
4.010919759427812721e+20
3.570399956308527677e+20
-7.987481006858829824e+18
1.138071236722263327e+20
4.840552570076266496e+18
-1.099422244728419123e+19
-5.175666182568542208e+19
5.215633951083515085e+19
-2.250289996143693660e+20
-4.395939783383145513e+20
-1.717407767615860900e+20
-2.576830883378810061e+20
-3.110933003301751357e+20
-5.175807458031079260e+20
-3.050066436519394017e+20
-3.530292439445562982e+20
-2.940874550770799739e+20
1.323036330221014876e+20
-3.585483558130968166e+19
1.586966437222594642e+20
2.260477128270193623e+20
4.964871957263679488e+19
3.009566295692169708e+20
7.583768318769543250e+20
5.427248546429057106e+20
7.826769445119013683e+20
5.605001412776065761e+20
6.544575094962698322e+20
8.721737763670332539e+20
4.177389085500815442e+20
1.088700230293600076e+21
7.835892481081884017e+20
4.969783989631681823e+20
3.389881217633946173e+20
4.885694256810232381e+20
-1.532669379744010076e+20
-5.697818296801925530e+20
-4.000003053147924726e+20
-6.520717232616589230e+20
-6.128500428330688840e+20
-4.981695724254637588e+20
-3.777499175898820116e+20
-8.869062419871380275e+19
-2.467623533201001021e+20
-1.075477378652658729e+20
1.139785167591660585e+20
1.571228834031185428e+20
3.223855451007017288e+20
1.689311890715820687e+20
2.595733121065077965e+20
5.884816334864252928e+18
1.243522188064818463e+20
2.275182192684265636e+20
4.560961027197034824e+20
1.873335008936444559e+20
2.631880964994341274e+20
1.058756918051046687e+20
4.823174771624766341e+20
6.177812596189351117e+19
4.541586229886661427e+19
1.202254664139643290e+19
-2.927461461492729119e+20
-1.380398211404671222e+20
-3.378258208860206531e+20
-5.181673004643385344e+18
-4.602833449811831685e+20
-1.938262506578169037e+20
-1.806705241325452657e+20
-1.785307000167464960e+20
-5.205364985315721216e+19
3.339576220069763482e+19
-1.003475833852044247e+20
9.030795681229229261e+19
-4.886746434906357760e+18
4.210086246265590907e+20
4.560695331060438794e+20
1.064201020769765949e+20
3.651855940785841111e+20
6.532660080919812506e+19
5.960616572664938496e+19
4.674457474358365389e+19
-6.048092668859252736e+18
-2.031981554595990077e+20
-1.723569789441912340e+20
-1.351348718759177093e+20
-2.510533461153729741e+19
-8.824312531018737254e+19
-3.308697472620874957e+20
-3.110953490669549650e+20
-3.865199774520930468e+20
-3.570388391324916122e+20
-4.767450181907366543e+20
-4.670515684080688824e+20
-2.149640066500678124e+20
3.381621353819385364e+20
3.845021236802397143e+20
2.269950192236395233e+20
1.195162521196874957e+20
7.310310568844496732e+20
5.184267542103054090e+20
9.405573356252435579e+20
1.113320743908839260e+21
5.003087618609260790e+20
6.175381884729431163e+20
8.814255435712508723e+19
-1.007732956035662479e+20
5.203417845316190208e+18
2.994879722019618816e+18
-2.771701039447345725e+20
-5.291034194279588168e+20
-3.354617305542353224e+20
-3.585763848829502751e+20
-3.926368300089013699e+20
-7.342767501390779515e+20
-3.671590073639957955e+20
-3.700005715313227203e+20
-1.048861692322539110e+20
-6.047014770607495578e+19
-8.460693098927960883e+19
4.314676438286257357e+19
3.471674623150774026e+20
2.107621566072771052e+20
2.420979997057860239e+20
1.965243168735792988e+20
2.196442141316473160e+20
1.001018841758359880e+20
3.707727735499647877e+20
2.138681783781917983e+20
6.038861104968997274e+20
1.179655917716845363e+20
7.489867112380492677e+20
6.826254319315562004e+20
5.405509157157265736e+20
3.521755979977389507e+20
4.351829979375966618e+20
4.473438239264342016e+19
-4.438132788869159977e+20
-4.336936749042237440e+20
-3.838777425381954683e+20
-4.617637416268558500e+20
-5.269912983062173450e+20
-3.674797714865913856e+20
9.826003997356457984e+19
3.383796248817057137e+20
4.423676550352061071e+20
7.240689176560764191e+20
6.034180254293662106e+20
5.203698752498224333e+20
1.460595347134831657e+20
1.387122577053528883e+19
5.991514261586916147e+19
9.084625358988247040e+19
-1.326052851709189816e+20
1.502854981025645199e+20
-3.366114301153221018e+19
3.153089271077672059e+20
1.876068300681306440e+20
5.376731126664108442e+19
1.775988262335319900e+20
3.033520061219340288e+19
1.790459318070830694e+19
-3.217078408245967585e+20
-2.128530240873808527e+20
-3.436947486359001498e+20
-2.404202003134593106e+20
-4.486791586153989407e+20
-6.717016604017436918e+20
-3.284214524634873201e+20
-3.915064708968239596e+20
-8.001686526579494093e+19
-8.816416675650863104e+19
-2.938980077034641818e+19
3.530585489896007270e+19
3.573714763587466035e+19
3.410630806340131881e+20
1.768206827849001206e+20
-1.746279301216049562e+19
-4.317007069620836762e+19
-5.491629549097582592e+19
-4.080888304322687795e+19
-1.868255185823648973e+19
-1.402404857607209615e+20
-1.569597663596626575e+20
-3.197320870441359770e+20
-2.116892970297768018e+20
-7.705336513090394522e+19
-1.546312449619929334e+20
-4.622352912984949391e+20
-2.575115098219526226e+20
-6.183011960439701504e+20
-7.355803836910068040e+20
-7.910477574866311578e+20
-5.523124311454342185e+20
-2.896579701728262226e+20
-3.036317312792406262e+20
4.969723666996867891e+20
2.841193003353322291e+20
1.716704808633588777e+20
5.027655260706250424e+20
6.222396596799605309e+20
1.027826970186896900e+21
9.536488226288817930e+20
5.908500371981320847e+20
6.042238728812216975e+20
4.568476344414476698e+19
-1.583402567299361669e+20
-4.573483432964784128e+19
-5.411297367415377101e+19
-9.143780941303801446e+19
-3.715774555587031859e+19
-8.706479476244794573e+19
3.330831340881838080e+17
-1.303557863201958789e+20
-7.502838634754185626e+19
-1.521317908636520940e+20
-1.409015221392192307e+20
-7.947383317247452774e+19
9.566288516283891712e+18
5.210478869345206272e+18
6.440367714331105690e+19
2.488552474044132229e+20
2.108041242934100623e+20
1.881769661157500518e+20
1.441193579235906683e+20
9.601023935401846374e+19
-2.191111732197117133e+19
8.195905084942240973e+19
-2.962639642225142661e+20
-1.729588222979630694e+20
-5.549012828857890243e+20
5.556076678734466253e+19
-4.069368107408713318e+19
-4.291277549134990541e+19
6.222672150713597952e+19
4.681660428208989798e+19
2.177535319217736253e+20
3.826003056308047053e+20
7.774498333775919841e+20
6.468824026213368463e+20
3.143538732107678351e+20
5.425865467350409544e+20
1.895833492620952207e+20
2.696845421154958049e+20
2.664500043982674330e+20
3.330057548253867540e+20
5.536619348788951122e+20
3.969769287307849892e+20
3.211289676938529997e+20
-1.689208625539370189e+19
-1.249358438299860992e+18
-4.663443105782326886e+19
2.163771772941579059e+20
-1.460636951994475479e+20
2.538745697124545987e+20
1.038711886348864717e+20
4.885100652348812820e+20
4.770088131328129106e+20
5.989781103760637952e+19
2.868364002309240259e+20
1.978617444644054630e+19
9.491670335020335104e+19
-4.083816916249791693e+19
-1.924342892751151432e+20
-9.461852979170010726e+19
-4.568523271796235960e+20
-1.794457994943382159e+20
-5.456138343659287347e+20
-2.154511780677555323e+20
-3.246858084400549069e+20
-7.329083980186124288e+18
-1.657785744998803702e+20
-2.355632278146394358e+20
9.780511610073251840e+18
6.629059003588542464e+18
2.453676852236286689e+20
-5.493097355566854963e+19
-1.456635674044095529e+20
-3.857652162574659092e+20
-1.574645758673341645e+20
-3.026974682920549089e+20
-9.687053134060322816e+19
-2.493715896598863544e+20
-1.846729770461225288e+20
-2.771943038762908385e+20
-1.453187385485133087e+20
2.348118161462908682e+20
1.122344926570222715e+20
7.232017162420459930e+19
2.763770296791612785e+20
6.084383721729902510e+20
5.993641239529369108e+20
1.589475903648301056e+20
-1.600420609599628902e+19
-1.259840604412156314e+20
5.277649132610545254e+19
2.668520289697802486e+20
1.157859251685938954e+20
1.539186428952906301e+20
-1.650367622897981194e+20
3.924448693537021624e+20
4.602746431234092564e+20
1.657299452965871944e+20
1.947843407284514324e+20
3.034495618746092093e+20
3.802199256833248461e+19
1.357420781747621069e+20
-1.220347335149742981e+20
-1.882495429656969216e+18
-2.013024132990710579e+19
-5.244399027739217101e+19
-1.704877243299853763e+20
1.561429039707754332e+20
-2.099700626347031265e+20
2.402320265391122678e+20
1.592779834368836239e+20
5.709733832443088077e+19
7.975674604122066125e+19
1.596247632015460925e+20
9.752701843639002726e+19
3.554224398964747141e+20
-3.807134908642072986e+19
1.599560569282415821e+19
-1.131581567283620741e+20
-9.727702069919770214e+19
-3.352821849828345774e+20
-3.579943493897981788e+20
-2.174053788007845069e+19
-3.590932671170126807e+20
-2.665950413405489725e+20
-3.687422307519650857e+20
4.756315151631437005e+19
-1.951915504733205299e+19
2.036157405023384371e+19
1.784354491006241997e+19
5.386041800657574298e+19
1.685310245906782618e+20
5.872284588692880753e+20
9.432734866471575880e+20
6.879531679193245942e+20
1.854997080665940296e+20
4.040025980942722007e+20
4.491326771717105254e+19
1.139534092511582618e+20
-6.140246003068331622e+19
-4.153195675104292372e+20
-3.360874866543773614e+20
-2.167975876224876544e+20
-3.166484532217616794e+19
-1.492234534327481795e+20
-2.873028103989362688e+19
-1.684131213414519276e+20
-3.951126713716021658e+19
7.616189171717531238e+19
3.966501833003677778e+20
1.604554127924726333e+20
5.910781093997235405e+20
5.772020791490495119e+20
4.830349250330770801e+20
3.014292120513732936e+20
6.437578882899823821e+19
8.563549236490770842e+19
7.832744579676766208e+18
6.228002809332524646e+19
6.216237639486406656e+19
2.209522791874350285e+19
1.432010380308497039e+20
-5.257153996867292365e+19
-1.312695629443707699e+19
-5.070829830335469978e+19
-2.099478685977621299e+19
-7.347593009114277478e+19
-5.290841802309411799e+20
-1.796074242558362911e+20
-1.566991652089547981e+20
-2.555027876847655322e+19
-7.384582244223523226e+19
-1.406280697705083699e+20
-6.318856266224123249e+20
-1.886638767019529339e+20
-4.590304042830979400e+20
-1.686244512813830636e+20
-6.092456990297030656e+19
2.114170561541429002e+20
9.123944175527316685e+19
2.829111241708174049e+20
7.690062396551478641e+20
7.381766921212500378e+20
5.135232587309619610e+20
2.990996407145883238e+20
8.564749689411673784e+20
5.675137201967548334e+20
8.542462892902344294e+19
-2.823259742045449748e+20
-5.703871544231880294e+19
-2.752195154287200829e+20
-5.736020915637767373e+19
-8.011358760556770099e+19
3.092673007606090957e+19
-1.476348772773695324e+20
8.881293187388696166e+19
-7.139794756661411840e+17
-8.777356744708010803e+19
-1.101758003947933532e+20
-8.687436105841744282e+19
-4.839134151009789542e+19
1.408841085036223529e+20
-1.668977669068040438e+20
4.526400972499242189e+19
-2.386953573113842893e+19
-2.215832827137831731e+19
-4.353100910622775706e+19
2.103792982339071508e+20
-1.769089932053352284e+20
1.144626849188245668e+20
-8.639497403809923072e+18
-8.889836492279093658e+19
-1.851884155030040740e+20
2.616096760586022420e+20
6.928379556421802394e+19
5.054085474893692928e+20
3.228627738119068713e+20
6.021417385696480461e+19
2.479338339731117179e+20
6.689755511319324262e+20
2.649211596979885834e+20
3.620513485139308708e+20
3.175546037039477555e+20
4.616546409398119956e+20
3.319814265649621893e+20
2.946975865350735790e+20
4.165182388982251520e+20
2.880972179142973850e+20
4.625432007141647974e+19
1.114959254508273664e+19
6.966518472967087718e+19
1.838358334443775590e+19
-5.476986059428462592e+19
7.452938907516351283e+19
-1.631072195114224845e+20
-2.741298829405685023e+20
-1.040775725027269018e+20
-9.495768652148480410e+19
-2.613354664483346186e+20
-4.337524222807947346e+20
-3.289858409770128507e+20
-1.897541654662076170e+20
-1.338632689070951629e+20
9.745667584131543859e+19
-2.725692106838586163e+19
2.115550804605455565e+20
-1.807819949643074109e+20
-2.987565932806668288e+20
1.476982181394487706e+20
6.469432360276873708e+20
2.228051389421096796e+20
6.954059470531985408e+20
6.192536158164547011e+20
