1.000000000000000021e-02
2.000000000000000042e-02
2.999999999999999889e-02
4.000000000000000083e-02
5.000000000000000278e-02
5.999999999999999778e-02
7.000000000000000666e-02
8.000000000000000167e-02
9.000000000000001055e-02
1.000000000000000056e-01
1.099999999999999867e-01
1.199999999999999956e-01
1.300000000000000044e-01
1.400000000000000133e-01
1.499999999999999944e-01
1.600000000000000033e-01
1.700000000000000122e-01
1.800000000000000211e-01
1.900000000000000022e-01
2.000000000000000111e-01
2.100000000000000200e-01
2.199999999999999734e-01
2.299999999999999822e-01
2.399999999999999911e-01
2.500000000000000000e-01
2.600000000000000089e-01
2.700000000000000178e-01
2.800000000000000266e-01
2.900000000000000355e-01
2.999999999999999889e-01
3.099999999999999978e-01
3.200000000000000067e-01
3.300000000000000155e-01
3.400000000000000244e-01
3.500000000000000333e-01
3.600000000000000422e-01
3.699999999999999956e-01
3.800000000000000044e-01
3.900000000000000133e-01
4.000000000000000222e-01
4.100000000000000311e-01
4.200000000000000400e-01
4.300000000000000488e-01
4.399999999999999467e-01
4.499999999999999556e-01
4.599999999999999645e-01
4.699999999999999734e-01
4.799999999999999822e-01
4.899999999999999911e-01
5.000000000000000000e-01
5.100000000000000089e-01
5.200000000000000178e-01
5.300000000000000266e-01
5.400000000000000355e-01
5.500000000000000444e-01
5.600000000000000533e-01
5.700000000000000622e-01
5.800000000000000711e-01
5.900000000000000799e-01
5.999999999999999778e-01
6.099999999999999867e-01
6.199999999999999956e-01
6.300000000000000044e-01
6.400000000000000133e-01
6.500000000000000222e-01
6.600000000000000311e-01
6.700000000000000400e-01
6.800000000000000488e-01
6.900000000000000577e-01
7.000000000000000666e-01
7.100000000000000755e-01
7.200000000000000844e-01
7.299999999999999822e-01
7.399999999999999911e-01
7.500000000000000000e-01
7.600000000000000089e-01
7.700000000000000178e-01
7.800000000000000266e-01
7.900000000000000355e-01
8.000000000000000444e-01
8.100000000000000533e-01
8.200000000000000622e-01
8.300000000000000711e-01
8.400000000000000799e-01
8.500000000000000888e-01
8.600000000000000977e-01
8.700000000000001066e-01
8.799999999999998934e-01
8.899999999999999023e-01
8.999999999999999112e-01
9.099999999999999201e-01
9.199999999999999289e-01
9.299999999999999378e-01
9.399999999999999467e-01
9.499999999999999556e-01
9.599999999999999645e-01
9.699999999999999734e-01
9.799999999999999822e-01
9.899999999999999911e-01
1.000000000000000000e+00
1.010000000000000009e+00
1.020000000000000018e+00
1.030000000000000027e+00
1.040000000000000036e+00
1.050000000000000044e+00
1.060000000000000053e+00
1.070000000000000062e+00
1.080000000000000071e+00
1.090000000000000080e+00
1.100000000000000089e+00
1.110000000000000098e+00
1.120000000000000107e+00
1.130000000000000115e+00
1.140000000000000124e+00
1.150000000000000133e+00
1.160000000000000142e+00
1.170000000000000151e+00
1.180000000000000160e+00
1.190000000000000169e+00
1.199999999999999956e+00
1.209999999999999964e+00
1.219999999999999973e+00
1.229999999999999982e+00
1.239999999999999991e+00
1.250000000000000000e+00
1.260000000000000009e+00
1.270000000000000018e+00
1.280000000000000027e+00
1.290000000000000036e+00
1.300000000000000044e+00
1.310000000000000053e+00
1.320000000000000062e+00
1.330000000000000071e+00
1.340000000000000080e+00
1.350000000000000089e+00
1.360000000000000098e+00
1.370000000000000107e+00
1.380000000000000115e+00
1.390000000000000124e+00
1.400000000000000133e+00
1.410000000000000142e+00
1.420000000000000151e+00
1.430000000000000160e+00
1.440000000000000169e+00
1.449999999999999956e+00
1.459999999999999964e+00
1.469999999999999973e+00
1.479999999999999982e+00
1.489999999999999991e+00
1.500000000000000000e+00
1.510000000000000009e+00
1.520000000000000018e+00
1.530000000000000027e+00
1.540000000000000036e+00
1.550000000000000044e+00
1.560000000000000053e+00
1.570000000000000062e+00
1.580000000000000071e+00
1.590000000000000080e+00
1.600000000000000089e+00
1.610000000000000098e+00
1.620000000000000107e+00
1.630000000000000115e+00
1.640000000000000124e+00
1.650000000000000133e+00
1.660000000000000142e+00
1.670000000000000151e+00
1.680000000000000160e+00
1.690000000000000169e+00
1.700000000000000178e+00
1.710000000000000187e+00
1.720000000000000195e+00
1.730000000000000204e+00
1.740000000000000213e+00
1.750000000000000222e+00
1.759999999999999787e+00
1.770000000000000018e+00
1.779999999999999805e+00
1.790000000000000036e+00
1.799999999999999822e+00
1.810000000000000053e+00
1.819999999999999840e+00
1.830000000000000071e+00
1.839999999999999858e+00
1.850000000000000089e+00
1.859999999999999876e+00
1.870000000000000107e+00
1.879999999999999893e+00
1.890000000000000124e+00
1.899999999999999911e+00
1.910000000000000142e+00
1.919999999999999929e+00
1.930000000000000160e+00
1.939999999999999947e+00
1.950000000000000178e+00
1.959999999999999964e+00
1.970000000000000195e+00
1.979999999999999982e+00
1.990000000000000213e+00
2.000000000000000000e+00
2.010000000000000231e+00
2.020000000000000018e+00
2.030000000000000249e+00
2.040000000000000036e+00
2.050000000000000266e+00
2.060000000000000053e+00
2.070000000000000284e+00
2.080000000000000071e+00
2.089999999999999858e+00
2.100000000000000089e+00
2.109999999999999876e+00
2.120000000000000107e+00
2.129999999999999893e+00
2.140000000000000124e+00
2.149999999999999911e+00
2.160000000000000142e+00
2.169999999999999929e+00
2.180000000000000160e+00
2.189999999999999947e+00
2.200000000000000178e+00
2.209999999999999964e+00
2.220000000000000195e+00
2.229999999999999982e+00
2.240000000000000213e+00
2.250000000000000000e+00
2.260000000000000231e+00
2.270000000000000018e+00
2.280000000000000249e+00
2.290000000000000036e+00
2.300000000000000266e+00
2.310000000000000053e+00
2.320000000000000284e+00
2.330000000000000071e+00
2.340000000000000302e+00
2.350000000000000089e+00
2.360000000000000320e+00
2.370000000000000107e+00
2.380000000000000338e+00
2.390000000000000124e+00
2.399999999999999911e+00
2.410000000000000142e+00
2.419999999999999929e+00
2.429999999999999716e+00
2.439999999999999947e+00
2.450000000000000178e+00
2.459999999999999964e+00
2.469999999999999751e+00
2.479999999999999982e+00
2.490000000000000213e+00
2.500000000000000000e+00
2.509999999999999787e+00
2.520000000000000018e+00
2.530000000000000249e+00
2.540000000000000036e+00
2.549999999999999822e+00
2.560000000000000053e+00
2.570000000000000284e+00
2.580000000000000071e+00
2.589999999999999858e+00
2.600000000000000089e+00
2.610000000000000320e+00
2.620000000000000107e+00
2.629999999999999893e+00
2.640000000000000124e+00
2.650000000000000355e+00
2.660000000000000142e+00
2.669999999999999929e+00
2.680000000000000160e+00
2.690000000000000391e+00
2.700000000000000178e+00
2.709999999999999964e+00
2.720000000000000195e+00
2.730000000000000426e+00
2.740000000000000213e+00
2.750000000000000000e+00
2.760000000000000231e+00
2.770000000000000462e+00
2.780000000000000249e+00
2.790000000000000036e+00
2.800000000000000266e+00
2.810000000000000497e+00
2.820000000000000284e+00
2.830000000000000071e+00
2.840000000000000302e+00
2.850000000000000533e+00
2.860000000000000320e+00
2.870000000000000107e+00
2.880000000000000338e+00
2.889999999999999680e+00
2.899999999999999911e+00
2.909999999999999698e+00
2.919999999999999929e+00
2.929999999999999716e+00
2.939999999999999947e+00
2.949999999999999734e+00
2.959999999999999964e+00
2.969999999999999751e+00
2.979999999999999982e+00
2.989999999999999769e+00
3.000000000000000000e+00
3.009999999999999787e+00
3.020000000000000018e+00
3.029999999999999805e+00
3.040000000000000036e+00
3.049999999999999822e+00
3.060000000000000053e+00
3.069999999999999840e+00
3.080000000000000071e+00
3.089999999999999858e+00
3.100000000000000089e+00
3.109999999999999876e+00
3.120000000000000107e+00
3.129999999999999893e+00
3.140000000000000124e+00
3.149999999999999911e+00
3.160000000000000142e+00
3.169999999999999929e+00
3.180000000000000160e+00
3.189999999999999947e+00
3.200000000000000178e+00
3.209999999999999964e+00
3.220000000000000195e+00
3.229999999999999982e+00
3.240000000000000213e+00
3.250000000000000000e+00
3.260000000000000231e+00
3.270000000000000018e+00
3.280000000000000249e+00
3.290000000000000036e+00
3.300000000000000266e+00
3.310000000000000053e+00
3.320000000000000284e+00
3.330000000000000071e+00
3.340000000000000302e+00
3.350000000000000089e+00
3.360000000000000320e+00
3.370000000000000107e+00
3.380000000000000338e+00
3.390000000000000124e+00
3.400000000000000355e+00
3.410000000000000142e+00
3.420000000000000373e+00
3.430000000000000160e+00
3.440000000000000391e+00
3.450000000000000178e+00
3.460000000000000409e+00
3.470000000000000195e+00
3.480000000000000426e+00
3.490000000000000213e+00
3.500000000000000444e+00
3.510000000000000231e+00
3.519999999999999574e+00
3.529999999999999805e+00
3.540000000000000036e+00
3.549999999999999822e+00
3.559999999999999609e+00
3.569999999999999840e+00
3.580000000000000071e+00
3.589999999999999858e+00
3.599999999999999645e+00
3.609999999999999876e+00
3.620000000000000107e+00
3.629999999999999893e+00
3.639999999999999680e+00
3.649999999999999911e+00
3.660000000000000142e+00
3.669999999999999929e+00
3.679999999999999716e+00
3.689999999999999947e+00
3.700000000000000178e+00
3.709999999999999964e+00
3.719999999999999751e+00
3.729999999999999982e+00
3.740000000000000213e+00
3.750000000000000000e+00
3.759999999999999787e+00
3.770000000000000018e+00
3.780000000000000249e+00
3.790000000000000036e+00
3.799999999999999822e+00
3.810000000000000053e+00
3.820000000000000284e+00
3.830000000000000071e+00
3.839999999999999858e+00
3.850000000000000089e+00
3.860000000000000320e+00
3.870000000000000107e+00
3.879999999999999893e+00
3.890000000000000124e+00
3.900000000000000355e+00
3.910000000000000142e+00
3.919999999999999929e+00
3.930000000000000160e+00
3.940000000000000391e+00
3.950000000000000178e+00
3.959999999999999964e+00
3.970000000000000195e+00
3.980000000000000426e+00
3.990000000000000213e+00
4.000000000000000000e+00
4.009999999999999787e+00
4.020000000000000462e+00
4.030000000000000249e+00
4.040000000000000036e+00
4.050000000000000711e+00
4.060000000000000497e+00
4.070000000000000284e+00
4.080000000000000071e+00
4.089999999999999858e+00
4.100000000000000533e+00
4.110000000000000320e+00
4.120000000000000107e+00
4.130000000000000782e+00
4.140000000000000568e+00
4.150000000000000355e+00
4.160000000000000142e+00
4.169999999999999929e+00
4.179999999999999716e+00
4.189999999999999503e+00
4.200000000000000178e+00
4.209999999999999964e+00
4.219999999999999751e+00
4.229999999999999538e+00
4.240000000000000213e+00
4.250000000000000000e+00
4.259999999999999787e+00
4.269999999999999574e+00
4.280000000000000249e+00
4.290000000000000036e+00
4.299999999999999822e+00
4.309999999999999609e+00
4.320000000000000284e+00
4.330000000000000071e+00
4.339999999999999858e+00
4.349999999999999645e+00
4.360000000000000320e+00
4.370000000000000107e+00
4.379999999999999893e+00
4.389999999999999680e+00
4.400000000000000355e+00
4.410000000000000142e+00
4.419999999999999929e+00
4.429999999999999716e+00
4.440000000000000391e+00
4.450000000000000178e+00
4.459999999999999964e+00
4.469999999999999751e+00
4.480000000000000426e+00
4.490000000000000213e+00
4.500000000000000000e+00
4.509999999999999787e+00
4.520000000000000462e+00
4.530000000000000249e+00
4.540000000000000036e+00
4.549999999999999822e+00
4.560000000000000497e+00
4.570000000000000284e+00
4.580000000000000071e+00
4.589999999999999858e+00
4.600000000000000533e+00
4.610000000000000320e+00
4.620000000000000107e+00
4.629999999999999893e+00
4.640000000000000568e+00
4.650000000000000355e+00
4.660000000000000142e+00
4.669999999999999929e+00
4.680000000000000604e+00
4.690000000000000391e+00
4.700000000000000178e+00
4.709999999999999964e+00
4.720000000000000639e+00
4.730000000000000426e+00
4.740000000000000213e+00
4.750000000000000000e+00
4.760000000000000675e+00
4.770000000000000462e+00
4.780000000000000249e+00
4.790000000000000036e+00
4.799999999999999822e+00
4.809999999999999609e+00
4.820000000000000284e+00
4.830000000000000071e+00
4.839999999999999858e+00
4.849999999999999645e+00
4.859999999999999432e+00
4.870000000000000107e+00
4.879999999999999893e+00
4.889999999999999680e+00
4.900000000000000355e+00
4.910000000000000142e+00
4.919999999999999929e+00
4.929999999999999716e+00
4.939999999999999503e+00
4.950000000000000178e+00
4.959999999999999964e+00
4.969999999999999751e+00
4.980000000000000426e+00
4.990000000000000213e+00
5.000000000000000000e+00
5.009999999999999787e+00
5.019999999999999574e+00
5.030000000000000249e+00
5.040000000000000036e+00
5.049999999999999822e+00
5.060000000000000497e+00
5.070000000000000284e+00
5.080000000000000071e+00
5.089999999999999858e+00
5.099999999999999645e+00
5.110000000000000320e+00
5.120000000000000107e+00
5.129999999999999893e+00
5.140000000000000568e+00
5.150000000000000355e+00
5.160000000000000142e+00
5.169999999999999929e+00
5.179999999999999716e+00
5.190000000000000391e+00
5.200000000000000178e+00
5.209999999999999964e+00
5.220000000000000639e+00
5.230000000000000426e+00
5.240000000000000213e+00
5.250000000000000000e+00
5.259999999999999787e+00
5.270000000000000462e+00
5.280000000000000249e+00
5.290000000000000036e+00
5.300000000000000711e+00
5.310000000000000497e+00
5.320000000000000284e+00
5.330000000000000071e+00
5.339999999999999858e+00
5.350000000000000533e+00
5.360000000000000320e+00
5.370000000000000107e+00
5.380000000000000782e+00
5.390000000000000568e+00
5.400000000000000355e+00
5.410000000000000142e+00
5.419999999999999929e+00
5.430000000000000604e+00
5.440000000000000391e+00
5.450000000000000178e+00
5.460000000000000853e+00
5.470000000000000639e+00
5.480000000000000426e+00
5.490000000000000213e+00
5.500000000000000000e+00
5.510000000000000675e+00
5.520000000000000462e+00
5.530000000000000249e+00
5.540000000000000924e+00
5.550000000000000711e+00
5.560000000000000497e+00
5.570000000000000284e+00
5.580000000000000071e+00
5.590000000000000746e+00
5.600000000000000533e+00
5.610000000000000320e+00
5.620000000000000995e+00
5.630000000000000782e+00
5.640000000000000568e+00
5.650000000000000355e+00
5.660000000000000142e+00
5.670000000000000817e+00
5.680000000000000604e+00
5.690000000000000391e+00
5.700000000000001066e+00
5.710000000000000853e+00
5.720000000000000639e+00
5.730000000000000426e+00
5.740000000000000213e+00
5.750000000000000888e+00
5.760000000000000675e+00
5.769999999999999574e+00
5.779999999999999361e+00
5.789999999999999147e+00
5.799999999999999822e+00
5.809999999999999609e+00
5.819999999999999396e+00
5.830000000000000071e+00
5.839999999999999858e+00
5.849999999999999645e+00
5.859999999999999432e+00
5.869999999999999218e+00
5.879999999999999893e+00
5.889999999999999680e+00
5.899999999999999467e+00
5.910000000000000142e+00
5.919999999999999929e+00
5.929999999999999716e+00
5.939999999999999503e+00
5.949999999999999289e+00
5.959999999999999964e+00
5.969999999999999751e+00
5.979999999999999538e+00
5.990000000000000213e+00
6.000000000000000000e+00
6.009999999999999787e+00
6.019999999999999574e+00
6.029999999999999361e+00
6.040000000000000036e+00
6.049999999999999822e+00
6.059999999999999609e+00
6.070000000000000284e+00
6.080000000000000071e+00
6.089999999999999858e+00
6.099999999999999645e+00
6.109999999999999432e+00
6.120000000000000107e+00
6.129999999999999893e+00
6.139999999999999680e+00
6.150000000000000355e+00
6.160000000000000142e+00
6.169999999999999929e+00
6.179999999999999716e+00
6.189999999999999503e+00
6.200000000000000178e+00
6.209999999999999964e+00
6.219999999999999751e+00
6.230000000000000426e+00
6.240000000000000213e+00
6.250000000000000000e+00
6.259999999999999787e+00
6.269999999999999574e+00
6.280000000000000249e+00
6.290000000000000036e+00
6.299999999999999822e+00
6.310000000000000497e+00
6.320000000000000284e+00
6.330000000000000071e+00
6.339999999999999858e+00
6.349999999999999645e+00
6.360000000000000320e+00
6.370000000000000107e+00
6.379999999999999893e+00
6.390000000000000568e+00
6.400000000000000355e+00
6.410000000000000142e+00
6.419999999999999929e+00
6.429999999999999716e+00
6.440000000000000391e+00
6.450000000000000178e+00
6.459999999999999964e+00
6.470000000000000639e+00
6.480000000000000426e+00
6.490000000000000213e+00
6.500000000000000000e+00
6.509999999999999787e+00
6.520000000000000462e+00
6.530000000000000249e+00
6.540000000000000036e+00
6.550000000000000711e+00
6.560000000000000497e+00
6.570000000000000284e+00
6.580000000000000071e+00
6.589999999999999858e+00
6.600000000000000533e+00
6.610000000000000320e+00
6.620000000000000107e+00
6.630000000000000782e+00
6.640000000000000568e+00
6.650000000000000355e+00
6.660000000000000142e+00
6.669999999999999929e+00
6.680000000000000604e+00
6.690000000000000391e+00
6.700000000000000178e+00
6.710000000000000853e+00
6.720000000000000639e+00
6.730000000000000426e+00
6.740000000000000213e+00
6.750000000000000000e+00
6.760000000000000675e+00
6.770000000000000462e+00
6.780000000000000249e+00
6.790000000000000924e+00
6.800000000000000711e+00
6.810000000000000497e+00
6.820000000000000284e+00
6.830000000000000071e+00
6.840000000000000746e+00
6.850000000000000533e+00
6.860000000000000320e+00
6.870000000000000995e+00
6.880000000000000782e+00
6.890000000000000568e+00
6.900000000000000355e+00
6.910000000000000142e+00
6.920000000000000817e+00
6.930000000000000604e+00
6.940000000000000391e+00
6.950000000000001066e+00
6.960000000000000853e+00
6.970000000000000639e+00
6.980000000000000426e+00
6.990000000000000213e+00
7.000000000000000888e+00
7.010000000000000675e+00
7.020000000000000462e+00
7.030000000000001137e+00
7.039999999999999147e+00
7.049999999999999822e+00
7.059999999999999609e+00
7.069999999999999396e+00
7.080000000000000071e+00
7.089999999999999858e+00
7.099999999999999645e+00
7.109999999999999432e+00
7.119999999999999218e+00
7.129999999999999893e+00
7.139999999999999680e+00
7.149999999999999467e+00
7.160000000000000142e+00
7.169999999999999929e+00
7.179999999999999716e+00
7.189999999999999503e+00
7.199999999999999289e+00
7.209999999999999964e+00
7.219999999999999751e+00
7.229999999999999538e+00
7.240000000000000213e+00
7.250000000000000000e+00
7.259999999999999787e+00
7.269999999999999574e+00
7.279999999999999361e+00
7.290000000000000036e+00
7.299999999999999822e+00
7.309999999999999609e+00
7.320000000000000284e+00
7.330000000000000071e+00
7.339999999999999858e+00
7.349999999999999645e+00
7.359999999999999432e+00
7.370000000000000107e+00
7.379999999999999893e+00
7.389999999999999680e+00
7.400000000000000355e+00
7.410000000000000142e+00
7.419999999999999929e+00
7.429999999999999716e+00
7.439999999999999503e+00
7.450000000000000178e+00
7.459999999999999964e+00
7.469999999999999751e+00
7.480000000000000426e+00
7.490000000000000213e+00
7.500000000000000000e+00
7.509999999999999787e+00
7.519999999999999574e+00
7.530000000000000249e+00
7.540000000000000036e+00
7.549999999999999822e+00
7.560000000000000497e+00
7.570000000000000284e+00
7.580000000000000071e+00
7.589999999999999858e+00
7.599999999999999645e+00
7.610000000000000320e+00
7.620000000000000107e+00
7.629999999999999893e+00
7.640000000000000568e+00
7.650000000000000355e+00
7.660000000000000142e+00
7.669999999999999929e+00
7.679999999999999716e+00
7.690000000000000391e+00
7.700000000000000178e+00
7.709999999999999964e+00
7.720000000000000639e+00
7.730000000000000426e+00
7.740000000000000213e+00
7.750000000000000000e+00
7.759999999999999787e+00
7.770000000000000462e+00
7.780000000000000249e+00
7.790000000000000036e+00
7.800000000000000711e+00
7.810000000000000497e+00
7.820000000000000284e+00
7.830000000000000071e+00
7.839999999999999858e+00
7.850000000000000533e+00
7.860000000000000320e+00
7.870000000000000107e+00
7.880000000000000782e+00
7.890000000000000568e+00
7.900000000000000355e+00
7.910000000000000142e+00
7.919999999999999929e+00
7.930000000000000604e+00
7.940000000000000391e+00
7.950000000000000178e+00
7.960000000000000853e+00
7.970000000000000639e+00
7.980000000000000426e+00
7.990000000000000213e+00
8.000000000000000000e+00
8.009999999999999787e+00
8.019999999999999574e+00
8.030000000000001137e+00
8.040000000000000924e+00
8.050000000000000711e+00
8.060000000000000497e+00
8.070000000000000284e+00
8.080000000000000071e+00
8.089999999999999858e+00
8.100000000000001421e+00
8.110000000000001208e+00
8.120000000000000995e+00
8.130000000000000782e+00
8.140000000000000568e+00
8.150000000000000355e+00
8.160000000000000142e+00
8.169999999999999929e+00
8.179999999999999716e+00
8.190000000000001279e+00
8.200000000000001066e+00
8.210000000000000853e+00
8.220000000000000639e+00
8.230000000000000426e+00
8.240000000000000213e+00
8.250000000000000000e+00
8.260000000000001563e+00
8.270000000000001350e+00
8.280000000000001137e+00
8.290000000000000924e+00
8.300000000000000711e+00
8.310000000000000497e+00
8.320000000000000284e+00
8.330000000000000071e+00
8.339999999999999858e+00
8.349999999999999645e+00
8.359999999999999432e+00
8.369999999999999218e+00
8.379999999999999005e+00
8.390000000000000568e+00
8.400000000000000355e+00
8.410000000000000142e+00
8.419999999999999929e+00
8.429999999999999716e+00
8.439999999999999503e+00
8.449999999999999289e+00
8.459999999999999076e+00
8.469999999999998863e+00
8.480000000000000426e+00
8.490000000000000213e+00
8.500000000000000000e+00
8.509999999999999787e+00
8.519999999999999574e+00
8.529999999999999361e+00
8.539999999999999147e+00
8.550000000000000711e+00
8.560000000000000497e+00
8.570000000000000284e+00
8.580000000000000071e+00
8.589999999999999858e+00
8.599999999999999645e+00
8.609999999999999432e+00
8.619999999999999218e+00
8.629999999999999005e+00
8.640000000000000568e+00
8.650000000000000355e+00
8.660000000000000142e+00
8.669999999999999929e+00
8.679999999999999716e+00
8.689999999999999503e+00
8.699999999999999289e+00
8.710000000000000853e+00
8.720000000000000639e+00
8.730000000000000426e+00
8.740000000000000213e+00
8.750000000000000000e+00
8.759999999999999787e+00
8.769999999999999574e+00
8.779999999999999361e+00
8.789999999999999147e+00
8.800000000000000711e+00
8.810000000000000497e+00
8.820000000000000284e+00
8.830000000000000071e+00
8.839999999999999858e+00
8.849999999999999645e+00
8.859999999999999432e+00
8.870000000000000995e+00
8.880000000000000782e+00
8.890000000000000568e+00
8.900000000000000355e+00
8.910000000000000142e+00
8.919999999999999929e+00
8.929999999999999716e+00
8.939999999999999503e+00
8.949999999999999289e+00
8.960000000000000853e+00
8.970000000000000639e+00
8.980000000000000426e+00
8.990000000000000213e+00
9.000000000000000000e+00
9.009999999999999787e+00
9.019999999999999574e+00
9.030000000000001137e+00
9.040000000000000924e+00
9.050000000000000711e+00
9.060000000000000497e+00
9.070000000000000284e+00
9.080000000000000071e+00
9.089999999999999858e+00
9.099999999999999645e+00
9.109999999999999432e+00
9.120000000000000995e+00
9.130000000000000782e+00
9.140000000000000568e+00
9.150000000000000355e+00
9.160000000000000142e+00
9.169999999999999929e+00
9.179999999999999716e+00
9.190000000000001279e+00
9.200000000000001066e+00
9.210000000000000853e+00
9.220000000000000639e+00
9.230000000000000426e+00
9.240000000000000213e+00
9.250000000000000000e+00
9.259999999999999787e+00
9.269999999999999574e+00
9.280000000000001137e+00
9.290000000000000924e+00
9.300000000000000711e+00
9.310000000000000497e+00
9.320000000000000284e+00
9.330000000000000071e+00
9.339999999999999858e+00
9.350000000000001421e+00
9.360000000000001208e+00
9.370000000000000995e+00
9.380000000000000782e+00
9.390000000000000568e+00
9.400000000000000355e+00
9.410000000000000142e+00
9.419999999999999929e+00
9.429999999999999716e+00
9.440000000000001279e+00
9.450000000000001066e+00
9.460000000000000853e+00
9.470000000000000639e+00
9.480000000000000426e+00
9.490000000000000213e+00
9.500000000000000000e+00
9.510000000000001563e+00
9.520000000000001350e+00
9.530000000000001137e+00
9.540000000000000924e+00
9.550000000000000711e+00
9.560000000000000497e+00
9.570000000000000284e+00
9.580000000000000071e+00
9.589999999999999858e+00
9.599999999999999645e+00
9.609999999999999432e+00
9.619999999999999218e+00
9.629999999999999005e+00
9.640000000000000568e+00
9.650000000000000355e+00
9.660000000000000142e+00
9.669999999999999929e+00
9.679999999999999716e+00
9.689999999999999503e+00
9.699999999999999289e+00
9.709999999999999076e+00
9.719999999999998863e+00
9.730000000000000426e+00
9.740000000000000213e+00
9.750000000000000000e+00
9.759999999999999787e+00
9.769999999999999574e+00
9.779999999999999361e+00
9.789999999999999147e+00
9.800000000000000711e+00
9.810000000000000497e+00
9.820000000000000284e+00
9.830000000000000071e+00
9.839999999999999858e+00
9.849999999999999645e+00
9.859999999999999432e+00
9.869999999999999218e+00
9.879999999999999005e+00
9.890000000000000568e+00
9.900000000000000355e+00
9.910000000000000142e+00
9.919999999999999929e+00
9.929999999999999716e+00
9.939999999999999503e+00
9.949999999999999289e+00
9.960000000000000853e+00
9.970000000000000639e+00
9.980000000000000426e+00
9.990000000000000213e+00
0.000000000000000000e+00
1.413177546143815551e-06
7.438850993534359674e-07
5.406996138825199651e-07
4.582638679420572066e-07
4.297186173281332300e-07
4.356321782776635444e-07
4.717281681850638623e-07
5.421068802658850581e-07
6.592728973817037778e-07
8.483674449445175043e-07
1.157116539039996756e-06
1.674831800922696694e-06
2.555583482952752132e-06
3.967099329931040929e-06
5.648418034299401563e-06
6.328892514194246925e-06
5.457783598298534725e-06
4.170087435218253656e-06
3.168397046371647670e-06
2.495385730390945915e-06
2.046675510682129739e-06
1.734476488351189518e-06
1.504138748178459551e-06
1.326921402006866555e-06
1.191227808868324387e-06
1.094558845187037972e-06
1.038034814114736255e-06
1.024629125845740997e-06
1.060042750912048739e-06
1.154891547838002399e-06
1.327332268340183185e-06
1.605748245765702037e-06
2.031589170737455315e-06
2.663572389646373706e-06
3.588323569499742943e-06
4.940165054628153086e-06
6.881299224915016044e-06
9.291096145118968915e-06
1.088077994110250883e-05
9.866573488289009415e-06
7.282100932327219533e-06
5.062681543838392682e-06
3.628592292821257171e-06
2.760162441774407788e-06
2.231876047564344812e-06
1.902556925273236444e-06
1.688327420257770274e-06
1.535400315505374931e-06
1.406073351176345030e-06
1.276605073558101395e-06
1.140334095166849635e-06
1.005972131678809877e-06
8.877609240701467357e-07
7.960044601198992737e-07
7.347487320792651225e-07
7.039592077302315446e-07
7.018632445400298538e-07
7.257741328225154464e-07
7.714392286806578192e-07
8.316632269101458220e-07
8.958672780163162503e-07
9.525576890112781732e-07
9.943922363557900060e-07
1.021776547777276028e-06
1.041696036825730635e-06
1.063949712150911422e-06
1.098845174553067132e-06
1.157801003096409386e-06
1.255971879140578329e-06
1.416811154190095313e-06
1.680296420683130975e-06
2.117578011593004191e-06
2.851529253012693485e-06
4.037099489035139173e-06
5.531258728273169910e-06
6.114559864686095805e-06
4.952453102113282970e-06
3.417390549386579494e-06
2.356401032842258582e-06
1.719253169442508912e-06
1.334751949828187722e-06
1.091577207004494639e-06
9.280027975086604701e-07
8.105835449688273261e-07
7.217115882601267945e-07
6.526653075498951162e-07
5.992771479684779146e-07
5.591930979910180971e-07
5.304980951392286226e-07
5.114351930548360250e-07
5.007218244368027136e-07
4.980461383770892307e-07
5.043786055675642625e-07
5.219259594463303214e-07
5.538907831455850850e-07
6.044100263862066166e-07
6.788685114785437460e-07
7.844582436330650170e-07
9.309077986224032725e-07
1.131572784146458192e-06
1.405805246016876205e-06
1.784005331570074722e-06
2.313857560827473035e-06
3.051432020421772244e-06
3.969134769506709570e-06
4.688043185201902270e-06
4.524149266780408095e-06
3.570324043220829125e-06
2.586520532273265190e-06
1.897530899700589213e-06
1.468621103260510074e-06
1.210091215489246937e-06
1.059143419621939032e-06
9.801504825689735243e-07
9.549591464417823108e-07
9.761704228047949422e-07
1.043744148793161982e-06
1.163449628939796799e-06
1.345729981674037378e-06
1.602327738611323506e-06
1.935395157728357954e-06
2.314176382166579927e-06
2.651549987104336780e-06
2.830341822501026463e-06
2.796400535284317152e-06
2.605601753782273458e-06
2.358315443641193086e-06
2.127375158243715142e-06
1.945460689754005293e-06
1.820136385232749309e-06
1.745518764799898468e-06
1.705477936711174183e-06
1.674320829161193827e-06
1.623299275351808995e-06
1.536826026781764838e-06
1.424983487784179333e-06
1.315782124027737916e-06
1.237313382916330664e-06
1.209395773433552579e-06
1.247015563576126509e-06
1.368961927847021512e-06
1.609780067311327844e-06
2.042723874168363403e-06
2.846533631070791522e-06
4.583752751092774963e-06
1.033531320648040131e-05
-1.026299956521209265e-04
-1.000834159362685347e-05
-5.762219917563706151e-06
-4.308743940486382915e-06
-3.581889441186241037e-06
-3.126709015375958377e-06
-2.788909923182523519e-06
-2.513314822062668916e-06
-2.286494149966786781e-06
-2.108850167394526782e-06
-1.978821786428904080e-06
-1.887181904914902216e-06
-1.818448297121437629e-06
-1.756962579840962860e-06
-1.695264055258489938e-06
-1.637259189112992773e-06
-1.592791096250756179e-06
-1.568889651887237121e-06
-1.564544743902122070e-06
-1.572320779097032554e-06
-1.586099421281065079e-06
-1.610182239920285526e-06
-1.663484478865368519e-06
-1.779018576244428801e-06
-2.006799056164450560e-06
-2.430266929613730897e-06
-3.210632570128894277e-06
-4.702306423195905981e-06
-7.817855154893523929e-06
-1.592037027130583090e-05
-7.365273542888076325e-05
3.322836649222086320e-05
1.268048669976667081e-05
7.251998193049289579e-06
4.879969827225374923e-06
3.666406700450136509e-06
2.995953926775353774e-06
2.609094345398021057e-06
2.382726757000171568e-06
2.253633309405353470e-06
2.183135715759702970e-06
2.138084171367060650e-06
2.087026611714682524e-06
2.011904128636728962e-06
1.918642133220802843e-06
1.828356032839081532e-06
1.759688336399994265e-06
1.720751286960904251e-06
1.709915842857300051e-06
1.717640766890492454e-06
1.729036960524356712e-06
1.730121714067207784e-06
1.716413260807197010e-06
1.696555999028689149e-06
1.686485943836437845e-06
1.700262123315411331e-06
1.744852058770162125e-06
1.819403994674571516e-06
1.916728643937477470e-06
2.026168953980084146e-06
2.139593227458870269e-06
2.261431938220159623e-06
2.420118619898244362e-06
2.679737623050911490e-06
3.164645514351458413e-06
4.153380109609875227e-06
6.494059632392562819e-06
1.464746739383342847e-05
-5.495067252041840921e-04
-2.241504287527036222e-05
-1.817393705916800267e-05
-2.728800980623914755e-05
-6.018458673315282620e-04
3.147092964039784676e-05
2.243964722084650697e-05
4.392821658521083597e-05
-2.662666848607878062e-05
-7.784371459674621377e-06
-4.311785735848315758e-06
-3.078643159289712812e-06
-2.590557997523278549e-06
-2.479208169116212714e-06
-2.650712500391678953e-06
-3.137970271893434799e-06
-4.118716469465876142e-06
-6.143636026685566403e-06
-1.149142124637316713e-05
-4.894594935227422898e-05
3.005956819602658030e-05
1.405880862024031289e-05
1.071666109132694521e-05
9.467040467672804724e-06
8.412771338026899385e-06
6.921238871989740194e-06
5.261631472796592531e-06
3.874126556485649811e-06
2.870196067745701005e-06
2.171162962436954829e-06
1.680997848639318346e-06
1.333481056424958884e-06
1.087619819468849438e-06
9.169540113789446536e-07
8.031229632856220071e-07
7.330874563023617959e-07
6.979510784788268970e-07
6.922490645619573526e-07
7.134927877992409298e-07
7.619121669664390166e-07
8.400480158684351478e-07
9.515517458424494380e-07
1.098133373231881576e-06
1.273918343487965450e-06
1.459255850763700456e-06
1.622068127820161251e-06
1.734806339035100531e-06
1.795191239468385362e-06
1.827248035005074283e-06
1.864044523087606821e-06
1.932550537580976053e-06
2.049279625496366926e-06
2.221197742535730630e-06
2.445668426405939445e-06
2.708849957541530255e-06
2.983333359181685472e-06
3.224336489362015848e-06
3.370074974556219635e-06
3.364864534215736385e-06
3.203169557984001659e-06
2.944073875882835864e-06
2.671525021334833592e-06
2.448532427582504914e-06
2.305574836297249045e-06
2.251470374591360562e-06
2.283269048784938416e-06
2.386011672770159300e-06
2.522856047115912152e-06
2.627608357049826479e-06
2.628194646530630086e-06
2.502488836848784105e-06
2.298202450538674063e-06
2.084877658832711943e-06
1.906980490518648303e-06
1.777135427728975161e-06
1.687499586225321481e-06
1.620974812001776150e-06
1.560813911808882065e-06
1.498075809768177696e-06
1.432556952081611379e-06
1.366992167556871289e-06
1.300520758028566608e-06
1.227739702220726130e-06
1.143787075866140294e-06
1.049482968564075786e-06
9.510449396517339842e-07
8.558252951891063393e-07
7.694252456505908509e-07
6.955478774323727121e-07
6.366358140525895998e-07
5.941840459300251294e-07
5.688854012737768779e-07
5.608648959473375594e-07
5.697994243787417382e-07
5.945990732805316108e-07
6.325796860481104024e-07
6.785489585446108217e-07
7.246319343596511675e-07
7.619491942533023489e-07
7.840135169757679128e-07
7.894808084268200796e-07
7.820618260426565886e-07
7.681012988906279853e-07
7.538309367904730385e-07
7.433324585075611430e-07
7.373591604594096040e-07
7.329718233481393031e-07
7.242354441721424221e-07
7.046442807712663826e-07
6.710024774451332825e-07
6.259530668328594603e-07
5.765059369297372908e-07
5.299303733522989602e-07
4.908064880137013447e-07
4.606956525012095579e-07
4.391886232160664433e-07
4.249590294974631247e-07
4.162774230090955871e-07
4.111134049685556457e-07
4.071806870775195830e-07
4.022811305149961867e-07
3.950059412104915863e-07
3.853630187897789664e-07
3.747250407846780096e-07
3.650162759278322234e-07
3.578463866032182829e-07
3.542071110699452765e-07
3.547930023511255439e-07
3.605093528699475927e-07
3.727057610999299649e-07
3.929981980212320586e-07
4.226478952797873473e-07
4.614651186499417091e-07
5.061723614628155470e-07
5.489254362807876040e-07
5.783835283579228853e-07
5.852809324919142814e-07
5.688997651489353516e-07
5.370192278039314397e-07
4.996027614701241541e-07
4.636482863744701182e-07
4.323170933417283345e-07
4.062364281393292200e-07
3.848493512219497736e-07
3.672654761735831299e-07
3.527068252692274207e-07
3.406260968106135214e-07
3.306180930555273998e-07
3.223221896661836739e-07
3.154533987591575409e-07
3.099535103665451103e-07
3.060902424355307237e-07
3.043724368069495622e-07
3.053545081883012597e-07
3.095019573296516346e-07
3.171566751120494603e-07
3.284871740869368853e-07
3.433509956235794323e-07
3.611325806885115190e-07
3.807043672324407433e-07
4.006371356492912556e-07
4.195609383324969013e-07
4.363647833372651307e-07
4.501540266675396616e-07
4.602436368659010874e-07
4.664176186703110160e-07
4.692852005849421010e-07
4.702618969681903951e-07
4.710792825329628148e-07
4.731964960150162234e-07
4.775254209846063157e-07
4.845407406418315469e-07
4.945610974122078543e-07
5.079883749879527756e-07
5.253864418183149589e-07
5.476596376674718905e-07
5.764943147831239156e-07
6.148673067709791503e-07
6.673192231844872796e-07
7.396011585622861433e-07
8.371722052110641757e-07
9.614650022004758848e-07
1.103016553275843985e-06
1.234906072755825105e-06
1.319689880769484297e-06
1.337397647395028995e-06
1.304829866207391261e-06
1.257661208351841116e-06
1.221791569948409567e-06
1.202216179999304097e-06
1.185186436391677593e-06
1.147569838774470063e-06
1.074527214964426082e-06
9.739592104839496941e-07
8.694283516803637807e-07
7.816040163320600174e-07
7.201359205994568220e-07
6.866228101517791646e-07
6.794098199583388458e-07
6.959429986942892888e-07
7.326973168285820231e-07
7.837679751139863845e-07
8.395633964077577092e-07
8.877679976672775753e-07
9.180678736456489333e-07
9.277003175874912664e-07
9.223122459976013081e-07
9.117474896110190669e-07
9.054574126252088274e-07
9.103360079357498599e-07
9.302744135845383355e-07
9.658362031820528597e-07
1.013540105047609200e-06
1.065519819856516123e-06
1.111166752205609770e-06
1.142056763821689729e-06
1.157549337642485147e-06
1.166926490876478731e-06
1.187796454361391831e-06
1.244548244610293161e-06
1.372911498578201429e-06
1.640812983707589309e-06
2.227226219674053535e-06
3.867097838891601906e-06
1.776241706010776972e-05
-7.269849708002667040e-06
-3.290631940853442573e-06
-2.340615444774887969e-06
-2.011348824533478916e-06
-1.962125017593549270e-06
-2.136981401608672597e-06
-2.612755674598809236e-06
-3.695827368291992171e-06
-6.637192253957402522e-06
-2.488981557189361802e-05
2.000243411606862640e-05
8.532907248593417840e-06
6.018026543416033000e-06
4.859756673829066846e-06
4.091071270166475710e-06
3.497181155692538889e-06
3.053026499653593831e-06
2.765888979141426552e-06
2.635682575548453857e-06
2.659805875110313929e-06
2.840537319327497784e-06
3.179829750805245588e-06
3.656208780264400397e-06
4.189691339658469772e-06
4.647390694783192163e-06
4.941072329624980618e-06
5.116005243502243401e-06
5.303274896668338747e-06
5.618593534700366151e-06
6.098543985828441345e-06
6.650594494992427894e-06
7.039480859271596271e-06
7.025263278746265973e-06
6.596451897931214221e-06
5.939133550811910268e-06
5.194939029100514893e-06
4.392599712468907169e-06
3.561124544873441926e-06
2.796862859675325724e-06
2.192471705900411199e-06
1.772423623089965062e-06
1.512487682389458253e-06
1.379186427653639933e-06
1.348882725640736833e-06
1.410182892553819841e-06
1.558012100547657630e-06
1.779062504273751918e-06
2.023542707772713640e-06
2.181575520772391271e-06
2.139972300520741611e-06
1.910177133119628473e-06
1.615747060012940415e-06
1.357734077762573374e-06
1.169472442935435625e-06
1.047686159695010673e-06
9.803721215893709786e-07
9.571449882037756345e-07
9.706943784133139796e-07
1.014534831941930093e-06
1.077929495082117766e-06
1.139335372899066635e-06
1.166481639552448404e-06
1.134768147510200864e-06
1.051040897685148637e-06
9.481302084377344186e-07
8.574799432544580456e-07
7.953607988662700508e-07
7.662548292896551088e-07
7.694331116479363020e-07
8.024812718223609700e-07
8.618520657763895835e-07
9.421426055300687890e-07
1.035929472510212707e-06
1.135302859023626558e-06
1.234611614227059457e-06
1.332641493059333616e-06
1.433045542208201240e-06
1.543038353084710057e-06
1.671174979922127246e-06
1.824814899859670073e-06
2.006658750339468215e-06
2.207852650679785489e-06
2.394868818821809051e-06
2.498819345913789610e-06
2.440758578455931448e-06
2.204653062377605622e-06
1.869430938030946606e-06
1.539457446379789293e-06
1.274050310970838211e-06
1.084783430233414756e-06
9.607796095203255788e-07
8.858909024609471673e-07
8.444403382067555725e-07
8.216151845963329212e-07
8.035816332418462178e-07
7.799351596625255569e-07
7.473614728607915510e-07
7.099492699359617417e-07
6.748406813496331333e-07
6.475454299096252810e-07
6.302721274197619254e-07
6.227147757004741242e-07
6.237077300397679211e-07
6.326094076857305749e-07
6.496514615128349363e-07
6.752410061459502352e-07
7.086260792551389538e-07
7.465487049775032670e-07
7.826801264472355651e-07
8.090442250793858574e-07
8.198425875656504835e-07
8.152245377388327573e-07
8.009924670149152212e-07
7.840553796458539009e-07
7.680969150013286060e-07
7.524808951852950643e-07
7.339874895014002204e-07
7.098916475579655417e-07
6.803810992343956404e-07
6.486630663853612302e-07
6.191134486368812179e-07
5.952229015942063119e-07
5.785589794025869407e-07
5.688280345437224206e-07
5.644941527684596508e-07
5.635179902090208587e-07
5.640781605149362119e-07
5.650758995739675523e-07
5.662141050130901538e-07
5.677029036586939309e-07
5.698455167268260257e-07
5.726964491486357230e-07
5.758047621161325286e-07
5.781207966511062528e-07
5.781992901572020040e-07
5.748332891941705894e-07
5.679360445257557707e-07
5.589843538997184573e-07
5.505028035017190713e-07
5.448761762870571808e-07
5.433217049313006664e-07
5.456045438390497453e-07
5.506614545136677941e-07
5.577801977448633392e-07
5.675996418367559446e-07
5.822334281073824304e-07
6.045533040172971719e-07
6.374648782750223916e-07
6.839164098820516674e-07
7.474878591643412738e-07
8.331426466406794400e-07
9.483789510321999368e-07
1.105903906677469926e-06
1.329100114335631617e-06
1.660166625371205792e-06
2.166489726901054305e-06
2.916751618619488778e-06
3.827284322548902190e-06
4.388627656573958159e-06
4.106328481538553130e-06
3.348768645269818213e-06
2.641522532826093477e-06
2.121606740520244285e-06
1.750596268798849512e-06
1.475841770504892650e-06
1.265197933273683115e-06
1.103539212544007169e-06
9.843621935600232667e-07
9.043532604384733170e-07
8.612855695062131196e-07
8.538209410981500790e-07
8.816112479444701001e-07
9.447639706734197795e-07
1.041848340401717381e-06
1.166040634729969766e-06
1.300923561143453849e-06
1.420297453698322501e-06
1.495795378983211602e-06
1.508929012482808848e-06
1.458649889967379729e-06
1.359101530453964216e-06
1.231758816767666284e-06
1.098029152527339618e-06
9.743142191421852258e-07
8.702099079196674932e-07
7.894028390345535871e-07
7.318390258548213400e-07
6.956248437956961562e-07
6.780992028909953147e-07
6.761254257549584352e-07
6.859721146587555620e-07
7.033137532139360887e-07
7.236323798128040043e-07
7.430445712393905952e-07
7.590507599946757245e-07
7.705826459289649833e-07
7.774447361204609292e-07
7.799572618711600665e-07
7.791282786564363095e-07
7.765249868685008937e-07
7.735154675529152369e-07
7.707687483488388962e-07
7.686740624336803178e-07
7.684274334655050731e-07
7.729272116582366828e-07
7.867512012522696419e-07
8.154869294120725116e-07
8.651840872697806006e-07
9.423391229424055725e-07
1.054275383950198988e-06
1.209356371289405366e-06
1.415575955748856924e-06
1.674547696970142651e-06
1.968647126601510859e-06
2.247932357835679383e-06
2.440469426015762460e-06
2.498112322726012558e-06
2.432628611509226397e-06
2.298791461519778551e-06
2.154135644884860981e-06
2.038058906859069949e-06
1.971940510309735714e-06
1.967124985611174167e-06
2.033096783686651855e-06
2.182474374381528487e-06
2.430460012746270395e-06
2.780659048907015592e-06
3.180037704137292628e-06
3.459873118299265428e-06
3.410481953616388279e-06
3.034667033607564119e-06
2.552259680874433156e-06
2.137210002112934604e-06
1.835777039318262780e-06
1.630319951977427036e-06
1.488270093158404100e-06
1.379131995422139383e-06
1.279927379896792872e-06
1.178926969371792776e-06
1.076428508579814009e-06
9.799548749942175566e-07
8.970136423549759303e-07
8.305881096705719473e-07
7.787291312128536191e-07
7.365709931127594475e-07
6.992729913255989203e-07
6.646287742617168117e-07
6.338286336204798733e-07
6.099733646143447668e-07
5.961210162442322094e-07
5.944994305065072067e-07
6.068262307753406320e-07
6.350372556696030459e-07
6.818719209134984386e-07
7.511727759000723804e-07
8.479646574627020009e-07
9.785735058688374441e-07
1.151470201522156122e-06
1.380232751272960647e-06
1.692169375067601965e-06
2.154150181051423024e-06
2.962120278273058494e-06
4.900730853362621099e-06
1.664038363004936516e-05
-1.097397613908122901e-05
-4.179867531192726733e-06
-2.709465739544615904e-06
-2.150611972238684162e-06
-1.939834068271613780e-06
-1.935676271462912352e-06
-2.117353749787680592e-06
-2.549219072475469903e-06
-3.468433295197874815e-06
-5.863833189214525162e-06
-2.213543130385808378e-05
1.161760206194080131e-05
4.443419259139060124e-06
2.667806188685931622e-06
1.861818559596308858e-06
1.408326819846438238e-06
1.126910254981233769e-06
9.452317713227884998e-07
8.288801571545832301e-07
7.600565332958215067e-07
7.293948192815406287e-07
7.320974342302925422e-07
7.652885174876108871e-07
8.250158298472128052e-07
9.023535223137749855e-07
9.806357110671337446e-07
1.039212795749937429e-06
1.065164072846324501e-06
1.061737887265620044e-06
1.043085989773166712e-06
1.022737925553030778e-06
1.007461505722100779e-06
9.977743150774398840e-07
9.914440137571013826e-07
9.872183643761393431e-07
9.870512514231299348e-07
9.959561487099538291e-07
1.020261665618187048e-06
1.066052333772690599e-06
1.138270120301406086e-06
1.239710461514752834e-06
1.368723691556252028e-06
1.515349623810391396e-06
1.657946117209828844e-06
1.765933410220251403e-06
1.812422810860441216e-06
1.789385220612244450e-06
1.712181656901088944e-06
1.609246996214103243e-06
1.506941011757242936e-06
1.420818586238153576e-06
1.355277782522950357e-06
1.307074483067665889e-06
1.269169428437401162e-06
1.233977820650253610e-06
1.196101258905599539e-06
1.154027358914823551e-06
1.109603199343014033e-06
1.065268805069185666e-06
1.021695374376319425e-06
9.779724758052720986e-07
9.334254693906298796e-07
8.888335002644931742e-07
8.458241200218285181e-07
8.057504928041369324e-07
7.694968295007060965e-07
7.378685358467613229e-07
7.119169808741433899e-07
6.932013147104159449e-07
6.839736298069488980e-07
6.872393473178959834e-07
7.064461343367818696e-07
7.447063132225406175e-07
8.035696702292984982e-07
8.808909032122025472e-07
9.678405856956607687e-07
1.047124945363281910e-06
1.097247801270667180e-06
1.104862656912841751e-06
1.075181518307020827e-06
1.027714418852726830e-06
9.829082960781512477e-07
9.538544062623926783e-07
9.453939224352503780e-07
9.560441008701589848e-07
9.801395773131127581e-07
1.010172724962449478e-06
1.039180773281571715e-06
1.061962149954026736e-06
1.074802074164960059e-06
1.075084014546026573e-06
1.061598155839728037e-06
1.034191986809904664e-06
9.924992056108494581e-07
9.357913341437263626e-07
8.648294433409288953e-07
7.837717066783540428e-07
6.998560306989366677e-07
6.208128302883145640e-07
5.522281919832340103e-07
4.967544838969959343e-07
4.548992841433653825e-07
4.260876532036438551e-07
4.093999399814831656e-07
4.038917516339572544e-07
4.085860777777902717e-07
4.222792049318931196e-07
4.432154419462929799e-07
4.687132678999626717e-07
4.949779468288889354e-07
5.175449609288805303e-07
5.326434196960067064e-07
5.388585644041449108e-07
5.377414832271285786e-07
5.328523954151905792e-07
5.281930253985875346e-07
5.270368680743365716e-07
5.313224779436840730e-07
5.413534724719512025e-07
5.555837231688228331e-07
5.706792886092844939e-07
5.822904076094052147e-07
5.867676285490043295e-07
5.832123611218408528e-07
5.743327247110970399e-07
5.651801124564664442e-07
5.607618744523165155e-07
5.642805627319392170e-07
5.766859128457144924e-07
5.971868323681644176e-07
6.241858083506133735e-07
6.561431793240203725e-07
6.918764840467621774e-07
7.300991681378913050e-07
7.685766122195814424e-07
8.036315207346308398e-07
8.306712136659364750e-07
8.458527041595799308e-07
8.480911362000446289e-07
8.398292745398530446e-07
8.259381783883710693e-07
8.118623194925186494e-07
8.022115693168034070e-07
7.999186321192441265e-07
8.056380004749067607e-07
8.173151488609580540e-07
8.301812144194400710e-07
8.379178811630282372e-07
8.351865051317996275e-07
8.202972695078812195e-07
7.961210535961486896e-07
7.687186626226660768e-07
7.449145662279020074e-07
7.304279487965704078e-07
7.289911070124434008e-07
7.418943428644576416e-07
7.672084533026274009e-07
7.984157627776527475e-07
8.240160828555577694e-07
8.309001536577872395e-07
8.118319078745903370e-07
7.706150791146958223e-07
7.185571718700042211e-07
6.666898127759668855e-07
6.216547531009950149e-07
5.861535468919563353e-07
5.606156343639662901e-07
5.442255199936623388e-07
5.352498939451212824e-07
5.311305461908308460e-07
5.289313118979369836e-07
5.263120387311077935e-07
5.225414741972479992e-07
5.187632208812257634e-07
5.173347590292358641e-07
5.209082789249089687e-07
5.319575531214832894e-07
5.529052575626462337e-07
5.865692116779547294e-07
6.366537170671804167e-07
7.080851447153705135e-07
8.069762785725576268e-07
9.397406395767229339e-07
1.110238427084141426e-06
1.313991218834973898e-06
1.530830977314251395e-06
1.723363106374947061e-06
1.851105796266096254e-06
1.894116528567404529e-06
1.861124232022649321e-06
1.774552563659582119e-06
1.653558727493881015e-06
1.511478627721362826e-06
1.361967458657857617e-06
1.220761959638467594e-06
1.101236916943116781e-06
1.010162894909478708e-06
9.473923053799423050e-07
9.080622770596277257e-07
8.847819513661809678e-07
8.691994099528654272e-07
8.539692772469091918e-07
8.352932471328761065e-07
8.146765366671924149e-07
7.981682901560737587e-07
7.935308047371884878e-07
8.078706377414191901e-07
8.472669737671115445e-07
9.178939795470079516e-07
1.027422483352547003e-06
1.185372838513228331e-06
1.399896335671502179e-06
1.665551613971283267e-06
1.936117256303287665e-06
2.104995586361797886e-06
2.066946770994016138e-06
1.839201504710937472e-06
1.543095222013986763e-06
1.276124569687563138e-06
1.070219498547000473e-06
9.213257351000965757e-07
8.161655184766136631e-07
7.426701114674672113e-07
6.922216170003382605e-07
6.591878638595970852e-07
6.398476074959284769e-07
6.313784242496184724e-07
6.310196943938635941e-07
6.353770836666414744e-07
6.400813852003024798e-07
6.403531693334754893e-07
6.328645986462945234e-07
6.178937175344421280e-07
5.995991851426237822e-07
5.838395669332725276e-07
5.754945765042911797e-07
5.771091736202881319e-07
5.889037355832624227e-07
6.093789872232255270e-07
6.360845670442297961e-07
6.664324485977038812e-07
6.983296115114277985e-07
7.303976715106861672e-07
7.617483694582019051e-07
7.915541058075369976e-07
8.188418581156976155e-07
8.428257204121919833e-07
8.637080739703208633e-07
8.831083792354557511e-07
9.031618788232414646e-07
9.241890891608883993e-07
9.423263051117934051e-07
9.494713149074783763e-07
9.372568180781790908e-07
9.032388967616780185e-07
8.536533036949564285e-07
7.994281301128283870e-07
7.495618207385615715e-07
7.076949959692055586e-07
6.726381619820445655e-07
6.408624176983121883e-07
6.092405821908126621e-07
5.766347138747081004e-07
5.436838477476069897e-07
5.116901880129306909e-07
4.817492950897288135e-07
4.545220043045714880e-07
4.303448656164592961e-07
4.093070675456707000e-07
3.912895086393609766e-07
3.759798707714202358e-07
3.629167275961172331e-07
3.516258714537272107e-07
3.417780425822715428e-07
3.333158919030248889e-07
3.264814685616993911e-07
3.217156788947024166e-07
3.194994976825809156e-07
3.202170280013162465e-07
3.240931688031917293e-07
3.311914416290218363e-07
3.413994571358972931e-07
3.543737273497728155e-07
3.694957716935598732e-07
3.859252102097905302e-07
4.027573689776202511e-07
4.192347970038000146e-07
4.349469273135700984e-07
4.499196054022040043e-07
4.645956264481366309e-07
4.796237069872648098e-07
4.954118505531001809e-07
5.116550653006483713e-07
5.271905270141158607e-07
5.405977502732617765e-07
0.000000000000000000e+00
1.908003253211029398e-06
1.166820798741958138e-06
9.564222143346393926e-07
9.168779517646040623e-07
9.551069455911100582e-07
1.019946655536366369e-06
1.098015548159081448e-06
1.340667928194112901e-06
1.385783661647549757e-06
1.635058772197279450e-06
2.028650673516685707e-06
1.949663417418726830e-06
2.203142828476143962e-06
4.215901759221263508e-06
1.338152635744862371e-05
4.421497120310486354e-06
2.486652190116403766e-06
5.427221349775997103e-06
-1.664943082662265393e-05
2.933275567572473326e-05
4.712751122371978275e-06
4.843494499878770356e-06
2.595295653114646335e-05
-2.406074127734021036e-05
-8.114307544082821838e-06
-2.820326276933226114e-06
-2.788330980616197612e-06
-3.193200348178431909e-06
-3.309615336577439070e-06
-4.646796717574346759e-06
-1.186672610404438120e-05
-7.123824721530910596e-06
-3.848935211165835967e-06
-6.572340141179147869e-06
-2.188454819221950920e-05
-1.390129116315414011e-05
-6.846295809598083544e-06
-5.260658630952817567e-06
-3.827421218006460824e-06
-3.645095243987849050e-06
-2.746933061741580185e-06
-2.765282843002781378e-06
-4.280880360695956863e-06
-5.242491325347087814e-06
-3.563833709735817380e-06
-2.427283598412826113e-06
-2.830739573814798832e-06
-3.263497809031181996e-06
-3.680116027330101381e-06
-5.336428100860284067e-06
-1.086057686769112201e-05
-2.456815233218840721e-05
-5.745071693204968394e-05
1.470300279383123827e-05
1.659927279050503007e-05
-1.002299214118267936e-05
-2.709064251047318280e-06
-1.609919600613838408e-06
-1.226749957346220164e-06
-1.163387979728715644e-06
-1.170436758422712199e-06
-1.179708834784896701e-06
-1.178532305951515099e-06
-1.062260040108330296e-06
-1.181384078308468519e-06
-1.496827287712580650e-06
-1.758958732178066894e-06
-2.408990002500631711e-06
-4.137461627304468976e-06
-6.395536838002146399e-06
-6.271663798275295652e-06
-4.268083695747448650e-06
-3.224920642830531423e-06
-3.200480523729947021e-06
-3.083899618238740806e-06
-3.563710558581183444e-06
-6.515134020182173757e-06
-9.772824063943375737e-06
9.474953209469231933e-05
8.355426190163005567e-06
3.724221212877957414e-06
2.351302808234987546e-06
1.888213078012349092e-06
1.457741258061953882e-06
1.354372094679842934e-06
1.180377933995565738e-06
1.198982396442869234e-06
1.148805203187169126e-06
7.952620068388012293e-07
6.542489407450113145e-07
6.315867267904785044e-07
6.171358525566354508e-07
6.136960033047927914e-07
6.399928093841146987e-07
6.365098893062749850e-07
5.921511856912792343e-07
5.870637970510150209e-07
5.894471281067562063e-07
5.860011924455451164e-07
6.429075797065413994e-07
7.227948120300206618e-07
9.097861669076253016e-07
1.293089815396571890e-06
1.437181348756637884e-06
1.227959092736476282e-06
1.133704988694230886e-06
1.146524551641958400e-06
1.046360019572793719e-06
9.259609985533441599e-07
8.751837500362502871e-07
8.693647763490650413e-07
7.835589155325978445e-07
6.573446077518850660e-07
6.139000404489039545e-07
5.422360244665731635e-07
4.879596473183513774e-07
5.213839522554852704e-07
5.401054268686588778e-07
5.266913117547912754e-07
5.572454406464456118e-07
5.860903794927076578e-07
5.483504238211740464e-07
5.108915249234222035e-07
5.075824199535338769e-07
4.824669036660412174e-07
4.428288517518202664e-07
4.482805039992150286e-07
4.311333640713871396e-07
4.149382867304968952e-07
4.365629070897345610e-07
4.554300647998469285e-07
4.440715310725703686e-07
4.258497536779791162e-07
4.226233142690781866e-07
4.475878237138470126e-07
4.754662479600388421e-07
4.675990253686988192e-07
4.754067345494702244e-07
5.021623710540193305e-07
5.277795664556062564e-07
5.231455554869903618e-07
5.548677449407996669e-07
5.977137612512615848e-07
5.883887316995886970e-07
5.983914582910249515e-07
6.137569488300727582e-07
6.025457721676947040e-07
5.863358606496950876e-07
6.510123639455419787e-07
6.723611965357257513e-07
6.502359248636771601e-07
6.881355684562454923e-07
7.192417699984412894e-07
7.268478585994269385e-07
7.122950369777813086e-07
7.128245149285035037e-07
7.287612578955209009e-07
6.639498088644931066e-07
5.438619742225605686e-07
4.879024631280251743e-07
4.926501362702500155e-07
5.175919472032855116e-07
5.306121464526221806e-07
6.012224254420642602e-07
6.840333599261061464e-07
7.152346896019275481e-07
7.407912646671166218e-07
8.001144496819595414e-07
9.426507091140143584e-07
9.523808512365133823e-07
8.614402180253451446e-07
7.512566225507245107e-07
6.820191034587115831e-07
6.453072738290067166e-07
6.303185768488646211e-07
6.454015832544804815e-07
6.823384861817440160e-07
6.983761041767149879e-07
6.847570971213342963e-07
6.938565468729081741e-07
6.800450187077404816e-07
6.398017288437947601e-07
5.916791154513277755e-07
5.662985794814349080e-07
5.696893482434946871e-07
5.584790330083830800e-07
5.275603099691284615e-07
5.022382481546124974e-07
5.240419702671019654e-07
5.593045619085344348e-07
5.580113015049672806e-07
5.568769231860779477e-07
5.497478283924677052e-07
5.539230319647637603e-07
6.275372444323837717e-07
7.250145630619810408e-07
6.971670819815206972e-07
6.712375527057071754e-07
7.232884925886586716e-07
7.328519016512572841e-07
6.982957959593259504e-07
7.083138064647341126e-07
7.163841788037814613e-07
6.916010813746695422e-07
6.870549615393795142e-07
7.208748371679117276e-07
8.726824896743572664e-07
1.218366687116107911e-06
1.403369732113865878e-06
1.325598611365781440e-06
1.389898202525661091e-06
1.571447005314386067e-06
1.366537689001819626e-06
1.266349983578802810e-06
1.506077575412302752e-06
1.757207604257267134e-06
1.654044397003547978e-06
1.550292787119066778e-06
1.897609395149089378e-06
1.841462041615742467e-06
1.657610631943459751e-06
1.741022215112837861e-06
1.599147047660960301e-06
1.313767634601090933e-06
1.341265772237560880e-06
1.618009244888217044e-06
1.463953247522569356e-06
1.590375577200229140e-06
1.601207026256246618e-06
1.322820733224428150e-06
1.485653988712710230e-06
1.826669777645056217e-06
1.688563606740658452e-06
1.566886235538258228e-06
1.339986823947461660e-06
1.078823130318026772e-06
1.081694904473077954e-06
1.076101638173769835e-06
1.059429976659293888e-06
1.039155935731570995e-06
1.094931293978532698e-06
1.397112178008112307e-06
1.770786505925471074e-06
1.944111802519694505e-06
2.426215449551857832e-06
3.057618899445232925e-06
4.007889180730644182e-06
6.471943111682884770e-06
5.104221253299366107e-06
1.186393559675592353e-05
-8.536150045649507041e-06
-2.877570764738398454e-06
-1.796829889534915280e-06
-1.605038814610594569e-06
-1.598838026041400563e-06
-1.296450407242303502e-06
-1.081344940952849061e-06
-1.175688388895336315e-06
-1.177693123545947786e-06
-1.219977716429576805e-06
-1.400603721819137221e-06
-1.485701068668205107e-06
-1.786132591745699321e-06
-3.722318969383210848e-06
4.474376991495678896e-05
7.551536176758800464e-06
5.514870130320728375e-06
2.320855693748958587e-06
1.429585609541547800e-06
1.339367489496910349e-06
1.418804857597953184e-06
1.644724457036304462e-06
1.999413992968127540e-06
2.092096339808834098e-06
2.464047944174007565e-06
3.087723463628524896e-06
3.898766144152588597e-06
6.800042541375562717e-06
7.910222202574745685e-06
8.461809890099748410e-06
1.577750906553421128e-05
1.369406975670310752e-05
2.888419820242175675e-05
-3.635198205777777515e-05
-3.245285156512562529e-05
-3.908058072711231140e-05
-1.340100709850443969e-05
-5.180533518329218444e-06
-3.698076255693590552e-06
-3.120815135589442390e-06
-4.519836632799864453e-06
-9.463597907803909272e-06
-1.106499411259795843e-05
-1.551980190580877635e-05
2.648286491401156088e-05
5.602020414199595312e-06
5.293209584678572098e-06
1.058029664659578017e-05
-4.817563304773317492e-06
-2.071825767106639530e-06
-1.869945929754395854e-06
-1.632051980946810347e-06
-1.260487170707986015e-06
-1.160386681681445001e-06
-1.143079854353651809e-06
-1.279300403082382696e-06
-1.774968493135468207e-06
-2.912679222001232317e-06
-1.131674855419852351e-05
-2.392269646807230967e-04
-1.125328859980734706e-05
-6.598799969019911655e-06
-4.598331813903251981e-06
-5.545451217098765799e-06
-2.030290637430624272e-05
-5.719526696148622415e-06
-3.118491978046268959e-06
-2.723939819579192239e-06
-2.126582150346676548e-06
-1.805423785745316250e-06
-1.965667216444606917e-06
-3.716741767445378737e-06
-3.845434309341306996e-05
4.574625732154942952e-05
-2.630625929888312118e-04
1.804256733615004505e-05
2.170367859172901367e-04
-5.245533253619330409e-06
-3.029991225407769747e-06
-2.170105657427539738e-06
-1.818325542678077964e-06
-1.931636069996706354e-06
-1.695057634568064690e-06
-1.533340664694398369e-06
-1.227043518277322780e-06
-1.006142092169484305e-06
-1.171243839127919128e-06
-1.182964877742571242e-06
-9.382824930778179746e-07
-8.529444706549797427e-07
-8.373345838956660812e-07
-8.144590337486689580e-07
-8.850506015081395753e-07
-8.935362642006155643e-07
-8.321059001484689486e-07
-7.626316518935632735e-07
-6.910793415278141385e-07
-6.146088400864568613e-07
-5.166248414465721425e-07
-4.931092667578012397e-07
-4.842122047861165286e-07
-4.637043664313542401e-07
-4.851297193841218615e-07
-4.855820945930773391e-07
-4.693321574330898755e-07
-4.820592741528434725e-07
-4.650445099277927595e-07
-4.141471997039044862e-07
-3.887107578839187284e-07
-3.770629670833165751e-07
-3.694915633936352296e-07
-3.718394957147902932e-07
-3.713737618088146162e-07
-3.645783646430654490e-07
-3.518304985493599480e-07
-3.452815573952114537e-07
-3.538433774639987906e-07
-3.424736908000396789e-07
-3.186135832287533635e-07
-3.093055855193821080e-07
-2.943085595234685388e-07
-2.921078018318142040e-07
-3.101601408217348765e-07
-3.303364177826704123e-07
-3.610182723808739940e-07
-3.907042062818875706e-07
-4.086562467125661979e-07
-4.032236159969373619e-07
-3.725699017697768375e-07
-3.658809864778144830e-07
-3.775489173706878540e-07
-3.819884763198214547e-07
-3.768205197169011434e-07
-3.583000427489113990e-07
-3.592679448335533378e-07
-3.612508764086864456e-07
-3.502484542085212539e-07
-3.535941422172679961e-07
-3.514783790321553997e-07
-3.647679501257806124e-07
-3.760333563360416447e-07
-3.664373825578874215e-07
-3.610463483928645293e-07
-3.720271249382584749e-07
-3.814541057268035879e-07
-3.715417036012410728e-07
-3.552077023444381570e-07
-3.361649092602178193e-07
-3.465665595062487466e-07
-3.592616954649367122e-07
-3.625193775987227601e-07
-3.699713423087705295e-07
-3.942172916856301432e-07
-4.347721088741645690e-07
-4.538509956854490913e-07
-4.600219380620653879e-07
-4.641320338483355024e-07
-4.555769637542926881e-07
-4.066942645243113894e-07
-3.796928508840294893e-07
-3.906110636532629570e-07
-4.088412626552134148e-07
-4.389522352617863362e-07
-4.780473096065496014e-07
-5.183651227372726071e-07
-5.499742095057403597e-07
-5.751926446369620132e-07
-5.772123959346824583e-07
-5.540718187963384106e-07
-5.639149249964009008e-07
-5.795906019783401273e-07
-5.659036258970657797e-07
-5.600839441481272522e-07
-5.722680370128231273e-07
-5.375306991816641266e-07
-5.255200564814229296e-07
-5.605147361862558304e-07
-5.480917260320256216e-07
-5.130095991134090168e-07
-4.817418177640706738e-07
-4.678564125964415483e-07
-4.394236672144096759e-07
-4.006980643043739836e-07
-3.959807318324299215e-07
-4.060284746601571636e-07
-3.898022817458649986e-07
-3.580100968315121721e-07
-3.398214678441087341e-07
-3.368568593380257574e-07
-3.400355464377005788e-07
-3.576877510542269068e-07
-3.734007795174329609e-07
-3.705862092215103366e-07
-3.847067523663161588e-07
-4.097950538963030322e-07
-4.036524219284455046e-07
-3.816967921961667357e-07
-3.807549732511383389e-07
-4.082870393941798756e-07
-4.408541539185351382e-07
-4.534098917517705496e-07
-5.027684817893299828e-07
-5.855332140518934089e-07
-6.095904427896332399e-07
-5.648757226324061334e-07
-5.210907381534790280e-07
-5.376993910922301007e-07
-6.095293169869524004e-07
-7.091838779743495001e-07
-7.184283013652262464e-07
-7.115852889333721684e-07
-7.574263746302889710e-07
-7.267975778410014060e-07
-7.229609182691872870e-07
-7.882697233977559830e-07
-8.028895260390465110e-07
-7.370505706734429170e-07
-7.137596648415204095e-07
-7.783222487468603420e-07
-8.341413861927337464e-07
-7.814855632622432967e-07
-6.920801486120235450e-07
-6.239277166048193520e-07
-5.803316516508534622e-07
-5.356413111743905727e-07
-4.799403031959511550e-07
-4.390255599717082744e-07
-3.900893895796523082e-07
-3.432542863596543083e-07
-3.312199809979257300e-07
-3.342142288306806692e-07
-3.240567318073120832e-07
-2.987027979895568049e-07
-2.961589590691976771e-07
-3.036422699213068939e-07
-2.863100238556257308e-07
-2.861290536639086471e-07
-3.056872722408951480e-07
-3.124075667163271224e-07
-3.125356143176593148e-07
-3.281233270700320499e-07
-3.364597120619991563e-07
-3.264839179200850561e-07
-3.340641361371083594e-07
-3.621910064042707062e-07
-3.640186962711224692e-07
-3.547144505994163385e-07
-3.509579612904064396e-07
-3.412216200049441655e-07
-3.558300315582743174e-07
-3.923287402679102233e-07
-4.282444793509832658e-07
-4.249286208505909662e-07
-3.886714493567685974e-07
-3.621075992715501108e-07
-3.583516241137947382e-07
-3.554332517649736537e-07
-3.472904834134795435e-07
-3.536666605981616679e-07
-3.529548831387987615e-07
-3.510025926574780236e-07
-3.575930019703156231e-07
-3.501205754979575233e-07
-3.296188893927336579e-07
-3.147960122168983230e-07
-3.121412039380865646e-07
-3.054966551261739402e-07
-2.842779867402672518e-07
-2.709546761109238308e-07
-2.760992759764476251e-07
-2.815859500870806994e-07
-2.814424906358119317e-07
-2.817161004478617341e-07
-2.794073563060843845e-07
-2.791454458701120031e-07
-2.756891272679416265e-07
-2.611347181670353983e-07
-2.534467078045668468e-07
-2.544074583169968958e-07
-2.635231896735424355e-07
-2.737878929136417074e-07
-2.734055009335149509e-07
-2.762429794835752892e-07
-2.733831584305691323e-07
-2.662957257446646740e-07
-2.683264184341435054e-07
-2.789561903574268348e-07
-2.948574229289568622e-07
-3.242805263778798653e-07
-3.477138243128892949e-07
-3.490517777746233360e-07
-3.642093066687740966e-07
-3.825418327850385111e-07
-3.752608393962147614e-07
-3.531733102792714958e-07
-3.489746690701372167e-07
-3.543857477692690922e-07
-3.476788712361203680e-07
-3.413195350556269788e-07
-3.457510895052706796e-07
-3.535602319974024067e-07
-3.410876275359411585e-07
-3.337374263333421958e-07
-3.434828255329150997e-07
-3.699634490114347096e-07
-3.957434697575650453e-07
-3.889488257628354616e-07
-3.582925145812947051e-07
-3.281731136886199681e-07
-3.095884961760706263e-07
-2.977506423720865675e-07
-2.891403659899979814e-07
-2.860573968758782695e-07
-2.868487387387522579e-07
-2.901963411644605585e-07
-3.057410575225339431e-07
-3.135709937853522433e-07
-2.980641702204140625e-07
-2.843230946982406461e-07
-2.742385589184225876e-07
-2.687696563134299971e-07
-2.662737129556302805e-07
-2.605171573854563351e-07
-2.580154343854272919e-07
-2.589012093453591691e-07
-2.611737724693235125e-07
-2.623640473953335081e-07
-2.711482820013651567e-07
-2.832139824725926609e-07
-2.869268959608668187e-07
-2.936934196446705221e-07
-3.037483217827975164e-07
-3.176929089660671707e-07
-3.275174882148681221e-07
-3.291138214293943039e-07
-3.274543673940149478e-07
-3.128391724260513801e-07
-3.101276086268947920e-07
-3.278990199048183882e-07
-3.380618997155845553e-07
-3.239559289329692534e-07
-3.021382628193080496e-07
-2.928563112178888514e-07
-3.008762393415874174e-07
-3.045445140981024185e-07
-3.068169501684852205e-07
-3.168071374369947595e-07
-3.255466293707739034e-07
-3.324973662876405506e-07
-3.296947796058814571e-07
-3.161233372315576678e-07
-2.997661158670132692e-07
-2.977258953499760060e-07
-3.055882576960308508e-07
-3.185974146170437526e-07
-3.151739631528521364e-07
-3.117207668336099771e-07
-3.283918480008941206e-07
-3.463392863692834095e-07
-3.706093828890893932e-07
-3.854351000005293448e-07
-3.759488501798328624e-07
-3.733281201855485805e-07
-3.569132896679547807e-07
-3.570782376954412365e-07
-3.994841048287074811e-07
-4.014109872277879377e-07
-3.829270985032965579e-07
-3.930019891024178778e-07
-3.943991456772345587e-07
-3.832488675724109031e-07
-3.753614868006964182e-07
-3.626078235343831669e-07
-3.561418007560912312e-07
-3.487305373250905196e-07
-3.579954956398195909e-07
-3.746606276011839562e-07
-3.919044121591733980e-07
-3.979448132320662926e-07
-3.663262101719067543e-07
-3.477720542872690366e-07
-3.623626459881672011e-07
-3.795404962083343925e-07
-4.004292888427723229e-07
-4.186579584986604414e-07
-4.194607749010034784e-07
-4.095269477196225471e-07
-3.932489625877774943e-07
-3.678453175203323473e-07
-3.467571532245798922e-07
-3.512664082668976345e-07
-3.419611890627294582e-07
-3.268679192810018400e-07
-3.288156760664178522e-07
-3.316342812935133577e-07
-3.261667723826213574e-07
-3.307587853891483946e-07
-3.487118155627973536e-07
-3.526516052696864727e-07
-3.559722512628501956e-07
-3.586149869214235506e-07
-3.565271510130061565e-07
-3.444994773380148535e-07
-3.282329603963979319e-07
-3.217670714067526508e-07
-3.146365473719773625e-07
-3.114879179027412517e-07
-3.151906788371556197e-07
-3.308913477831706695e-07
-3.482515109448139905e-07
-3.419769952768131736e-07
-3.431957740403296463e-07
-3.437017791666521791e-07
-3.183603370446818398e-07
-3.105129172808273010e-07
-3.148767093153400937e-07
-3.117356390975981210e-07
-3.032719587214189643e-07
-2.958770879017529641e-07
-2.947532876065249576e-07
-2.934922154669842499e-07
-3.019916889447888626e-07
-3.192838163824094979e-07
-3.264446060191555800e-07
-3.356018511087493477e-07
-3.340020685383449026e-07
-3.159808884710143686e-07
-3.055565619717449003e-07
-3.018404220810734447e-07
-3.036055863379465908e-07
-2.917768514762319346e-07
-2.781666231254949598e-07
-2.848128618438847072e-07
-2.915604306597465209e-07
-2.895848867406359398e-07
-2.951934768063342793e-07
-3.193380190610417602e-07
-3.530588891303474712e-07
-3.602507019007150516e-07
-3.481833790830334885e-07
-3.463574242024855672e-07
-3.498530664006002394e-07
-3.641672140746150428e-07
-3.626366606334260387e-07
-3.256082188463760829e-07
-3.068995004746199976e-07
-3.062420434523691892e-07
-3.011092029284838916e-07
-2.902266420963831053e-07
-2.799370439010365099e-07
-2.722105906271852776e-07
-2.611137174700189767e-07
-2.566432124269789908e-07
-2.571565039394539577e-07
-2.583640656972734135e-07
-2.568694595593461935e-07
-2.539704477550739392e-07
-2.475478065217963287e-07
-2.469363935758702298e-07
-2.582945446742016296e-07
-2.670424238762666904e-07
-2.714707406397148233e-07
-2.814816102029053862e-07
-2.900337549108054980e-07
-2.798413328265771653e-07
-2.656082798880801752e-07
-2.683440664070767405e-07
-2.730295556345535983e-07
-2.617529937087019080e-07
-2.584787978750349030e-07
-2.625317474965691412e-07
-2.590436143651164134e-07
-2.534237173931374641e-07
-2.514314441971953773e-07
-2.547562426231264177e-07
-2.613429935030078563e-07
-2.576693128635383863e-07
-2.510113556705882163e-07
-2.548437396766615691e-07
-2.678093349645102033e-07
-2.799505226486289820e-07
-2.963830169998007850e-07
-3.243682537945160586e-07
-3.259899129235134789e-07
-3.104205784757005078e-07
-3.084042372353839969e-07
-3.039196036820563668e-07
-3.090145325680532900e-07
-3.326372960412407416e-07
-3.475006508775301934e-07
-3.377524715728864793e-07
-3.250572627790175196e-07
-3.227715745062577918e-07
-3.273088698727504135e-07
-3.381829818713833334e-07
-3.517865677467772704e-07
-3.596616220978461624e-07
-3.640471366929600573e-07
-3.503257392776540543e-07
-3.162096972866194950e-07
-2.896545693878485054e-07
-2.701107845603034138e-07
-2.605561808069398190e-07
-2.540904282839659807e-07
-2.565627174233476212e-07
-2.609330464712696296e-07
-2.624208919206230037e-07
-2.676850069516033201e-07
-2.601138050246077925e-07
-2.562072455982217848e-07
-2.662200589825634164e-07
-2.598618997493863062e-07
-2.537256595087925865e-07
-2.709184764378729647e-07
-2.840755808322841918e-07
-2.811671610838790199e-07
-2.763230360733856941e-07
-2.759278579987248666e-07
-2.780105078302174097e-07
-2.805439508553981169e-07
-2.784770723434858982e-07
-2.773603696678779667e-07
-2.796370250921013757e-07
-2.748160699153953910e-07
-2.710260098370609216e-07
-2.867382376880036720e-07
-2.992900767719186343e-07
-2.971710637654118448e-07
-3.033944629354921500e-07
-2.969982758084889399e-07
-2.779086324354619070e-07
-2.749909058546449180e-07
-2.773201255046231882e-07
-2.737676811049419833e-07
-2.740001549786103252e-07
-2.793598156535229223e-07
-2.839570640561533082e-07
-2.749239184389572500e-07
-2.636631172898676952e-07
-2.604657081050471177e-07
-2.582471682639917645e-07
-2.447346332862276989e-07
-2.312620230729226022e-07
-2.333419846050464016e-07
-2.474148799932370611e-07
-2.596142937915770007e-07
-2.637926411670216687e-07
-2.621512460022160185e-07
-2.531607271058328644e-07
-2.508167741585005797e-07
-2.566442313860806838e-07
-2.588191933782285022e-07
-2.544699590713817281e-07
-2.487364336800889675e-07
-2.478543285594662832e-07
-2.465765187486762195e-07
-2.438545127755800656e-07
-2.525468875315259380e-07
-2.634766669979677633e-07
-2.692656757141097174e-07
-2.727785778905701341e-07
-2.753018888252357751e-07
-2.731836595160480470e-07
-2.707748664240667850e-07
-2.787050539531760093e-07
-2.855458995095726510e-07
-2.818287256903584379e-07
-2.750324133830712989e-07
-2.712782248824970993e-07
-2.614877551248980289e-07
-2.597051667874754420e-07
-2.641305685686181599e-07
-2.628733674727123146e-07
-2.612189314399049655e-07
-2.603676132870648308e-07
-2.547687633995761035e-07
-2.454814526840471569e-07
-2.417142580580304382e-07
-2.441312650783277696e-07
-2.431051276424339019e-07
-2.346235878013178192e-07
-2.309661615847775510e-07
-2.268249353522306278e-07
-2.242825243767655930e-07
-2.268601245704692596e-07
-2.273229620900514587e-07
-2.307870930554367252e-07
-2.287865401444297002e-07
-2.147052312937745644e-07
-2.102138189209498403e-07
-2.141913279393764895e-07
-2.150641845193745356e-07
-2.172182927659457755e-07
-2.203015239111329859e-07
-2.173192488096350811e-07
-2.108655793897552344e-07
-2.100900095597827172e-07
-2.061426514651181523e-07
-2.033104260670995899e-07
-2.106755504245197929e-07
-2.202231411209225374e-07
-2.304202516669922879e-07
-2.371495147617386220e-07
-2.455203905692484155e-07
-2.482862542709290722e-07
-2.450521726506192729e-07
-2.431994788391344904e-07
-2.341794341337369813e-07
-2.265092328956039619e-07
-2.252741295255189084e-07
-2.213749487144576321e-07
-2.196903138570187256e-07
-2.177906012113399908e-07
-2.168097324994982683e-07
-2.166232168400093596e-07
-2.134209160332792384e-07
-2.254690348004266631e-07
-2.310279305956339457e-07
-2.194682988680648143e-07
-2.142914799748236302e-07
-2.132899163662616645e-07
-2.149038576214313737e-07
-2.178261519853161048e-07
-2.174293232982239041e-07
-2.148402003629203927e-07
-2.133871459254597545e-07
-2.157482398191615936e-07
-2.141145966052851372e-07
-2.098286008420747049e-07
-2.160409263036599004e-07
-2.215401528019761738e-07
-2.180223551095522328e-07
-2.163719495459613864e-07
-2.183782012511711162e-07
-2.171768316115730962e-07
-2.103913569481983691e-07
-2.040079337005203130e-07
-2.016927148697735581e-07
-2.063092006642490165e-07
-2.137889986588457602e-07
-2.140466227158277715e-07
-2.189806128079700006e-07
-2.332066109216200413e-07
-2.396930949153613460e-07
-2.374717143769033691e-07
-2.363417284048836867e-07
-2.356297300119299293e-07
-2.326123914786374678e-07
-2.347054677849084105e-07
-2.305941225642831579e-07
-2.212141751698142879e-07
-2.132213956157768631e-07
-2.081789213560994063e-07
-2.066249281796120552e-07
-2.067218141012715272e-07
-2.049910734665270721e-07
-2.027268507680845776e-07
-2.009493813413800467e-07
-1.936338479042305141e-07
-1.887732570893080287e-07
-1.938864145176164999e-07
-2.001338629859953061e-07
-2.032589479217472090e-07
-2.140252618671884465e-07
-2.254110234651790961e-07
-2.246607325575954726e-07
-2.227374397977782681e-07
-2.322655506725901437e-07
-2.466548107845178722e-07
-2.562500599335439532e-07
-2.510843641287836276e-07
-2.445303407932880143e-07
-2.541055309423979266e-07
-2.623054240559636205e-07
-2.681675569052131261e-07
-2.873310540297610100e-07
-3.105757405747995468e-07
-3.161532985725177560e-07
-2.921281684159421803e-07
-2.798807990097968645e-07
-2.873627738653812699e-07
-2.904207084135079885e-07
-2.818463738878939468e-07
-2.680342814360965177e-07
-2.632929071203318107e-07
-2.631506993493148704e-07
-2.610945895237296176e-07
-2.669886534340261090e-07
-2.814985758405850596e-07
-2.917163652565807490e-07
-3.047395454810766025e-07
-3.139425728639832181e-07
-3.182098045439801418e-07
-3.464738324088621506e-07
-3.977974632612332564e-07
-4.295906147022490509e-07
-4.453124432897412016e-07
-4.806440536603131428e-07
-5.093762020788333691e-07
-5.156581140742267553e-07
-5.269523220030693787e-07
-5.516445405748863829e-07
-5.575341143434031823e-07
-5.072205874732020732e-07
-4.858105641180284974e-07
-5.134384134725379074e-07
-5.518667562220870254e-07
-6.189817708580569384e-07
-6.878518751913144951e-07
-6.516344089448414510e-07
-6.261404999872558411e-07
-6.736071064969015473e-07
-7.559311643643132187e-07
-8.023044021319505920e-07
-8.171033813402124379e-07
-8.418728828121652920e-07
-7.737395507066929294e-07
-6.576066560708576576e-07
-6.122795216371438841e-07
-5.890321636113625326e-07
-5.781282862686313432e-07
-6.066504741660356844e-07
-6.325251559269790543e-07
-6.378483683681944953e-07
-5.887730961220210302e-07
-5.505346376542057177e-07
-5.159250233064779475e-07
-4.937725804924988324e-07
-4.753416534277019092e-07
-4.489838077101230219e-07
-4.271041416863609544e-07
-4.167508933476741292e-07
-3.954421863191143570e-07
-3.805945192324821981e-07
-3.707905183233752358e-07
-3.493178734468772924e-07
-3.666052035300759064e-07
-3.799812446694574179e-07
-3.599063449264659209e-07
-3.604880353321330400e-07
-3.849569027436966871e-07
-3.958372680613784613e-07
-3.824661762952079839e-07
-3.785118598722987617e-07
-3.873027346113375579e-07
-3.711268057518680207e-07
-3.621224980176523502e-07
-3.702496505246119447e-07
