1.000000000000000021e-02
2.000000000000000042e-02
2.999999999999999889e-02
4.000000000000000083e-02
5.000000000000000278e-02
5.999999999999999778e-02
7.000000000000000666e-02
8.000000000000000167e-02
9.000000000000001055e-02
1.000000000000000056e-01
1.099999999999999867e-01
1.199999999999999956e-01
1.300000000000000044e-01
1.400000000000000133e-01
1.499999999999999944e-01
1.600000000000000033e-01
1.700000000000000122e-01
1.800000000000000211e-01
1.900000000000000022e-01
2.000000000000000111e-01
2.100000000000000200e-01
2.199999999999999734e-01
2.299999999999999822e-01
2.399999999999999911e-01
2.500000000000000000e-01
2.600000000000000089e-01
2.700000000000000178e-01
2.800000000000000266e-01
2.900000000000000355e-01
2.999999999999999889e-01
3.099999999999999978e-01
3.200000000000000067e-01
3.300000000000000155e-01
3.400000000000000244e-01
3.500000000000000333e-01
3.600000000000000422e-01
3.699999999999999956e-01
3.800000000000000044e-01
3.900000000000000133e-01
4.000000000000000222e-01
4.100000000000000311e-01
4.200000000000000400e-01
4.300000000000000488e-01
4.399999999999999467e-01
4.499999999999999556e-01
4.599999999999999645e-01
4.699999999999999734e-01
4.799999999999999822e-01
4.899999999999999911e-01
5.000000000000000000e-01
5.100000000000000089e-01
5.200000000000000178e-01
5.300000000000000266e-01
5.400000000000000355e-01
5.500000000000000444e-01
5.600000000000000533e-01
5.700000000000000622e-01
5.800000000000000711e-01
5.900000000000000799e-01
5.999999999999999778e-01
6.099999999999999867e-01
6.199999999999999956e-01
6.300000000000000044e-01
6.400000000000000133e-01
6.500000000000000222e-01
6.600000000000000311e-01
6.700000000000000400e-01
6.800000000000000488e-01
6.900000000000000577e-01
7.000000000000000666e-01
7.100000000000000755e-01
7.200000000000000844e-01
7.299999999999999822e-01
7.399999999999999911e-01
7.500000000000000000e-01
7.600000000000000089e-01
7.700000000000000178e-01
7.800000000000000266e-01
7.900000000000000355e-01
8.000000000000000444e-01
8.100000000000000533e-01
8.200000000000000622e-01
8.300000000000000711e-01
8.400000000000000799e-01
8.500000000000000888e-01
8.600000000000000977e-01
8.700000000000001066e-01
8.799999999999998934e-01
8.899999999999999023e-01
8.999999999999999112e-01
9.099999999999999201e-01
9.199999999999999289e-01
9.299999999999999378e-01
9.399999999999999467e-01
9.499999999999999556e-01
9.599999999999999645e-01
9.699999999999999734e-01
9.799999999999999822e-01
9.899999999999999911e-01
1.000000000000000000e+00
1.010000000000000009e+00
1.020000000000000018e+00
1.030000000000000027e+00
1.040000000000000036e+00
1.050000000000000044e+00
1.060000000000000053e+00
1.070000000000000062e+00
1.080000000000000071e+00
1.090000000000000080e+00
1.100000000000000089e+00
1.110000000000000098e+00
1.120000000000000107e+00
1.130000000000000115e+00
1.140000000000000124e+00
1.150000000000000133e+00
1.160000000000000142e+00
1.170000000000000151e+00
1.180000000000000160e+00
1.190000000000000169e+00
1.199999999999999956e+00
1.209999999999999964e+00
1.219999999999999973e+00
1.229999999999999982e+00
1.239999999999999991e+00
1.250000000000000000e+00
1.260000000000000009e+00
1.270000000000000018e+00
1.280000000000000027e+00
1.290000000000000036e+00
1.300000000000000044e+00
1.310000000000000053e+00
1.320000000000000062e+00
1.330000000000000071e+00
1.340000000000000080e+00
1.350000000000000089e+00
1.360000000000000098e+00
1.370000000000000107e+00
1.380000000000000115e+00
1.390000000000000124e+00
1.400000000000000133e+00
1.410000000000000142e+00
1.420000000000000151e+00
1.430000000000000160e+00
1.440000000000000169e+00
1.449999999999999956e+00
1.459999999999999964e+00
1.469999999999999973e+00
1.479999999999999982e+00
1.489999999999999991e+00
1.500000000000000000e+00
1.510000000000000009e+00
1.520000000000000018e+00
1.530000000000000027e+00
1.540000000000000036e+00
1.550000000000000044e+00
1.560000000000000053e+00
1.570000000000000062e+00
1.580000000000000071e+00
1.590000000000000080e+00
1.600000000000000089e+00
1.610000000000000098e+00
1.620000000000000107e+00
1.630000000000000115e+00
1.640000000000000124e+00
1.650000000000000133e+00
1.660000000000000142e+00
1.670000000000000151e+00
1.680000000000000160e+00
1.690000000000000169e+00
1.700000000000000178e+00
1.710000000000000187e+00
1.720000000000000195e+00
1.730000000000000204e+00
1.740000000000000213e+00
1.750000000000000222e+00
1.759999999999999787e+00
1.770000000000000018e+00
1.779999999999999805e+00
1.790000000000000036e+00
1.799999999999999822e+00
1.810000000000000053e+00
1.819999999999999840e+00
1.830000000000000071e+00
1.839999999999999858e+00
1.850000000000000089e+00
1.859999999999999876e+00
1.870000000000000107e+00
1.879999999999999893e+00
1.890000000000000124e+00
1.899999999999999911e+00
1.910000000000000142e+00
1.919999999999999929e+00
1.930000000000000160e+00
1.939999999999999947e+00
1.950000000000000178e+00
1.959999999999999964e+00
1.970000000000000195e+00
1.979999999999999982e+00
1.990000000000000213e+00
2.000000000000000000e+00
2.010000000000000231e+00
2.020000000000000018e+00
2.030000000000000249e+00
2.040000000000000036e+00
2.050000000000000266e+00
2.060000000000000053e+00
2.070000000000000284e+00
2.080000000000000071e+00
2.089999999999999858e+00
2.100000000000000089e+00
2.109999999999999876e+00
2.120000000000000107e+00
2.129999999999999893e+00
2.140000000000000124e+00
2.149999999999999911e+00
2.160000000000000142e+00
2.169999999999999929e+00
2.180000000000000160e+00
2.189999999999999947e+00
2.200000000000000178e+00
2.209999999999999964e+00
2.220000000000000195e+00
2.229999999999999982e+00
2.240000000000000213e+00
2.250000000000000000e+00
2.260000000000000231e+00
2.270000000000000018e+00
2.280000000000000249e+00
2.290000000000000036e+00
2.300000000000000266e+00
2.310000000000000053e+00
2.320000000000000284e+00
2.330000000000000071e+00
2.340000000000000302e+00
2.350000000000000089e+00
2.360000000000000320e+00
2.370000000000000107e+00
2.380000000000000338e+00
2.390000000000000124e+00
2.399999999999999911e+00
2.410000000000000142e+00
2.419999999999999929e+00
2.429999999999999716e+00
2.439999999999999947e+00
2.450000000000000178e+00
2.459999999999999964e+00
2.469999999999999751e+00
2.479999999999999982e+00
2.490000000000000213e+00
2.500000000000000000e+00
2.509999999999999787e+00
2.520000000000000018e+00
2.530000000000000249e+00
2.540000000000000036e+00
2.549999999999999822e+00
2.560000000000000053e+00
2.570000000000000284e+00
2.580000000000000071e+00
2.589999999999999858e+00
2.600000000000000089e+00
2.610000000000000320e+00
2.620000000000000107e+00
2.629999999999999893e+00
2.640000000000000124e+00
2.650000000000000355e+00
2.660000000000000142e+00
2.669999999999999929e+00
2.680000000000000160e+00
2.690000000000000391e+00
2.700000000000000178e+00
2.709999999999999964e+00
2.720000000000000195e+00
2.730000000000000426e+00
2.740000000000000213e+00
2.750000000000000000e+00
2.760000000000000231e+00
2.770000000000000462e+00
2.780000000000000249e+00
2.790000000000000036e+00
2.800000000000000266e+00
2.810000000000000497e+00
2.820000000000000284e+00
2.830000000000000071e+00
2.840000000000000302e+00
2.850000000000000533e+00
2.860000000000000320e+00
2.870000000000000107e+00
2.880000000000000338e+00
2.889999999999999680e+00
2.899999999999999911e+00
2.909999999999999698e+00
2.919999999999999929e+00
2.929999999999999716e+00
2.939999999999999947e+00
2.949999999999999734e+00
2.959999999999999964e+00
2.969999999999999751e+00
2.979999999999999982e+00
2.989999999999999769e+00
3.000000000000000000e+00
3.009999999999999787e+00
3.020000000000000018e+00
3.029999999999999805e+00
3.040000000000000036e+00
3.049999999999999822e+00
3.060000000000000053e+00
3.069999999999999840e+00
3.080000000000000071e+00
3.089999999999999858e+00
3.100000000000000089e+00
3.109999999999999876e+00
3.120000000000000107e+00
3.129999999999999893e+00
3.140000000000000124e+00
3.149999999999999911e+00
3.160000000000000142e+00
3.169999999999999929e+00
3.180000000000000160e+00
3.189999999999999947e+00
3.200000000000000178e+00
3.209999999999999964e+00
3.220000000000000195e+00
3.229999999999999982e+00
3.240000000000000213e+00
3.250000000000000000e+00
3.260000000000000231e+00
3.270000000000000018e+00
3.280000000000000249e+00
3.290000000000000036e+00
3.300000000000000266e+00
3.310000000000000053e+00
3.320000000000000284e+00
3.330000000000000071e+00
3.340000000000000302e+00
3.350000000000000089e+00
3.360000000000000320e+00
3.370000000000000107e+00
3.380000000000000338e+00
3.390000000000000124e+00
3.400000000000000355e+00
3.410000000000000142e+00
3.420000000000000373e+00
3.430000000000000160e+00
3.440000000000000391e+00
3.450000000000000178e+00
3.460000000000000409e+00
3.470000000000000195e+00
3.480000000000000426e+00
3.490000000000000213e+00
3.500000000000000444e+00
3.510000000000000231e+00
3.519999999999999574e+00
3.529999999999999805e+00
3.540000000000000036e+00
3.549999999999999822e+00
3.559999999999999609e+00
3.569999999999999840e+00
3.580000000000000071e+00
3.589999999999999858e+00
3.599999999999999645e+00
3.609999999999999876e+00
3.620000000000000107e+00
3.629999999999999893e+00
3.639999999999999680e+00
3.649999999999999911e+00
3.660000000000000142e+00
3.669999999999999929e+00
3.679999999999999716e+00
3.689999999999999947e+00
3.700000000000000178e+00
3.709999999999999964e+00
3.719999999999999751e+00
3.729999999999999982e+00
3.740000000000000213e+00
3.750000000000000000e+00
3.759999999999999787e+00
3.770000000000000018e+00
3.780000000000000249e+00
3.790000000000000036e+00
3.799999999999999822e+00
3.810000000000000053e+00
3.820000000000000284e+00
3.830000000000000071e+00
3.839999999999999858e+00
3.850000000000000089e+00
3.860000000000000320e+00
3.870000000000000107e+00
3.879999999999999893e+00
3.890000000000000124e+00
3.900000000000000355e+00
3.910000000000000142e+00
3.919999999999999929e+00
3.930000000000000160e+00
3.940000000000000391e+00
3.950000000000000178e+00
3.959999999999999964e+00
3.970000000000000195e+00
3.980000000000000426e+00
3.990000000000000213e+00
4.000000000000000000e+00
4.009999999999999787e+00
4.020000000000000462e+00
4.030000000000000249e+00
4.040000000000000036e+00
4.050000000000000711e+00
4.060000000000000497e+00
4.070000000000000284e+00
4.080000000000000071e+00
4.089999999999999858e+00
4.100000000000000533e+00
4.110000000000000320e+00
4.120000000000000107e+00
4.130000000000000782e+00
4.140000000000000568e+00
4.150000000000000355e+00
4.160000000000000142e+00
4.169999999999999929e+00
4.179999999999999716e+00
4.189999999999999503e+00
4.200000000000000178e+00
4.209999999999999964e+00
4.219999999999999751e+00
4.229999999999999538e+00
4.240000000000000213e+00
4.250000000000000000e+00
4.259999999999999787e+00
4.269999999999999574e+00
4.280000000000000249e+00
4.290000000000000036e+00
4.299999999999999822e+00
4.309999999999999609e+00
4.320000000000000284e+00
4.330000000000000071e+00
4.339999999999999858e+00
4.349999999999999645e+00
4.360000000000000320e+00
4.370000000000000107e+00
4.379999999999999893e+00
4.389999999999999680e+00
4.400000000000000355e+00
4.410000000000000142e+00
4.419999999999999929e+00
4.429999999999999716e+00
4.440000000000000391e+00
4.450000000000000178e+00
4.459999999999999964e+00
4.469999999999999751e+00
4.480000000000000426e+00
4.490000000000000213e+00
4.500000000000000000e+00
4.509999999999999787e+00
4.520000000000000462e+00
4.530000000000000249e+00
4.540000000000000036e+00
4.549999999999999822e+00
4.560000000000000497e+00
4.570000000000000284e+00
4.580000000000000071e+00
4.589999999999999858e+00
4.600000000000000533e+00
4.610000000000000320e+00
4.620000000000000107e+00
4.629999999999999893e+00
4.640000000000000568e+00
4.650000000000000355e+00
4.660000000000000142e+00
4.669999999999999929e+00
4.680000000000000604e+00
4.690000000000000391e+00
4.700000000000000178e+00
4.709999999999999964e+00
4.720000000000000639e+00
4.730000000000000426e+00
4.740000000000000213e+00
4.750000000000000000e+00
4.760000000000000675e+00
4.770000000000000462e+00
4.780000000000000249e+00
4.790000000000000036e+00
4.799999999999999822e+00
4.809999999999999609e+00
4.820000000000000284e+00
4.830000000000000071e+00
4.839999999999999858e+00
4.849999999999999645e+00
4.859999999999999432e+00
4.870000000000000107e+00
4.879999999999999893e+00
4.889999999999999680e+00
4.900000000000000355e+00
4.910000000000000142e+00
4.919999999999999929e+00
4.929999999999999716e+00
4.939999999999999503e+00
4.950000000000000178e+00
4.959999999999999964e+00
4.969999999999999751e+00
4.980000000000000426e+00
4.990000000000000213e+00
5.000000000000000000e+00
5.009999999999999787e+00
5.019999999999999574e+00
5.030000000000000249e+00
5.040000000000000036e+00
5.049999999999999822e+00
5.060000000000000497e+00
5.070000000000000284e+00
5.080000000000000071e+00
5.089999999999999858e+00
5.099999999999999645e+00
5.110000000000000320e+00
5.120000000000000107e+00
5.129999999999999893e+00
5.140000000000000568e+00
5.150000000000000355e+00
5.160000000000000142e+00
5.169999999999999929e+00
5.179999999999999716e+00
5.190000000000000391e+00
5.200000000000000178e+00
5.209999999999999964e+00
5.220000000000000639e+00
5.230000000000000426e+00
5.240000000000000213e+00
5.250000000000000000e+00
5.259999999999999787e+00
5.270000000000000462e+00
5.280000000000000249e+00
5.290000000000000036e+00
5.300000000000000711e+00
5.310000000000000497e+00
5.320000000000000284e+00
5.330000000000000071e+00
5.339999999999999858e+00
5.350000000000000533e+00
5.360000000000000320e+00
5.370000000000000107e+00
5.380000000000000782e+00
5.390000000000000568e+00
5.400000000000000355e+00
5.410000000000000142e+00
5.419999999999999929e+00
5.430000000000000604e+00
5.440000000000000391e+00
5.450000000000000178e+00
5.460000000000000853e+00
5.470000000000000639e+00
5.480000000000000426e+00
5.490000000000000213e+00
5.500000000000000000e+00
5.510000000000000675e+00
5.520000000000000462e+00
5.530000000000000249e+00
5.540000000000000924e+00
5.550000000000000711e+00
5.560000000000000497e+00
5.570000000000000284e+00
5.580000000000000071e+00
5.590000000000000746e+00
5.600000000000000533e+00
5.610000000000000320e+00
5.620000000000000995e+00
5.630000000000000782e+00
5.640000000000000568e+00
5.650000000000000355e+00
5.660000000000000142e+00
5.670000000000000817e+00
5.680000000000000604e+00
5.690000000000000391e+00
5.700000000000001066e+00
5.710000000000000853e+00
5.720000000000000639e+00
5.730000000000000426e+00
5.740000000000000213e+00
5.750000000000000888e+00
5.760000000000000675e+00
5.769999999999999574e+00
5.779999999999999361e+00
5.789999999999999147e+00
5.799999999999999822e+00
5.809999999999999609e+00
5.819999999999999396e+00
5.830000000000000071e+00
5.839999999999999858e+00
5.849999999999999645e+00
5.859999999999999432e+00
5.869999999999999218e+00
5.879999999999999893e+00
5.889999999999999680e+00
5.899999999999999467e+00
5.910000000000000142e+00
5.919999999999999929e+00
5.929999999999999716e+00
5.939999999999999503e+00
5.949999999999999289e+00
5.959999999999999964e+00
5.969999999999999751e+00
5.979999999999999538e+00
5.990000000000000213e+00
6.000000000000000000e+00
6.009999999999999787e+00
6.019999999999999574e+00
6.029999999999999361e+00
6.040000000000000036e+00
6.049999999999999822e+00
6.059999999999999609e+00
6.070000000000000284e+00
6.080000000000000071e+00
6.089999999999999858e+00
6.099999999999999645e+00
6.109999999999999432e+00
6.120000000000000107e+00
6.129999999999999893e+00
6.139999999999999680e+00
6.150000000000000355e+00
6.160000000000000142e+00
6.169999999999999929e+00
6.179999999999999716e+00
6.189999999999999503e+00
6.200000000000000178e+00
6.209999999999999964e+00
6.219999999999999751e+00
6.230000000000000426e+00
6.240000000000000213e+00
6.250000000000000000e+00
6.259999999999999787e+00
6.269999999999999574e+00
6.280000000000000249e+00
6.290000000000000036e+00
6.299999999999999822e+00
6.310000000000000497e+00
6.320000000000000284e+00
6.330000000000000071e+00
6.339999999999999858e+00
6.349999999999999645e+00
6.360000000000000320e+00
6.370000000000000107e+00
6.379999999999999893e+00
6.390000000000000568e+00
6.400000000000000355e+00
6.410000000000000142e+00
6.419999999999999929e+00
6.429999999999999716e+00
6.440000000000000391e+00
6.450000000000000178e+00
6.459999999999999964e+00
6.470000000000000639e+00
6.480000000000000426e+00
6.490000000000000213e+00
6.500000000000000000e+00
6.509999999999999787e+00
6.520000000000000462e+00
6.530000000000000249e+00
6.540000000000000036e+00
6.550000000000000711e+00
6.560000000000000497e+00
6.570000000000000284e+00
6.580000000000000071e+00
6.589999999999999858e+00
6.600000000000000533e+00
6.610000000000000320e+00
6.620000000000000107e+00
6.630000000000000782e+00
6.640000000000000568e+00
6.650000000000000355e+00
6.660000000000000142e+00
6.669999999999999929e+00
6.680000000000000604e+00
6.690000000000000391e+00
6.700000000000000178e+00
6.710000000000000853e+00
6.720000000000000639e+00
6.730000000000000426e+00
6.740000000000000213e+00
6.750000000000000000e+00
6.760000000000000675e+00
6.770000000000000462e+00
6.780000000000000249e+00
6.790000000000000924e+00
6.800000000000000711e+00
6.810000000000000497e+00
6.820000000000000284e+00
6.830000000000000071e+00
6.840000000000000746e+00
6.850000000000000533e+00
6.860000000000000320e+00
6.870000000000000995e+00
6.880000000000000782e+00
6.890000000000000568e+00
6.900000000000000355e+00
6.910000000000000142e+00
6.920000000000000817e+00
6.930000000000000604e+00
6.940000000000000391e+00
6.950000000000001066e+00
6.960000000000000853e+00
6.970000000000000639e+00
6.980000000000000426e+00
6.990000000000000213e+00
7.000000000000000888e+00
7.010000000000000675e+00
7.020000000000000462e+00
7.030000000000001137e+00
7.039999999999999147e+00
7.049999999999999822e+00
7.059999999999999609e+00
7.069999999999999396e+00
7.080000000000000071e+00
7.089999999999999858e+00
7.099999999999999645e+00
7.109999999999999432e+00
7.119999999999999218e+00
7.129999999999999893e+00
7.139999999999999680e+00
7.149999999999999467e+00
7.160000000000000142e+00
7.169999999999999929e+00
7.179999999999999716e+00
7.189999999999999503e+00
7.199999999999999289e+00
7.209999999999999964e+00
7.219999999999999751e+00
7.229999999999999538e+00
7.240000000000000213e+00
7.250000000000000000e+00
7.259999999999999787e+00
7.269999999999999574e+00
7.279999999999999361e+00
7.290000000000000036e+00
7.299999999999999822e+00
7.309999999999999609e+00
7.320000000000000284e+00
7.330000000000000071e+00
7.339999999999999858e+00
7.349999999999999645e+00
7.359999999999999432e+00
7.370000000000000107e+00
7.379999999999999893e+00
7.389999999999999680e+00
7.400000000000000355e+00
7.410000000000000142e+00
7.419999999999999929e+00
7.429999999999999716e+00
7.439999999999999503e+00
7.450000000000000178e+00
7.459999999999999964e+00
7.469999999999999751e+00
7.480000000000000426e+00
7.490000000000000213e+00
7.500000000000000000e+00
7.509999999999999787e+00
7.519999999999999574e+00
7.530000000000000249e+00
7.540000000000000036e+00
7.549999999999999822e+00
7.560000000000000497e+00
7.570000000000000284e+00
7.580000000000000071e+00
7.589999999999999858e+00
7.599999999999999645e+00
7.610000000000000320e+00
7.620000000000000107e+00
7.629999999999999893e+00
7.640000000000000568e+00
7.650000000000000355e+00
7.660000000000000142e+00
7.669999999999999929e+00
7.679999999999999716e+00
7.690000000000000391e+00
7.700000000000000178e+00
7.709999999999999964e+00
7.720000000000000639e+00
7.730000000000000426e+00
7.740000000000000213e+00
7.750000000000000000e+00
7.759999999999999787e+00
7.770000000000000462e+00
7.780000000000000249e+00
7.790000000000000036e+00
7.800000000000000711e+00
7.810000000000000497e+00
7.820000000000000284e+00
7.830000000000000071e+00
7.839999999999999858e+00
7.850000000000000533e+00
7.860000000000000320e+00
7.870000000000000107e+00
7.880000000000000782e+00
7.890000000000000568e+00
7.900000000000000355e+00
7.910000000000000142e+00
7.919999999999999929e+00
7.930000000000000604e+00
7.940000000000000391e+00
7.950000000000000178e+00
7.960000000000000853e+00
7.970000000000000639e+00
7.980000000000000426e+00
7.990000000000000213e+00
8.000000000000000000e+00
8.009999999999999787e+00
8.019999999999999574e+00
8.030000000000001137e+00
8.040000000000000924e+00
8.050000000000000711e+00
8.060000000000000497e+00
8.070000000000000284e+00
8.080000000000000071e+00
8.089999999999999858e+00
8.100000000000001421e+00
8.110000000000001208e+00
8.120000000000000995e+00
8.130000000000000782e+00
8.140000000000000568e+00
8.150000000000000355e+00
8.160000000000000142e+00
8.169999999999999929e+00
8.179999999999999716e+00
8.190000000000001279e+00
8.200000000000001066e+00
8.210000000000000853e+00
8.220000000000000639e+00
8.230000000000000426e+00
8.240000000000000213e+00
8.250000000000000000e+00
8.260000000000001563e+00
8.270000000000001350e+00
8.280000000000001137e+00
8.290000000000000924e+00
8.300000000000000711e+00
8.310000000000000497e+00
8.320000000000000284e+00
8.330000000000000071e+00
8.339999999999999858e+00
8.349999999999999645e+00
8.359999999999999432e+00
8.369999999999999218e+00
8.379999999999999005e+00
8.390000000000000568e+00
8.400000000000000355e+00
8.410000000000000142e+00
8.419999999999999929e+00
8.429999999999999716e+00
8.439999999999999503e+00
8.449999999999999289e+00
8.459999999999999076e+00
8.469999999999998863e+00
8.480000000000000426e+00
8.490000000000000213e+00
8.500000000000000000e+00
8.509999999999999787e+00
8.519999999999999574e+00
8.529999999999999361e+00
8.539999999999999147e+00
8.550000000000000711e+00
8.560000000000000497e+00
8.570000000000000284e+00
8.580000000000000071e+00
8.589999999999999858e+00
8.599999999999999645e+00
8.609999999999999432e+00
8.619999999999999218e+00
8.629999999999999005e+00
8.640000000000000568e+00
8.650000000000000355e+00
8.660000000000000142e+00
8.669999999999999929e+00
8.679999999999999716e+00
8.689999999999999503e+00
8.699999999999999289e+00
8.710000000000000853e+00
8.720000000000000639e+00
8.730000000000000426e+00
8.740000000000000213e+00
8.750000000000000000e+00
8.759999999999999787e+00
8.769999999999999574e+00
8.779999999999999361e+00
8.789999999999999147e+00
8.800000000000000711e+00
8.810000000000000497e+00
8.820000000000000284e+00
8.830000000000000071e+00
8.839999999999999858e+00
8.849999999999999645e+00
8.859999999999999432e+00
8.870000000000000995e+00
8.880000000000000782e+00
8.890000000000000568e+00
8.900000000000000355e+00
8.910000000000000142e+00
8.919999999999999929e+00
8.929999999999999716e+00
8.939999999999999503e+00
8.949999999999999289e+00
8.960000000000000853e+00
8.970000000000000639e+00
8.980000000000000426e+00
8.990000000000000213e+00
9.000000000000000000e+00
9.009999999999999787e+00
9.019999999999999574e+00
9.030000000000001137e+00
9.040000000000000924e+00
9.050000000000000711e+00
9.060000000000000497e+00
9.070000000000000284e+00
9.080000000000000071e+00
9.089999999999999858e+00
9.099999999999999645e+00
9.109999999999999432e+00
9.120000000000000995e+00
9.130000000000000782e+00
9.140000000000000568e+00
9.150000000000000355e+00
9.160000000000000142e+00
9.169999999999999929e+00
9.179999999999999716e+00
9.190000000000001279e+00
9.200000000000001066e+00
9.210000000000000853e+00
9.220000000000000639e+00
9.230000000000000426e+00
9.240000000000000213e+00
9.250000000000000000e+00
9.259999999999999787e+00
9.269999999999999574e+00
9.280000000000001137e+00
9.290000000000000924e+00
9.300000000000000711e+00
9.310000000000000497e+00
9.320000000000000284e+00
9.330000000000000071e+00
9.339999999999999858e+00
9.350000000000001421e+00
9.360000000000001208e+00
9.370000000000000995e+00
9.380000000000000782e+00
9.390000000000000568e+00
9.400000000000000355e+00
9.410000000000000142e+00
9.419999999999999929e+00
9.429999999999999716e+00
9.440000000000001279e+00
9.450000000000001066e+00
9.460000000000000853e+00
9.470000000000000639e+00
9.480000000000000426e+00
9.490000000000000213e+00
9.500000000000000000e+00
9.510000000000001563e+00
9.520000000000001350e+00
9.530000000000001137e+00
9.540000000000000924e+00
9.550000000000000711e+00
9.560000000000000497e+00
9.570000000000000284e+00
9.580000000000000071e+00
9.589999999999999858e+00
9.599999999999999645e+00
9.609999999999999432e+00
9.619999999999999218e+00
9.629999999999999005e+00
9.640000000000000568e+00
9.650000000000000355e+00
9.660000000000000142e+00
9.669999999999999929e+00
9.679999999999999716e+00
9.689999999999999503e+00
9.699999999999999289e+00
9.709999999999999076e+00
9.719999999999998863e+00
9.730000000000000426e+00
9.740000000000000213e+00
9.750000000000000000e+00
9.759999999999999787e+00
9.769999999999999574e+00
9.779999999999999361e+00
9.789999999999999147e+00
9.800000000000000711e+00
9.810000000000000497e+00
9.820000000000000284e+00
9.830000000000000071e+00
9.839999999999999858e+00
9.849999999999999645e+00
9.859999999999999432e+00
9.869999999999999218e+00
9.879999999999999005e+00
9.890000000000000568e+00
9.900000000000000355e+00
9.910000000000000142e+00
9.919999999999999929e+00
9.929999999999999716e+00
9.939999999999999503e+00
9.949999999999999289e+00
9.960000000000000853e+00
9.970000000000000639e+00
9.980000000000000426e+00
9.990000000000000213e+00
0.000000000000000000e+00
1.268234080826076451e-06
6.646984092855768558e-07
4.789629631458115308e-07
3.998763931213805059e-07
3.661406138561032095e-07
3.583013077319951812e-07
3.690812588804143345e-07
3.959928800337873559e-07
4.388854802273930320e-07
4.989626093772662549e-07
5.783357772099069501e-07
6.798041846601235564e-07
8.066924974735509591e-07
9.624878756490587479e-07
1.149709205884104632e-06
1.367068726013132249e-06
1.604201565996305872e-06
1.835651080364627623e-06
2.021018965318340266e-06
2.119871863195675117e-06
2.116201846150660781e-06
2.028764950843139215e-06
1.896012679535775099e-06
1.753763138191132935e-06
1.624378876656358939e-06
1.517608840070612236e-06
1.435388310457109166e-06
1.375966161605416166e-06
1.336339680614661070e-06
1.313378395927263987e-06
1.304250755780332420e-06
1.306578793994891607e-06
1.318502922209459991e-06
1.338656955341019292e-06
1.365987171589652324e-06
1.399407797547218129e-06
1.437387516629974638e-06
1.477665108065645383e-06
1.517254068032358667e-06
1.552856203508148022e-06
1.581604640122550128e-06
1.601756227856880753e-06
1.612991102759131435e-06
1.616183439078532492e-06
1.612745254719904606e-06
1.603877127924102510e-06
1.590015582677845323e-06
1.570758078649005360e-06
1.545413979015973824e-06
1.513893723032848802e-06
1.477471580238636361e-06
1.438946869398236751e-06
1.402037919604331851e-06
1.370328670094338356e-06
1.346300624872690282e-06
1.330810863574649966e-06
1.323098363388954750e-06
1.321237012499218936e-06
1.322870949961554172e-06
1.325979916454145482e-06
1.329377861354027564e-06
1.332789799636726655e-06
1.336537192230266390e-06
1.341064399355707346e-06
1.346631236581084897e-06
1.353317466193124853e-06
1.361171270835681812e-06
1.370170757058760303e-06
1.379889761330184385e-06
1.389134562179214150e-06
1.395976262611397623e-06
1.398315295172571656e-06
1.394738591055300536e-06
1.385292707226507421e-06
1.371739781690432146e-06
1.357144158286990416e-06
1.344940497897633505e-06
1.337838659477061317e-06
1.337040863974126397e-06
1.342035211692329325e-06
1.350992011072447143e-06
1.361601982456977246e-06
1.371980754664536750e-06
1.381213492691141860e-06
1.389277589463412889e-06
1.396467947698081119e-06
1.402832356153815458e-06
1.407964698246043124e-06
1.411122016125609646e-06
1.411501778065618422e-06
1.408536323548904760e-06
1.402136505111878079e-06
1.392834101444006795e-06
1.381685168116014954e-06
1.369946946005316026e-06
1.358680398297820651e-06
1.348448730582186742e-06
1.339311869802866952e-06
1.331077006476083203e-06
1.323576785640719949e-06
1.316839350965268003e-06
1.311130684259314010e-06
1.306911666704823636e-06
1.304715380192412715e-06
1.304955120298226788e-06
1.307758333412999230e-06
1.312920322992117181e-06
1.319938603573742863e-06
1.328002549367952451e-06
1.335966706770946658e-06
1.342447735713356851e-06
1.346119388329796873e-06
1.346117062655483404e-06
1.342372735566125208e-06
1.335754537340925812e-06
1.327886322532572349e-06
1.320623590353145746e-06
1.315458210436645239e-06
1.313188288577296210e-06
1.313939369139489610e-06
1.317409977370587885e-06
1.323145505421585542e-06
1.330670988123869490e-06
1.339468490969522691e-06
1.348901515705779409e-06
1.358171827241190251e-06
1.366416117078360790e-06
1.372952878282305050e-06
1.377494339121966020e-06
1.380172530124386811e-06
1.381352764111001959e-06
1.381400100867706441e-06
1.380594310687858589e-06
1.379168366553448240e-06
1.377351756178078353e-06
1.375318648184006766e-06
1.373101693927643307e-06
1.370588035688910278e-06
1.367688193542062013e-06
1.364556858843433291e-06
1.361587210404950778e-06
1.359083886152028470e-06
1.356854776942443312e-06
1.354119659470730234e-06
1.349926703959431648e-06
1.343875629459920851e-06
1.336586281565544565e-06
1.329585170752649481e-06
1.324742317899521544e-06
1.323623126133476246e-06
1.327114615418530562e-06
1.335425963340453678e-06
1.348284487380134647e-06
1.365099180539600067e-06
1.385034814573734750e-06
1.407090630340560334e-06
1.430267046057719988e-06
1.453791444841106728e-06
1.477259328792025230e-06
1.500572060990200101e-06
1.523701136277100063e-06
1.546491591161157151e-06
1.568670168093213121e-06
1.589969332090739835e-06
1.610270561129385450e-06
1.629656631676014193e-06
1.648230073435825645e-06
1.665707547956128620e-06
1.681074230674994411e-06
1.692685587911316638e-06
1.698937768390620409e-06
1.699111914113735330e-06
1.693767659340742598e-06
1.684445052453321945e-06
1.672985345563345099e-06
1.660982772443646673e-06
1.649625687885462786e-06
1.639759302399912547e-06
1.631882317939355845e-06
1.626087535942790422e-06
1.622076350356989525e-06
1.619326633614119690e-06
1.617317807659610885e-06
1.615663344284431397e-06
1.614151429374996130e-06
1.612738175309442442e-06
1.611452285337894543e-06
1.610157557371816910e-06
1.608337395495530303e-06
1.605092146125567325e-06
1.599416165322363345e-06
1.590630616180727987e-06
1.578740201844396188e-06
1.564514261282832530e-06
1.549212139979549787e-06
1.534143562556656185e-06
1.520357311805126975e-06
1.508564175679261986e-06
1.499138672719278425e-06
1.492076627940695625e-06
1.486969535426672347e-06
1.483173677541495203e-06
1.480230415615654394e-06
1.478299649528304819e-06
1.478207358560004502e-06
1.480964887255546969e-06
1.486999184875134237e-06
1.495498463034922481e-06
1.504263898097500960e-06
1.510190161352791076e-06
1.510252907034947227e-06
1.502646765973747531e-06
1.487523298922197560e-06
1.466981936663826715e-06
1.444396972296171123e-06
1.423456227282441377e-06
1.407304783643850226e-06
1.397951681043905481e-06
1.395972381744252415e-06
1.400539203250909993e-06
1.409757312200294052e-06
1.421208072674950051e-06
1.432584760409188318e-06
1.442229981741818487e-06
1.449356022379306408e-06
1.453854064076307276e-06
1.455884465743450752e-06
1.455553314512498276e-06
1.452826156647826573e-06
1.447701309562197059e-06
1.440453770571232907e-06
1.431748726855049191e-06
1.422593970692111134e-06
1.414253288409789793e-06
1.408066146038992451e-06
1.405046385695006959e-06
1.405423573947827524e-06
1.408409094698636261e-06
1.412315092079464310e-06
1.414975522388512987e-06
1.414342598583985488e-06
1.409115942229141475e-06
1.399265225444206999e-06
1.386167018007985575e-06
1.372188254975149777e-06
1.359895824230409042e-06
1.351261099774130629e-06
1.347215239466073424e-06
1.347615350938029921e-06
1.351400519324920748e-06
1.356791036457952771e-06
1.361566015840569747e-06
1.363589411664888654e-06
1.361603122219886060e-06
1.355896882257775979e-06
1.348320314347741191e-06
1.341464923750602813e-06
1.337518745500597983e-06
1.337488333145976635e-06
1.341119815406869892e-06
1.347383663691531818e-06
1.355128044120830346e-06
1.363522692474362056e-06
1.372102671187503672e-06
1.380548918232530400e-06
1.388456350965152302e-06
1.395227846446371542e-06
1.400077310931911800e-06
1.402119342265951570e-06
1.400590869426890840e-06
1.395149346733872369e-06
1.386108915891673487e-06
1.374490652042635725e-06
1.361847329684238384e-06
1.349861590090520706e-06
1.339835596865007434e-06
1.332327773589039193e-06
1.327110497090025871e-06
1.323505917740623040e-06
1.320911488395782589e-06
1.319190432061742589e-06
1.318739075662390506e-06
1.320196412024290983e-06
1.323978070441400106e-06
1.329931459376011527e-06
1.337338231992253330e-06
1.345182771518589277e-06
1.352458667679411331e-06
1.358378751727400648e-06
1.362452530795158366e-06
1.364517742803521295e-06
1.364776035800241827e-06
1.363782569746284892e-06
1.362349900567095574e-06
1.361385838793036800e-06
1.361695229773988825e-06
1.363759658597216628e-06
1.367491456254394023e-06
1.372082585881202252e-06
1.376186052292083498e-06
1.378424283561710431e-06
1.377972738078790981e-06
1.374849318262138824e-06
1.369694506025187337e-06
1.363285360856873965e-06
1.356176362744738734e-06
1.348640629488216017e-06
1.340826366088128136e-06
1.332909572754998342e-06
1.325153020918709167e-06
1.317910977503949052e-06
1.311526539603709059e-06
1.306148048220273346e-06
1.301592327869687870e-06
1.297401588053495955e-06
1.293103278908039845e-06
1.288506818203536286e-06
1.283844929262187323e-06
1.279672554262488916e-06
1.276589131657382319e-06
1.274896733338341350e-06
1.274355795371495393e-06
1.274246438141231641e-06
1.273790841381618313e-06
1.272691327129703289e-06
1.271334774807966248e-06
1.270479207251672137e-06
1.270729207062920287e-06
1.272226105859025038e-06
1.274695811784125925e-06
1.277652018381038907e-06
1.280518993380102257e-06
1.282599552390067434e-06
1.282996964676102796e-06
1.280657286676032807e-06
1.274625650803435654e-06
1.264449366293413324e-06
1.250455966937348119e-06
1.233697206982190572e-06
1.215601858326330900e-06
1.197560232876160854e-06
1.180692508513354388e-06
1.165805421229540841e-06
1.153398543989086037e-06
1.143689574061650482e-06
1.136698702150056979e-06
1.132354500238181923e-06
1.130535438558481888e-06
1.131006580208519602e-06
1.133286720094077956e-06
1.136579305859332551e-06
1.139864433362811241e-06
1.142156179027717050e-06
1.142849159800023055e-06
1.141947857433026841e-06
1.140026956305234299e-06
1.137932750464386603e-06
1.136365059034154089e-06
1.135567290197730008e-06
1.135258791018088677e-06
1.134815217275392812e-06
1.133588099526998662e-06
1.131195110283419885e-06
1.127672580685197007e-06
1.123477140826385884e-06
1.119365799025138831e-06
1.116211315680684007e-06
1.114771960029012611e-06
1.115452415690706477e-06
1.118145708500376176e-06
1.122236761615047219e-06
1.126788649215334373e-06
1.130829326435910378e-06
1.133642891058800270e-06
1.134967530713928805e-06
1.135043000562777221e-06
1.134457721196996306e-06
1.133797863582629315e-06
1.133298767889236037e-06
1.132751139634331411e-06
1.131722301158321265e-06
1.129928967208858121e-06
1.127537407435733085e-06
1.125231595825662081e-06
1.124040537055266505e-06
1.125027853526732894e-06
1.129012572165861104e-06
1.136425713531796963e-06
1.147270793565388821e-06
1.161175960751105654e-06
1.177488154805416489e-06
1.195361990323850551e-06
1.213841128309803820e-06
1.231969561798575286e-06
1.248922171993509167e-06
1.264090436901339755e-06
1.277165508219080471e-06
1.288189363125370050e-06
1.297503494401500433e-06
1.305563176317092374e-06
1.312646972520860113e-06
1.318632550807021316e-06
1.322981673446657188e-06
1.324956225226381776e-06
1.323982748560350454e-06
1.319976290185859814e-06
1.313561630054190152e-06
1.306142281836104777e-06
1.299672711291923583e-06
1.296118937435608025e-06
1.296806396781800114e-06
1.301957324942351868e-06
1.310619845471574462e-06
1.321014103045664978e-06
1.331087992516276651e-06
1.339054049382748023e-06
1.343792503911348971e-06
1.345065511828403075e-06
1.343503517115491334e-06
1.340300794240815728e-06
1.336693970678687467e-06
1.333412785206581930e-06
1.330305913224074469e-06
1.326365193288669640e-06
1.320246029916750404e-06
1.311060139173993025e-06
1.298986160636958354e-06
1.285337070669471554e-06
1.272106620498979640e-06
1.261311655563942179e-06
1.254422794232928240e-06
1.252065693964078297e-06
1.254027544526395135e-06
1.259452016954773393e-06
1.267103972242548221e-06
1.275588460081542354e-06
1.283496156993772833e-06
1.289567444961835311e-06
1.292923406602079628e-06
1.293275464061787990e-06
1.290920750457448708e-06
1.286487340939831455e-06
1.280585286938087990e-06
1.273610692564322787e-06
1.265833914610538182e-06
1.257629224204596954e-06
1.249595554031243272e-06
1.242425944933931797e-06
1.236596970017926568e-06
1.232099789474638727e-06
1.228361518991667552e-06
1.224445531500319039e-06
1.219481633949376239e-06
1.213135044228205014e-06
1.205864257830793641e-06
1.198777291270050156e-06
1.193159533170316010e-06
1.189915346518005761e-06
1.189209959051115688e-06
1.190419667775003328e-06
1.192348196649881926e-06
1.193649848206413964e-06
1.193302315621532982e-06
1.190953995057258150e-06
1.187056482232564900e-06
1.182728651980842958e-06
1.179405511045221044e-06
1.178402726499844259e-06
1.180512629156873819e-06
1.185782776054219988e-06
1.193558422171279639e-06
1.202727888732477762e-06
1.212049308120291313e-06
1.220415196768668486e-06
1.226977573346760178e-06
1.231147458219719658e-06
1.232526698609250178e-06
1.230840081968320817e-06
1.225909533886233153e-06
1.217681332286430382e-06
1.206304400597271593e-06
1.192234827770150535e-06
1.176284697671605794e-06
1.159552832370830051e-06
1.143245937527998413e-06
1.128439916140431099e-06
1.115878701091010206e-06
1.105858978388075903e-06
1.098205709703795001e-06
1.092385049385486590e-06
1.087747095519411436e-06
1.083817393430107230e-06
1.080495525512215474e-06
1.078060168535123051e-06
1.076949663903387598e-06
1.077422405210742973e-06
1.079335184381502080e-06
1.082175004676082801e-06
1.085270169622989881e-06
1.088010548135520761e-06
1.090001663684529402e-06
1.091126259582505708e-06
1.091511263180285391e-06
1.091441071432142292e-06
1.091285657639303406e-06
1.091469619178046180e-06
1.092411638292462886e-06
1.094365418895738586e-06
1.097185366425027069e-06
1.100150110950897758e-06
1.102018309802801546e-06
1.101382144874216327e-06
1.097191757410651645e-06
1.089181030790943372e-06
1.077989541828225172e-06
1.064990631670970342e-06
1.051970507557401150e-06
1.040847410759349666e-06
1.033456702107194129e-06
1.031309599095375238e-06
1.035270208936874971e-06
1.045188802999354034e-06
1.059663582721411421e-06
1.076147093126908618e-06
1.091533679868744240e-06
1.103103545506851724e-06
1.109381308951712116e-06
1.110376898679820006e-06
1.107081388662906609e-06
1.100682799121934279e-06
1.092069095266235065e-06
1.081796010503785436e-06
1.070298102653366321e-06
1.058045971586856055e-06
1.045525955910129924e-06
1.033110782764036049e-06
1.020991447882313822e-06
1.009250526128372413e-06
9.979991630047252238e-07
9.874486812259669474e-07
9.778875914133283349e-07
9.696166409168151319e-07
9.628625232430432144e-07
9.576646676922114207e-07
9.537749321383575319e-07
9.506652203027995618e-07
9.476919968421190168e-07
9.443562818542815668e-07
9.405341985298975650e-07
9.365797503314304192e-07
9.332717997920788322e-07
9.316043716888039942e-07
9.324590157359179478e-07
9.362812574674080506e-07
9.429176042758803442e-07
9.516851827996492492e-07
9.616274621314244878e-07
9.718255504793701357e-07
9.816375482718277951e-07
9.907969231791375818e-07
9.993697234025959071e-07
1.007597203373938591e-06
1.015703396861481748e-06
1.023809884287627941e-06
1.031981278622621611e-06
1.040308414982923336e-06
1.048906166086047697e-06
1.057789833594825632e-06
1.066711297609610136e-06
1.075078465816722938e-06
1.082043537962029355e-06
1.086739779644561680e-06
1.088602373168137389e-06
1.087647127064652049e-06
1.084489568935174997e-06
1.080025688400226713e-06
1.074972700827493747e-06
1.069568438598278601e-06
1.063618837253563238e-06
1.056810131745232289e-06
1.049070242399710918e-06
1.040781723575786670e-06
1.032715063056867658e-06
1.025742500811106245e-06
1.020476077512654356e-06
1.016993538270184478e-06
1.014809973569023262e-06
1.013140745692033734e-06
1.011335352373339594e-06
1.009206827190575954e-06
1.007051982932261559e-06
1.005412918801344200e-06
1.004768753526793235e-06
1.005345861344256378e-06
1.007118253390289803e-06
1.009906762527175547e-06
1.013473492663841423e-06
1.017577679008137904e-06
1.021974261958359583e-06
1.026388116513307382e-06
1.030531233756466520e-06
1.034182961835737876e-06
1.037280960624723191e-06
1.039923428661187412e-06
1.042251297973981797e-06
1.044306058995031050e-06
1.045969569340774550e-06
1.046997294191537042e-06
1.047095500981352978e-06
1.046014811860729115e-06
1.043631795575809274e-06
1.039992860426938416e-06
1.035287735512093188e-06
1.029725730918096065e-06
1.023378934777873177e-06
1.016068115227087161e-06
1.007412553020390190e-06
9.971234282047969150e-07
9.853977005184320648e-07
9.731454586359095519e-07
9.618787678941445048e-07
9.532815551330519880e-07
9.486676417257840485e-07
9.485892675660001611e-07
9.527169014121669786e-07
9.599752004350788465e-07
9.688786846490655931e-07
9.779662336462137260e-07
9.861951759687413615e-07
9.931303994695996365e-07
9.988584862816806470e-07
1.003714162382538862e-06
1.007993899304326997e-06
1.011786833332544271e-06
1.014932085851937522e-06
1.017091108780419636e-06
1.017896358872923091e-06
1.017112659673722427e-06
1.014755509629620001e-06
1.011122191939389474e-06
1.006716516518008100e-06
1.002112076686231450e-06
9.978376227343351044e-07
9.943161940816967879e-07
9.918207150770247785e-07
9.904308899029341614e-07
9.900535138044687868e-07
9.905330783254512455e-07
9.917584278245639619e-07
9.936507774316710385e-07
9.960646551952244565e-07
9.987413002904625919e-07
1.001379001359731094e-06
1.003736158638025767e-06
1.005638487578948411e-06
1.006885844159570364e-06
1.007204666221105726e-06
1.006321645122058360e-06
1.004087185723249504e-06
1.000544797588164824e-06
9.958679614285489065e-07
9.902412878525814515e-07
9.838181270389463760e-07
9.768031189668804792e-07
9.696220862933316054e-07
9.630266141462263823e-07
9.580224121404297640e-07
9.556104080865117792e-07
9.564322082973879849e-07
9.604779885181416368e-07
9.669790418097693301e-07
9.745937252366351247e-07
9.818759576335543864e-07
9.878189975063345659e-07
9.921485530767823114e-07
9.951854048757283162e-07
9.974746409385729569e-07
9.994751831183021239e-07
1.001424386736674300e-06
1.003349725431522050e-06
1.005132900573831615e-06
1.006604042789137900e-06
1.007635692901171037e-06
1.008165771890389142e-06
1.008115091136030669e-06
1.007255634157071962e-06
1.005186617081711972e-06
1.001514469362906539e-06
9.961322474455645941e-07
9.893813984631392702e-07
9.819672470156518622e-07
9.746878433458653754e-07
9.681615142338999375e-07
9.626511772667483987e-07
9.580465715628303463e-07
9.540183757377658530e-07
9.502799717658502496e-07
9.468194997580855805e-07
9.439160165173346354e-07
9.419301291460922815e-07
9.410430821174678767e-07
9.411327504278839679e-07
9.418428192624272485e-07
9.427580689184505688e-07
9.435616577553357962e-07
9.441010429066213559e-07
9.443693591698874223e-07
9.444337904623551355e-07
9.443508672575031817e-07
9.441282248639818523e-07
9.437676773383410942e-07
9.433778536884434597e-07
9.432840333389380420e-07
9.440554481586566322e-07
9.463902325360894690e-07
9.508531116309155911e-07
9.575802509718736222e-07
9.661135516551798561e-07
9.754814122989860444e-07
9.844974759314155411e-07
9.921022192176416209e-07
9.976040541934876051e-07
1.000796686972281867e-06
1.001976624741469572e-06
1.001877759391038894e-06
1.001502677690746406e-06
1.001838241539893720e-06
1.003518874823334945e-06
1.006574360116506397e-06
1.010428074786389707e-06
1.014189651806225238e-06
1.017046445935919513e-06
1.018491668914458383e-06
1.018293048506343630e-06
1.016337093346119576e-06
1.012562257830013981e-06
1.006995501768183222e-06
9.998253023728906162e-07
9.914629884393813461e-07
9.825481354208190225e-07
9.738683107811040670e-07
9.661800745903534732e-07
9.599996316263738286e-07
9.554697324639115801e-07
9.523479093813248226e-07
9.501175650178705904e-07
9.481950215330928096e-07
9.461572271061387302e-07
9.439078530557615358e-07
9.417086335247715309e-07
9.400721785328520019e-07
9.395622855594674398e-07
9.405698995465008022e-07
9.431608621088629374e-07
9.470641996440423981e-07
9.517833368489248431e-07
9.567571819884754755e-07
9.614709628078565502e-07
9.654685208742134473e-07
9.683345829902643004e-07
9.697352468332696810e-07
9.695369725878995878e-07
9.679296970418763809e-07
9.654607589218467759e-07
9.629290026928732554e-07
9.611391359864613216e-07
9.605933603294560191e-07
9.612711589859370295e-07
9.626259828887850220e-07
9.637803980652467687e-07
9.638372834509408835e-07
9.621852704700982131e-07
9.586449340072944007e-07
9.533966049470064627e-07
9.467782446137842614e-07
9.391283275060487025e-07
9.307533072836919524e-07
9.219901669599362247e-07
9.132820880176709469e-07
9.052089327072731803e-07
8.984607174969633027e-07
8.937585599263912966e-07
8.916965614793996738e-07
8.925026522065612824e-07
8.958605539888022518e-07
9.009309786352304087e-07
9.065922754852769952e-07
9.118023121414391708e-07
9.159149362548765142e-07
9.188152629172663614e-07
9.208409303655865844e-07
9.225497553087795317e-07
9.244661355537871510e-07
9.269214049383273250e-07
9.299939512862018089e-07
9.335200778631403628e-07
9.371705733134706754e-07
9.405769138509209817e-07
9.434684481827530216e-07
9.457635115410562684e-07
9.475920136409308524e-07
9.492603824803196949e-07
9.511082001862941831e-07
9.532647735657639610e-07
9.554467716188066253e-07
9.569727547360459654e-07
9.570163939949911481e-07
9.549461508868266295e-07
9.505783721718347713e-07
9.442401614859713810e-07
9.366435415407664091e-07
9.286438194368405326e-07
9.209898185617491456e-07
9.141833596479621585e-07
9.084904948600910152e-07
9.040274942400137120e-07
9.008326759693785610e-07
8.988634989933470099e-07
8.979325671038168996e-07
8.976721761306509901e-07
8.976051901718560738e-07
8.973209098285301538e-07
8.966684094973147426e-07
8.958443778218216493e-07
8.953061969382584549e-07
8.955584698265303678e-07
8.969395941506505202e-07
8.994976780973727590e-07
9.029625209761176611e-07
9.067935261898900311e-07
9.102835127989701838e-07
9.127040951933604614e-07
9.134660281507840714e-07
9.122586308494374597e-07
9.091310484282275437e-07
9.045003186071759492e-07
8.990877881099302213e-07
8.937774558108598555e-07
8.894081379778585490e-07
8.865746512463559998e-07
8.855243218503006502e-07
8.861901552383067404e-07
8.883250887866455169e-07
8.916445821397054920e-07
8.959068308569016971e-07
9.008713837994588987e-07
9.061545563545674698e-07
9.111029900574305206e-07
9.148195645076459452e-07
9.163993100464531516e-07
9.152734869686896513e-07
9.114292236860961478e-07
9.053484816490092829e-07
8.977419801667492616e-07
8.893031090051156067e-07
8.806140313910301726e-07
8.721653808703564000e-07
8.643807735606191984e-07
8.575959677023996740e-07
8.520320056059976593e-07
8.477968156281417883e-07
8.449003855544650894e-07
8.432694916058179880e-07
8.427702619655052379e-07
8.432215512851124192e-07
8.443885679218917562e-07
8.459694618149997505e-07
8.475880960809263319e-07
8.488227682445184360e-07
8.493069016465915019e-07
8.488690989189221827e-07
8.476122397148959928e-07
8.458470098555055762e-07
8.439285589631703997e-07
8.421483736136826574e-07
8.407694701891827578e-07
8.401216215353477839e-07
8.405695935086907929e-07
8.423057988395535740e-07
8.451273634166402745e-07
8.483935664245078800e-07
8.512343104930055185e-07
8.528836907027405038e-07
8.529401333489794991e-07
8.514452000616397220e-07
8.487996722409049632e-07
8.456064973834063514e-07
8.425368413746622617e-07
8.402441817385971505e-07
8.392857568384218552e-07
8.400368473357936595e-07
8.426324462483817719e-07
8.469659552698826543e-07
8.527187025426927172e-07
8.593799737678754597e-07
8.662777883528518716e-07
8.727049428308192078e-07
8.781544390732282423e-07
8.825347463309830603e-07
8.862082882807880102e-07
8.897968543029678662e-07
8.938238046028882742e-07
8.983538696649059346e-07
9.028255166411660150e-07
9.061946078191506605e-07
9.073557666489263805e-07
9.056572128578140581e-07
9.012233425372797938e-07
8.949083677483925360e-07
8.879468728882046669e-07
8.815172304013685526e-07
8.764286590743740188e-07
8.730038084748428503e-07
8.711176868127031300e-07
8.703365604892816059e-07
8.701208362605083981e-07
8.700127462847545849e-07
8.697573949389043085e-07
8.693427302070330415e-07
8.689640710135169164e-07
8.689369558678166637e-07
8.695457422525763444e-07
8.708635377952561227e-07
8.726274861316022240e-07
8.742644551064041287e-07
8.750950010501814799e-07
8.746359610240603564e-07
8.728164491921292932e-07
8.699825642646791569e-07
8.667430140534474271e-07
8.637749627457500529e-07
8.616705702318721084e-07
8.608579274475282081e-07
8.615915239912542762e-07
8.639748590818698342e-07
8.679999952090892082e-07
8.735659886793833802e-07
8.804372077673386291e-07
8.881658141100692851e-07
8.960617863122420316e-07
9.032888721963846633e-07
9.090911947408438542e-07
9.130679731078113745e-07
9.153417001198161078e-07
9.164897574824355974e-07
9.172598650834245754e-07
9.182385811541518799e-07
9.196417583954673145e-07
9.213091067255069817e-07
9.228628358297097010e-07
9.238763095830302374e-07
9.239369218804987440e-07
9.226471198533069184e-07
9.196719723638048156e-07
9.149209257395587698e-07
9.087695110614082248e-07
9.020701382121838722e-07
8.958828055963331747e-07
8.911004222075923973e-07
8.881860467139326430e-07
8.871133401961916241e-07
8.874819784851572105e-07
8.887285606238213515e-07
8.903589922786636583e-07
8.921375585382195338e-07
8.941890061729160415e-07
8.969674171332945224e-07
9.010856345695404228e-07
9.070628129728267172e-07
9.150644055844291035e-07
9.247179432712597477e-07
9.350705394489297031e-07
9.447370151508601142e-07
9.522327217033618339e-07
9.563944154165460584e-07
9.567171177149485658e-07
9.534572756716096486e-07
9.474692111375875286e-07
9.398792167792511318e-07
9.317421969916634814e-07
9.238043864514523371e-07
9.164422383721414220e-07
9.097638141334531972e-07
9.037876472099429488e-07
8.985824330224117256e-07
8.942847991678975763e-07
8.910017880787791979e-07
8.886920494288876356e-07
8.871138487141098566e-07
8.859039028009314105e-07
8.847681186210332840e-07
8.836562923152996059e-07
8.827757712309687649e-07
8.824167862490727092e-07
8.827004407870842343e-07
8.834148133548884180e-07
8.840665278300548626e-07
8.841080663942753801e-07
0.000000000000000000e+00
4.487129336228473902e-06
4.251154451455416687e-06
5.472150534285435935e-06
4.906845347001524273e-06
4.583774765329566858e-06
5.898662174845050214e-06
1.005035908556762481e-05
2.849660614680738852e-05
4.332705880485468995e-05
-2.775384019879061426e-05
-1.062959361395507567e-05
-1.351770607712831543e-05
-1.476277400139710213e-05
-9.572861059057337092e-06
-9.568230836613115248e-06
-1.057605482101242827e-05
-5.549374531155583659e-06
-4.401275548054920272e-06
-3.545783447847931425e-06
-2.967673902482424615e-06
-3.949207667364191336e-06
-4.691171447846640295e-06
-4.711143326245926196e-06
-5.159580746856645866e-06
-4.734739077256777129e-06
-3.919927145472054898e-06
-3.414180814060238791e-06
-4.749578420656744755e-06
-1.377074663511276720e-05
-3.756255513418421720e-05
-4.202312424736565863e-05
-1.993296027161055149e-05
-1.532259636750008116e-05
-4.823814417817704831e-05
2.470150043401720942e-05
6.164484306525458209e-06
4.079975354074173052e-06
3.793712144939743876e-06
3.369982601191240786e-06
3.711026519496586913e-06
3.882671460050627504e-06
4.681116444786721551e-06
1.048993153311140100e-05
4.128304675908738334e-05
-2.588777545717441334e-05
-1.257896472762869562e-05
-2.296342435679602723e-05
-6.560129350568368978e-05
-1.523560315945193824e-05
-8.818657336662079260e-06
-1.569356427472228508e-05
-9.810218774647040576e-05
6.223837808262329700e-05
1.174995813367315043e-05
1.033323052651292546e-05
-1.593782838409687455e-04
-1.861989536775408637e-05
-2.713080625796167596e-05
-3.545201543837198116e-05
-1.255780651458993048e-04
3.416092971752032840e-05
1.354126346027970157e-05
8.694760279806923155e-06
1.003298217666688603e-05
1.330770300060315306e-05
8.745132080651610415e-06
7.676039545835973717e-06
6.129707703127126556e-06
8.162693259567300325e-06
2.512854373738942064e-05
2.742426364465952018e-05
8.624766025550934271e-04
2.642940680367742134e-05
6.579987827935729678e-06
4.153945995756869076e-06
3.234937076809087528e-06
2.536624308155631368e-06
2.492402886145780026e-06
3.094873976445995294e-06
2.929965803469462128e-06
2.853273445195974607e-06
2.967507406640028195e-06
3.935873997657635843e-06
6.153709932673509860e-06
4.945631250834665621e-06
4.459310422389072436e-06
5.466298530873567988e-06
8.939644491051950711e-06
2.577428876033668434e-05
3.436926138518833074e-05
2.204959711679412547e-05
-1.115837677709998007e-05
-3.649040180555264595e-06
-2.844048172611637455e-06
-2.395126385861152189e-06
-2.147137250416885448e-06
-2.378769923398338681e-06
-3.049901367754955591e-06
-3.507738789194933082e-06
-3.012852285602187499e-06
-2.441409213269538059e-06
-2.368385997114479446e-06
-2.370047819168402114e-06
-1.998492368227304108e-06
-1.572550416065916643e-06
-1.362325183940382165e-06
-1.316804550773612582e-06
-1.291840100909166888e-06
-1.172141728165196976e-06
-1.103062793978330147e-06
-1.023924219427068008e-06
-9.936726274428913236e-07
-9.917732661425727793e-07
-1.009652672452368212e-06
-1.137557061074338903e-06
-1.172960193372041806e-06
-1.190455791684233968e-06
-1.160053243995021700e-06
-1.177664620913950829e-06
-1.293823321053980567e-06
-1.311005608432045289e-06
-1.400653217225005417e-06
-1.617001331164553936e-06
-1.921309322450965707e-06
-1.983622466923699510e-06
-1.877742572730984871e-06
-2.177007461739002721e-06
-2.757394094571529153e-06
-2.418258791162223232e-06
-1.905068196940990731e-06
-2.071341576724065380e-06
-1.999440479142782921e-06
-1.692567736649290102e-06
-1.488586142387379452e-06
-1.249589942012204272e-06
-1.117179809307182002e-06
-1.104380924945289838e-06
-1.093754276323006442e-06
-1.074824405034069971e-06
-1.205576540895816720e-06
-1.311897358107765288e-06
-1.257339035464242084e-06
-1.240721986936953290e-06
-1.358120845977528202e-06
-1.569893429579433410e-06
-1.768291464884631288e-06
-1.660731168334949885e-06
-1.496114659598041135e-06
-1.624329047069499978e-06
-2.120094912664424931e-06
-2.582921475264314885e-06
-2.511862704972300077e-06
-2.099036631604123528e-06
-1.904860504582780956e-06
-1.969714739075893476e-06
-1.969506505414706629e-06
-1.909481280162306290e-06
-1.644342599855187463e-06
-1.567440445080001082e-06
-1.627971390554878259e-06
-1.684864265410015642e-06
-1.819256668605466598e-06
-1.741117571755352476e-06
-1.676540683611513152e-06
-1.704943233799905087e-06
-1.643702309555722481e-06
-1.564749401437723522e-06
-1.498740051235404073e-06
-1.415441817611100815e-06
-1.388655926918866993e-06
-1.420015695978837025e-06
-1.376842236874654477e-06
-1.310716435238040410e-06
-1.234515801201339342e-06
-1.228495920035259221e-06
-1.235442174132395222e-06
-1.218776951861496686e-06
-1.287460940885186419e-06
-1.408046050523626110e-06
-1.408590203257045155e-06
-1.397374163571830181e-06
-1.390371740997190965e-06
-1.252647875827682061e-06
-1.150843809226787619e-06
-1.145592802215894540e-06
-1.206966425486087978e-06
-1.225995944886355073e-06
-1.254885764461057684e-06
-1.247614520922533306e-06
-1.209631371845938590e-06
-1.245483821002225629e-06
-1.282972925438027183e-06
-1.275439561446021861e-06
-1.248689401689354790e-06
-1.199769617202679251e-06
-1.238291454476773445e-06
-1.292140432875583259e-06
-1.190631803443880566e-06
-1.018617976503442782e-06
-9.517382016499629069e-07
-9.546972867810268932e-07
-8.889204869475949862e-07
-8.774293391030797543e-07
-9.577690947668101145e-07
-1.045812135357836567e-06
-1.033901310088418859e-06
-9.942518066117185513e-07
-9.677957901808549265e-07
-9.266139918584640626e-07
-8.857739034510273031e-07
-9.053633224025963303e-07
-9.363442132784990482e-07
-9.730014000487954907e-07
-9.768395036542717019e-07
-9.234789588835492127e-07
-9.614816645525526310e-07
-9.746367324875826591e-07
-1.010100400008867423e-06
-9.690583365862118314e-07
-9.051867573729561866e-07
-9.313140328431645024e-07
-8.842431276203637506e-07
-8.438112016782292856e-07
-8.521781388121276396e-07
-8.635496391845304033e-07
-8.904669580852226140e-07
-8.852092536321326553e-07
-8.129718545130551174e-07
-7.892135095821780078e-07
-8.338395207796650950e-07
-8.417450394410485008e-07
-8.523545967251345582e-07
-8.188773805973015979e-07
-7.898265554392085227e-07
-8.731958096965123351e-07
-9.525696030063301436e-07
-8.971678647232597948e-07
-8.306937672822790125e-07
-8.006482238227160330e-07
-7.990380175623105976e-07
-8.353187243286111121e-07
-7.909397553435208012e-07
-7.256020059814819108e-07
-6.843015441683313297e-07
-6.478224598479394972e-07
-6.345794160211206683e-07
-6.469653919173809779e-07
-6.779994324994676554e-07
-7.178894893674562638e-07
-7.055856463846006985e-07
-6.608386238781607873e-07
-6.577435062502006400e-07
-6.499043067888664195e-07
-6.303679803990712390e-07
-6.269188924222960140e-07
-6.324717821052875756e-07
-6.631620253907655782e-07
-7.010186003887269945e-07
-6.846319301585832785e-07
-6.507732398303399331e-07
-6.087845986216292536e-07
-5.820282048501387270e-07
-5.815625921258191277e-07
-5.682532480928043701e-07
-5.571411910888830355e-07
-5.539698735007631182e-07
-5.550040862093802767e-07
-5.531154488281796587e-07
-5.570930400602369437e-07
-5.738984873058574973e-07
-5.918396190103474921e-07
-6.047375609695670533e-07
-6.201333269980581571e-07
-6.364522408547766656e-07
-6.405197402534770222e-07
-6.791721675447145390e-07
-7.372039828565487825e-07
-7.479410485219998322e-07
-7.233943719611768257e-07
-7.129850654444000965e-07
-7.241375111278170552e-07
-7.304119700611472420e-07
-7.191504769487409151e-07
-6.805113891399336608e-07
-6.494643222259071296e-07
-6.354387316082054236e-07
-6.368666197994018780e-07
-6.342749759262087916e-07
-6.248898533140639105e-07
-6.620566232698202999e-07
-7.052454279841237212e-07
-6.758735501190922399e-07
-6.744248840924952651e-07
-7.427057064664876717e-07
-8.095940481694348116e-07
-8.497986064320477085e-07
-8.509554555830230164e-07
-8.165991603549493321e-07
-8.464797545557166126e-07
-9.157074569492361760e-07
-9.484837419041013669e-07
-9.770102505131688151e-07
-9.560014281156980594e-07
-8.733270520100554977e-07
-8.134694807550368683e-07
-8.047384341634311711e-07
-7.950301132385335627e-07
-7.885487063073757840e-07
-8.119905248979346001e-07
-8.196640643426084629e-07
-7.956618681494249951e-07
-7.949503757613229457e-07
-7.764196684304110838e-07
-7.476421369451219127e-07
-7.443656258731540133e-07
-7.380588052044030649e-07
-7.465676671196318646e-07
-7.170016664237448381e-07
-6.733687543612172338e-07
-6.566896812923189517e-07
-6.296821102771223817e-07
-6.246181302361448814e-07
-6.048071468190176477e-07
-5.790753835279690316e-07
-5.736778165474455510e-07
-5.581553954225007630e-07
-5.565936788999739201e-07
-5.823096933214744434e-07
-6.131055381972110574e-07
-5.900452976375225829e-07
-5.523198109635725684e-07
-5.396603733617831568e-07
-5.467654197471081766e-07
-5.463405935297963852e-07
-5.378758436734238084e-07
-5.357727934649139445e-07
-5.326632160800803735e-07
-5.453235271113692664e-07
-5.483250252663596146e-07
-5.597907552495544858e-07
-5.897411336268358991e-07
-6.129160349840020112e-07
-6.162451301096718592e-07
-5.986207261157083892e-07
-5.872901061143947384e-07
-6.000318090055111714e-07
-6.133711125166273675e-07
-5.944708603902273889e-07
-5.646653638662172914e-07
-5.613556301314315832e-07
-5.760262417132684189e-07
-5.710188913159051077e-07
-5.886463288892622920e-07
-6.139091688068377091e-07
-6.347491897133460141e-07
-6.577043603461965600e-07
-6.470004193681321072e-07
-6.487873896629252867e-07
-6.739749698361943848e-07
-6.810600874006405322e-07
-6.990223878521117553e-07
-6.868129116706864765e-07
-6.558411992094959012e-07
-6.555127104786424979e-07
-6.330464167379394875e-07
-6.324491055685860178e-07
-6.451699340620708638e-07
-6.680915124697358069e-07
-6.778400028148490247e-07
-6.662257723996185703e-07
-6.559917299582869248e-07
-6.115309326500799629e-07
-5.630323741848400216e-07
-5.360448947379418197e-07
-5.268653239301461298e-07
-5.124459375150507099e-07
-4.869246453537464593e-07
-4.653985868687015102e-07
-4.543227842035513827e-07
-4.567367762270391383e-07
-4.646893509398708671e-07
-4.811791764684695711e-07
-4.832635114232170260e-07
-4.771485959093482545e-07
-4.854094773040388887e-07
-4.789418100907267847e-07
-4.668225650080643700e-07
-4.549689301567099759e-07
-4.523691936953069044e-07
-4.484054780340144982e-07
-4.575269740705256337e-07
-4.792300048487360113e-07
-4.811551750719205839e-07
-4.758385905429315211e-07
-4.655129170336244924e-07
-4.646738975495686273e-07
-4.744247108894084919e-07
-4.891987667955705971e-07
-5.052865318672329985e-07
-4.931632483347377658e-07
-4.711179279334456573e-07
-4.689849923896071618e-07
-4.820567393164659015e-07
-4.900312391967790903e-07
-4.788176930404939896e-07
-4.612829678517326845e-07
-4.716693850492576461e-07
-4.983143930975177062e-07
-4.936455721521100257e-07
-4.804910477459928448e-07
-4.803165777616022363e-07
-4.979460932962440003e-07
-5.017243194534919298e-07
-4.815814826134077386e-07
-4.654008185158136580e-07
-4.540729469748315660e-07
-4.401396619276172898e-07
-4.415771976332921346e-07
-4.703163108323870069e-07
-4.772512766311628271e-07
-4.619706817364024328e-07
-4.415175509070367138e-07
-4.298226701627608923e-07
-4.334254912703220279e-07
-4.373896229930195320e-07
-4.579993474117007994e-07
-4.774160785774149056e-07
-4.716037255575306125e-07
-4.798117504251915889e-07
-4.971238267362424167e-07
-4.957883177483546188e-07
-4.950465318913681789e-07
-4.890053236657588281e-07
-4.825849726895358073e-07
-4.778322987247123461e-07
-4.619288558899398082e-07
-4.543151974965353744e-07
-4.486037318031179038e-07
-4.461361223346965570e-07
-4.522925888459157107e-07
-4.521497087520492485e-07
-4.441776959696802483e-07
-4.446368323796406293e-07
-4.540648046626883894e-07
-4.574762139409549960e-07
-4.631402946794221316e-07
-4.652267022098867623e-07
-4.706216577440723242e-07
-4.859891182451691367e-07
-4.836251991976765772e-07
-4.639622089504559836e-07
-4.519768307889968868e-07
-4.398004089215624285e-07
-4.223757238530587901e-07
-4.047849922418469700e-07
-4.105625082549247138e-07
-4.269966116842345254e-07
-4.314310362157750179e-07
-4.318640451185433855e-07
-4.349167670341587786e-07
-4.308305098076119221e-07
-4.316697143481467093e-07
-4.313774632694024792e-07
-4.228362320863326517e-07
-4.232008167140904113e-07
-4.161674866542527347e-07
-4.179375838781090139e-07
-4.109202961002939863e-07
-3.994061711183864944e-07
-3.913553475389707048e-07
-3.804464075979245129e-07
-3.919658309901929994e-07
-3.856501555521958086e-07
-3.634178164027949505e-07
-3.515251581905843026e-07
-3.431794422733960508e-07
-3.447721691989941545e-07
-3.528633591965550078e-07
-3.624003798826936838e-07
-3.594872361122102437e-07
-3.549307600796789268e-07
-3.513925386495861463e-07
-3.540595760880166022e-07
-3.580820076826492256e-07
-3.490407626135347285e-07
-3.392504344269552783e-07
-3.354774093501101185e-07
-3.439833134712674673e-07
-3.509065496850949504e-07
-3.587559487494996807e-07
-3.675732525269011259e-07
-3.723395709807380371e-07
-3.859899699773497842e-07
-3.984621467713820376e-07
-4.137547674766171709e-07
-4.287851099591924008e-07
-4.299317232832967758e-07
-4.261267555879401794e-07
-4.243971026271920420e-07
-4.250241368306298879e-07
-4.241380481560031381e-07
-4.170129841617954407e-07
-4.203987723696018453e-07
-4.315366111640110954e-07
-4.540311836744775655e-07
-4.902048812326011828e-07
-4.843246940427526836e-07
-4.750232302133522918e-07
-5.116408185163990860e-07
-5.410356378641433122e-07
-5.621061455226400154e-07
-5.724086768330263475e-07
-5.891842702217767476e-07
-5.933987478358370915e-07
-5.698785093708943494e-07
-5.601872192758579439e-07
-5.461747669806590686e-07
-5.486418180679693103e-07
-5.417381073557034339e-07
-5.265903554804172053e-07
-5.140814147572346458e-07
-5.125929713863574462e-07
-5.047749037862394181e-07
-4.823783233272534692e-07
-4.770915740705893813e-07
-4.720634230827191555e-07
-4.564121720686438010e-07
-4.440979345634357644e-07
-4.335188485720596723e-07
-4.381354693898641783e-07
-4.494289607282502424e-07
-4.689673891338055314e-07
-4.902509448721845541e-07
-4.819135102922149112e-07
-4.733164041429034424e-07
-4.809195975199236080e-07
-4.802875930781433141e-07
-4.708684058138251445e-07
-4.710067039413341161e-07
-4.614883461575244847e-07
-4.619946288887705777e-07
-4.858036405072593833e-07
-4.947786883093749652e-07
-4.919640817029154263e-07
-5.004520464085795985e-07
-5.024711274569315370e-07
-4.777743197962558827e-07
-4.569864460723495209e-07
-4.545782252413679723e-07
-4.448524348894351036e-07
-4.375599461687734038e-07
-4.470149636764446751e-07
-4.702000542656493837e-07
-4.831653775223888992e-07
-4.836843455931783237e-07
-4.770324916226478453e-07
-4.846165800955308006e-07
-5.037457733330812675e-07
-5.013959919430645060e-07
-4.981492444164603263e-07
-5.063685337307500668e-07
-5.023573317611882353e-07
-4.953563774833552186e-07
-4.970501107335479454e-07
-4.782187166257485058e-07
-4.770473152629407862e-07
-4.839648586480059802e-07
-4.905374257702480609e-07
-5.282052426557346209e-07
-5.669036580535603901e-07
-5.741439473063978655e-07
-5.484800674847798554e-07
-5.195023025935395433e-07
-4.978448598288828445e-07
-4.984346871799357439e-07
-5.189299975862581754e-07
-5.079028069105582507e-07
-4.847866004944551555e-07
-4.860528387396425230e-07
-4.883168520313819191e-07
-4.748070497737444706e-07
-4.853270332585129229e-07
-5.107742150084779567e-07
-5.220513604257421614e-07
-5.487534334780674066e-07
-5.588584618254984501e-07
-5.505321934864786110e-07
-5.467539367869736324e-07
-5.457350263720163653e-07
-5.274209412207313526e-07
-5.135132883781381257e-07
-5.398615417338605010e-07
-5.787677622430311383e-07
-6.039199273312259050e-07
-6.075369711912808678e-07
-5.820949497344939255e-07
-5.607576320063646448e-07
-5.780062517722792506e-07
-6.130362388408650130e-07
-6.025666207127744099e-07
-5.642592403913329216e-07
-5.568657075970245299e-07
-5.404659656491017251e-07
-5.120387527431247657e-07
-4.978037069506430968e-07
-5.125317029729393962e-07
-5.527852509159566435e-07
-5.818216358440772321e-07
-5.850770237598900878e-07
-5.985357279911019979e-07
-5.924590446763150703e-07
-5.796174981794853034e-07
-5.679462072903155717e-07
-5.866976118960457101e-07
-6.276941429765745345e-07
-6.088054305981045779e-07
-6.262932326691702721e-07
-6.382648436515626687e-07
-6.358321474405465502e-07
-6.323370806435139111e-07
-6.069635337091900162e-07
-6.050636519908221920e-07
-6.020186377514747855e-07
-5.882629820236799896e-07
-5.743324579016469326e-07
-5.799506034201865940e-07
-5.988034226462511068e-07
-6.024950280779195321e-07
-6.260143429660251478e-07
-6.397565423788244830e-07
-6.001277565176931706e-07
-5.718418928488928181e-07
-6.042081030646091679e-07
-6.448613360541139648e-07
-6.180422980907284175e-07
-5.711330872251848547e-07
-5.642469759048014135e-07
-5.901732089105104303e-07
-5.984212310477989160e-07
-6.052114712469472082e-07
-5.934268523830054319e-07
-5.951163512940878767e-07
-6.240587099902262159e-07
-6.339406269862336720e-07
-6.484922429667747512e-07
-6.692901478315661623e-07
-6.953667318850490160e-07
-7.017572022749183802e-07
-7.334060018559923323e-07
-8.009881235372394827e-07
-8.025790341014578386e-07
-7.574770457102579894e-07
-7.369416163501274933e-07
-7.269806240824340960e-07
-7.407150049453489750e-07
-8.163142265785118157e-07
-8.138904069339165920e-07
-7.977201817917785996e-07
-8.421625670188476605e-07
-8.337627833934648628e-07
-8.427604982368895626e-07
-8.815195632836767053e-07
-8.982833521556470725e-07
-8.962099857059628934e-07
-9.116532584905511379e-07
-9.152793694155617373e-07
-9.185427866491431408e-07
-9.173860682739582634e-07
-8.494222589394921294e-07
-7.822217951017312764e-07
-7.630069458828830180e-07
-8.181059281266261951e-07
-8.365262985576912089e-07
-8.094322558364768423e-07
-8.010837161684971447e-07
-7.702250982531310728e-07
-7.410394768936991972e-07
-7.589975395122927527e-07
-8.163212163673207185e-07
-8.815835481871283083e-07
-9.607589201910658919e-07
-9.982569960893788127e-07
-1.112142053985834424e-06
-1.318044045863919526e-06
-1.309415352827852213e-06
-1.355865511328976955e-06
-1.470592954695980725e-06
-1.494948606741619063e-06
-1.599764654439780162e-06
-1.727583467322331233e-06
-1.695540656099739187e-06
-1.680927128509435276e-06
-1.808909237356450841e-06
-1.798374002691595984e-06
-1.881530664188410793e-06
-2.015376390917710560e-06
-1.797789752029593697e-06
-1.614928074484449242e-06
-1.474045193842988074e-06
-1.393847472878220004e-06
-1.593015088066388036e-06
-2.074484088151581295e-06
-3.097243028536558935e-06
-5.572714760885075942e-06
-8.780879188786821997e-06
-7.097952034119264695e-06
-7.707563619663624867e-06
-1.573265668878091669e-05
-5.667321693973479497e-04
2.495222660508515772e-05
1.217477522382576173e-05
2.547943873710205960e-05
-1.677504719225901835e-04
-4.165318299368578586e-05
-7.869895253081667807e-06
-8.542139961266526893e-06
-9.281325203988102497e-06
-7.245109074677633961e-06
-1.199698211553806847e-05
-1.107059254204918833e-04
5.843985573501202636e-05
-2.730686512376611508e-05
-1.594214930697141649e-05
-1.105297223712796198e-05
-1.224653304453229201e-05
-2.470548335508022917e-05
-9.103634299478937392e-06
-5.858508656146002179e-06
-5.945117902371102055e-06
-6.581562695001234659e-06
-6.702790966045179955e-06
-1.297398811992074810e-05
-3.811273042651921957e-05
-3.961680643976188756e-04
2.548942787046128985e-05
4.506876895100294522e-05
2.896253489667035422e-05
1.783556250421643502e-05
9.386236631281361919e-06
1.912082280918484716e-05
-1.423345763100427615e-05
-3.308623512782405904e-05
3.727261925349232755e-05
1.728595934084778730e-05
2.063609155830855606e-05
-2.033120001162111866e-05
-1.277059175905029135e-05
6.837061906504068279e-05
1.916567905681942178e-05
-2.182754544996259771e-05
-9.265351720344687815e-06
-2.383338504126238010e-05
4.216524866448041195e-05
3.024930909817504188e-05
-1.317741538320565248e-04
-1.364352046657939195e-05
-2.276472157263144679e-05
2.297932299713987631e-05
2.976857218278272535e-05
1.614912171423097984e-05
7.803353665867164020e-06
5.727599526681283201e-06
4.455563318226228399e-06
3.124226317175559171e-06
2.363424020343498112e-06
2.308430060163577293e-06
2.207653424020048931e-06
2.132170978849272570e-06
1.888733266987177501e-06
1.716652337960789700e-06
1.789149015078911261e-06
1.886870237160364533e-06
1.925033908375379977e-06
1.806460211486666977e-06
1.665199045307612917e-06
1.666071581980665689e-06
1.611980553380064378e-06
1.589934510677837744e-06
1.698429146359990665e-06
1.906534651912338866e-06
2.454973958120400628e-06
3.145712392794380390e-06
2.899100685201951034e-06
2.642907041617278390e-06
3.034125395575830993e-06
4.060580799142603127e-06
4.100294035847974011e-06
4.135086480422190544e-06
4.844070356243904367e-06
5.248402243812869776e-06
8.084755500534094100e-06
1.069878389730974331e-05
1.673581090461767981e-05
-1.803633046591155429e-04
-6.407490856891069609e-05
-4.199741740131386842e-05
-2.744635220771834437e-05
-6.419608430764206465e-05
5.444299345178359737e-05
1.601362311831411929e-05
1.577870082014700534e-05
-3.481546699390528153e-05
-6.234454409184471372e-06
-4.097765470603893269e-06
-3.733380084904860181e-06
-5.600692490937779060e-06
-6.694891337903751408e-06
-3.700724527154088129e-06
-3.005834851506629448e-06
-2.902309904421933868e-06
-2.492832170621875178e-06
-2.132098699126242988e-06
-1.993224569893189792e-06
-2.107872589087997150e-06
-2.249641127157524231e-06
-1.947789677427887951e-06
-1.817362357925846917e-06
-1.832048915717677337e-06
-1.818625491014934966e-06
-1.951620338678666048e-06
-2.257695511096792488e-06
-2.872213876447098446e-06
-2.933170659908629721e-06
-2.807181097107595978e-06
-2.640743915427399413e-06
-2.192643027996753956e-06
-2.002255960652402769e-06
-2.110697759439646090e-06
-2.052556658053446672e-06
-2.007306614966212063e-06
-2.562307424383095054e-06
-2.622602183543397122e-06
-2.419296536388267196e-06
-2.546296290204029027e-06
-2.651056686990803362e-06
-3.380004468321412944e-06
-4.150641857841706190e-06
-4.190945534638945939e-06
-4.359571137590900728e-06
-4.157772317836048287e-06
-3.630709503474638811e-06
-3.767467934761797579e-06
-4.892765343331524611e-06
-5.856901533765649325e-06
-7.206671894827208855e-06
-1.295615500578181128e-05
-1.528038262062616774e-05
-6.377586083143376586e-06
-3.424221820738532398e-06
-3.645103182957910352e-06
-6.770155110940318378e-06
-7.636414226876833258e-06
-5.856572057003121034e-06
-7.392560696319828524e-06
-3.372340783784128675e-05
-2.911992910978055706e-05
-8.004645969009849911e-06
-5.658667887546557120e-06
-6.336837354837468907e-06
-5.831009997266276138e-06
-4.901573590743191707e-06
-5.274069945023999583e-06
-5.373075584691372654e-06
-4.233230880076262371e-06
-4.611237449858980136e-06
-5.674130531575560073e-06
-3.269129859133407441e-06
-2.544928253594000781e-06
-2.300506084748400494e-06
-2.049178026547287385e-06
-2.120950202750887179e-06
-2.184080337831926656e-06
-2.709477457119353639e-06
-3.170971106553500257e-06
-2.607821648484342344e-06
-2.518614262182139798e-06
-2.443300154144744270e-06
-2.442399771476885713e-06
-2.735767642597323255e-06
-3.258594883182599329e-06
-3.628354480814600804e-06
-3.719482589870883674e-06
-3.926804409034002910e-06
-5.542910849299281917e-06
-1.853273178194945068e-05
1.921185434473386702e-05
9.169553756996859327e-06
5.187689908548939743e-06
3.708779075364551520e-06
5.216937946132022137e-06
1.195110110489914284e-05
1.393699350456875623e-05
2.084929334909883342e-05
-7.807506944882960855e-05
-1.481834415301414930e-05
-6.309606402318953481e-06
-4.824350701207524474e-06
-5.129312859715633909e-06
-4.959693319418359035e-06
-3.706345392780893550e-06
-3.178686805622376140e-06
-4.215010290145427234e-06
-5.056998024532063387e-06
-4.764480997654135032e-06
-5.158605518949980427e-06
-4.178033138966860361e-06
-4.356309746873353333e-06
-6.242128344129807197e-06
-4.980348143696449367e-06
-4.685445920039281776e-06
-6.370985675012073915e-06
-7.432569977586480992e-06
-1.009347392944032392e-05
-3.926700534523964054e-05
1.475772464789311441e-05
5.683648501538375582e-06
3.607794032438691442e-06
3.101760500968175139e-06
3.019730288008376561e-06
2.623898360888233017e-06
2.228103622305178463e-06
2.044081413524195089e-06
1.724858768944641562e-06
1.491536437123990767e-06
1.348998105491482322e-06
1.272606601840836918e-06
1.228126088075499987e-06
1.318453634813254442e-06
1.644997274601219523e-06
1.773892696465092924e-06
1.685070796009870173e-06
1.624432106553800581e-06
1.609594315952496210e-06
1.595768359701182057e-06
1.493126299647595385e-06
1.461344356250442927e-06
1.403162675042759694e-06
1.339189548831372385e-06
1.409054946683188217e-06
1.452723128028465090e-06
1.470741738287591989e-06
1.561572419168152359e-06
1.616014845964999254e-06
1.549247527517934662e-06
1.484135744157477580e-06
1.572736909588220069e-06
1.634959583570596380e-06
1.568326199788476016e-06
1.578471546490952706e-06
1.618402287953338730e-06
1.643260244282802699e-06
1.661153040153534024e-06
1.740467674913077747e-06
1.951292947709300938e-06
2.500042937981774288e-06
2.704279349558525095e-06
2.523545570730380826e-06
3.026359171869385471e-06
3.788802656028836329e-06
4.453664576521785485e-06
8.206885162713048750e-06
3.096797707753434943e-05
1.940304896306522094e-05
7.276478902430262707e-06
4.952332138228594191e-06
5.726034269353821342e-06
4.963556791866210479e-06
4.470072112272349299e-06
3.773967298676605210e-06
2.475536350223904893e-06
2.040515096679194542e-06
1.843317316472145611e-06
1.542832685811518925e-06
1.214997928130808690e-06
1.104366629569089603e-06
1.139370871964175434e-06
1.147572644402713246e-06
1.139375976805915364e-06
1.199058881651459507e-06
1.286002772972224362e-06
1.208694182534023180e-06
1.204703498558553078e-06
1.266544719725987680e-06
1.340234547150380279e-06
1.514338120646608279e-06
1.497645482380702230e-06
1.387551929067061150e-06
1.413640143449275950e-06
1.440730097495186306e-06
1.368770003158352444e-06
1.355252047058613386e-06
1.337612747300609753e-06
1.398631888126942807e-06
1.431634446478716337e-06
1.371270814719336283e-06
1.266381537878533578e-06
1.197864773110429178e-06
1.309914547871133667e-06
