1.000000000000000021e-02
2.000000000000000042e-02
2.999999999999999889e-02
4.000000000000000083e-02
5.000000000000000278e-02
5.999999999999999778e-02
7.000000000000000666e-02
8.000000000000000167e-02
9.000000000000001055e-02
1.000000000000000056e-01
1.099999999999999867e-01
1.199999999999999956e-01
1.300000000000000044e-01
1.400000000000000133e-01
1.499999999999999944e-01
1.600000000000000033e-01
1.700000000000000122e-01
1.800000000000000211e-01
1.900000000000000022e-01
2.000000000000000111e-01
2.100000000000000200e-01
2.199999999999999734e-01
2.299999999999999822e-01
2.399999999999999911e-01
2.500000000000000000e-01
2.600000000000000089e-01
2.700000000000000178e-01
2.800000000000000266e-01
2.900000000000000355e-01
2.999999999999999889e-01
3.099999999999999978e-01
3.200000000000000067e-01
3.300000000000000155e-01
3.400000000000000244e-01
3.500000000000000333e-01
3.600000000000000422e-01
3.699999999999999956e-01
3.800000000000000044e-01
3.900000000000000133e-01
4.000000000000000222e-01
4.100000000000000311e-01
4.200000000000000400e-01
4.300000000000000488e-01
4.399999999999999467e-01
4.499999999999999556e-01
4.599999999999999645e-01
4.699999999999999734e-01
4.799999999999999822e-01
4.899999999999999911e-01
5.000000000000000000e-01
5.100000000000000089e-01
5.200000000000000178e-01
5.300000000000000266e-01
5.400000000000000355e-01
5.500000000000000444e-01
5.600000000000000533e-01
5.700000000000000622e-01
5.800000000000000711e-01
5.900000000000000799e-01
5.999999999999999778e-01
6.099999999999999867e-01
6.199999999999999956e-01
6.300000000000000044e-01
6.400000000000000133e-01
6.500000000000000222e-01
6.600000000000000311e-01
6.700000000000000400e-01
6.800000000000000488e-01
6.900000000000000577e-01
7.000000000000000666e-01
7.100000000000000755e-01
7.200000000000000844e-01
7.299999999999999822e-01
7.399999999999999911e-01
7.500000000000000000e-01
7.600000000000000089e-01
7.700000000000000178e-01
7.800000000000000266e-01
7.900000000000000355e-01
8.000000000000000444e-01
8.100000000000000533e-01
8.200000000000000622e-01
8.300000000000000711e-01
8.400000000000000799e-01
8.500000000000000888e-01
8.600000000000000977e-01
8.700000000000001066e-01
8.799999999999998934e-01
8.899999999999999023e-01
8.999999999999999112e-01
9.099999999999999201e-01
9.199999999999999289e-01
9.299999999999999378e-01
9.399999999999999467e-01
9.499999999999999556e-01
9.599999999999999645e-01
9.699999999999999734e-01
9.799999999999999822e-01
9.899999999999999911e-01
1.000000000000000000e+00
1.010000000000000009e+00
1.020000000000000018e+00
1.030000000000000027e+00
1.040000000000000036e+00
1.050000000000000044e+00
1.060000000000000053e+00
1.070000000000000062e+00
1.080000000000000071e+00
1.090000000000000080e+00
1.100000000000000089e+00
1.110000000000000098e+00
1.120000000000000107e+00
1.130000000000000115e+00
1.140000000000000124e+00
1.150000000000000133e+00
1.160000000000000142e+00
1.170000000000000151e+00
1.180000000000000160e+00
1.190000000000000169e+00
1.199999999999999956e+00
1.209999999999999964e+00
1.219999999999999973e+00
1.229999999999999982e+00
1.239999999999999991e+00
1.250000000000000000e+00
1.260000000000000009e+00
1.270000000000000018e+00
1.280000000000000027e+00
1.290000000000000036e+00
1.300000000000000044e+00
1.310000000000000053e+00
1.320000000000000062e+00
1.330000000000000071e+00
1.340000000000000080e+00
1.350000000000000089e+00
1.360000000000000098e+00
1.370000000000000107e+00
1.380000000000000115e+00
1.390000000000000124e+00
1.400000000000000133e+00
1.410000000000000142e+00
1.420000000000000151e+00
1.430000000000000160e+00
1.440000000000000169e+00
1.449999999999999956e+00
1.459999999999999964e+00
1.469999999999999973e+00
1.479999999999999982e+00
1.489999999999999991e+00
1.500000000000000000e+00
1.510000000000000009e+00
1.520000000000000018e+00
1.530000000000000027e+00
1.540000000000000036e+00
1.550000000000000044e+00
1.560000000000000053e+00
1.570000000000000062e+00
1.580000000000000071e+00
1.590000000000000080e+00
1.600000000000000089e+00
1.610000000000000098e+00
1.620000000000000107e+00
1.630000000000000115e+00
1.640000000000000124e+00
1.650000000000000133e+00
1.660000000000000142e+00
1.670000000000000151e+00
1.680000000000000160e+00
1.690000000000000169e+00
1.700000000000000178e+00
1.710000000000000187e+00
1.720000000000000195e+00
1.730000000000000204e+00
1.740000000000000213e+00
1.750000000000000222e+00
1.759999999999999787e+00
1.770000000000000018e+00
1.779999999999999805e+00
1.790000000000000036e+00
1.799999999999999822e+00
1.810000000000000053e+00
1.819999999999999840e+00
1.830000000000000071e+00
1.839999999999999858e+00
1.850000000000000089e+00
1.859999999999999876e+00
1.870000000000000107e+00
1.879999999999999893e+00
1.890000000000000124e+00
1.899999999999999911e+00
1.910000000000000142e+00
1.919999999999999929e+00
1.930000000000000160e+00
1.939999999999999947e+00
1.950000000000000178e+00
1.959999999999999964e+00
1.970000000000000195e+00
1.979999999999999982e+00
1.990000000000000213e+00
2.000000000000000000e+00
2.010000000000000231e+00
2.020000000000000018e+00
2.030000000000000249e+00
2.040000000000000036e+00
2.050000000000000266e+00
2.060000000000000053e+00
2.070000000000000284e+00
2.080000000000000071e+00
2.089999999999999858e+00
2.100000000000000089e+00
2.109999999999999876e+00
2.120000000000000107e+00
2.129999999999999893e+00
2.140000000000000124e+00
2.149999999999999911e+00
2.160000000000000142e+00
2.169999999999999929e+00
2.180000000000000160e+00
2.189999999999999947e+00
2.200000000000000178e+00
2.209999999999999964e+00
2.220000000000000195e+00
2.229999999999999982e+00
2.240000000000000213e+00
2.250000000000000000e+00
2.260000000000000231e+00
2.270000000000000018e+00
2.280000000000000249e+00
2.290000000000000036e+00
2.300000000000000266e+00
2.310000000000000053e+00
2.320000000000000284e+00
2.330000000000000071e+00
2.340000000000000302e+00
2.350000000000000089e+00
2.360000000000000320e+00
2.370000000000000107e+00
2.380000000000000338e+00
2.390000000000000124e+00
2.399999999999999911e+00
2.410000000000000142e+00
2.419999999999999929e+00
2.429999999999999716e+00
2.439999999999999947e+00
2.450000000000000178e+00
2.459999999999999964e+00
2.469999999999999751e+00
2.479999999999999982e+00
2.490000000000000213e+00
2.500000000000000000e+00
2.509999999999999787e+00
2.520000000000000018e+00
2.530000000000000249e+00
2.540000000000000036e+00
2.549999999999999822e+00
2.560000000000000053e+00
2.570000000000000284e+00
2.580000000000000071e+00
2.589999999999999858e+00
2.600000000000000089e+00
2.610000000000000320e+00
2.620000000000000107e+00
2.629999999999999893e+00
2.640000000000000124e+00
2.650000000000000355e+00
2.660000000000000142e+00
2.669999999999999929e+00
2.680000000000000160e+00
2.690000000000000391e+00
2.700000000000000178e+00
2.709999999999999964e+00
2.720000000000000195e+00
2.730000000000000426e+00
2.740000000000000213e+00
2.750000000000000000e+00
2.760000000000000231e+00
2.770000000000000462e+00
2.780000000000000249e+00
2.790000000000000036e+00
2.800000000000000266e+00
2.810000000000000497e+00
2.820000000000000284e+00
2.830000000000000071e+00
2.840000000000000302e+00
2.850000000000000533e+00
2.860000000000000320e+00
2.870000000000000107e+00
2.880000000000000338e+00
2.889999999999999680e+00
2.899999999999999911e+00
2.909999999999999698e+00
2.919999999999999929e+00
2.929999999999999716e+00
2.939999999999999947e+00
2.949999999999999734e+00
2.959999999999999964e+00
2.969999999999999751e+00
2.979999999999999982e+00
2.989999999999999769e+00
3.000000000000000000e+00
3.009999999999999787e+00
3.020000000000000018e+00
3.029999999999999805e+00
3.040000000000000036e+00
3.049999999999999822e+00
3.060000000000000053e+00
3.069999999999999840e+00
3.080000000000000071e+00
3.089999999999999858e+00
3.100000000000000089e+00
3.109999999999999876e+00
3.120000000000000107e+00
3.129999999999999893e+00
3.140000000000000124e+00
3.149999999999999911e+00
3.160000000000000142e+00
3.169999999999999929e+00
3.180000000000000160e+00
3.189999999999999947e+00
3.200000000000000178e+00
3.209999999999999964e+00
3.220000000000000195e+00
3.229999999999999982e+00
3.240000000000000213e+00
3.250000000000000000e+00
3.260000000000000231e+00
3.270000000000000018e+00
3.280000000000000249e+00
3.290000000000000036e+00
3.300000000000000266e+00
3.310000000000000053e+00
3.320000000000000284e+00
3.330000000000000071e+00
3.340000000000000302e+00
3.350000000000000089e+00
3.360000000000000320e+00
3.370000000000000107e+00
3.380000000000000338e+00
3.390000000000000124e+00
3.400000000000000355e+00
3.410000000000000142e+00
3.420000000000000373e+00
3.430000000000000160e+00
3.440000000000000391e+00
3.450000000000000178e+00
3.460000000000000409e+00
3.470000000000000195e+00
3.480000000000000426e+00
3.490000000000000213e+00
3.500000000000000444e+00
3.510000000000000231e+00
3.519999999999999574e+00
3.529999999999999805e+00
3.540000000000000036e+00
3.549999999999999822e+00
3.559999999999999609e+00
3.569999999999999840e+00
3.580000000000000071e+00
3.589999999999999858e+00
3.599999999999999645e+00
3.609999999999999876e+00
3.620000000000000107e+00
3.629999999999999893e+00
3.639999999999999680e+00
3.649999999999999911e+00
3.660000000000000142e+00
3.669999999999999929e+00
3.679999999999999716e+00
3.689999999999999947e+00
3.700000000000000178e+00
3.709999999999999964e+00
3.719999999999999751e+00
3.729999999999999982e+00
3.740000000000000213e+00
3.750000000000000000e+00
3.759999999999999787e+00
3.770000000000000018e+00
3.780000000000000249e+00
3.790000000000000036e+00
3.799999999999999822e+00
3.810000000000000053e+00
3.820000000000000284e+00
3.830000000000000071e+00
3.839999999999999858e+00
3.850000000000000089e+00
3.860000000000000320e+00
3.870000000000000107e+00
3.879999999999999893e+00
3.890000000000000124e+00
3.900000000000000355e+00
3.910000000000000142e+00
3.919999999999999929e+00
3.930000000000000160e+00
3.940000000000000391e+00
3.950000000000000178e+00
3.959999999999999964e+00
3.970000000000000195e+00
3.980000000000000426e+00
3.990000000000000213e+00
4.000000000000000000e+00
4.009999999999999787e+00
4.020000000000000462e+00
4.030000000000000249e+00
4.040000000000000036e+00
4.050000000000000711e+00
4.060000000000000497e+00
4.070000000000000284e+00
4.080000000000000071e+00
4.089999999999999858e+00
4.100000000000000533e+00
4.110000000000000320e+00
4.120000000000000107e+00
4.130000000000000782e+00
4.140000000000000568e+00
4.150000000000000355e+00
4.160000000000000142e+00
4.169999999999999929e+00
4.179999999999999716e+00
4.189999999999999503e+00
4.200000000000000178e+00
4.209999999999999964e+00
4.219999999999999751e+00
4.229999999999999538e+00
4.240000000000000213e+00
4.250000000000000000e+00
4.259999999999999787e+00
4.269999999999999574e+00
4.280000000000000249e+00
4.290000000000000036e+00
4.299999999999999822e+00
4.309999999999999609e+00
4.320000000000000284e+00
4.330000000000000071e+00
4.339999999999999858e+00
4.349999999999999645e+00
4.360000000000000320e+00
4.370000000000000107e+00
4.379999999999999893e+00
4.389999999999999680e+00
4.400000000000000355e+00
4.410000000000000142e+00
4.419999999999999929e+00
4.429999999999999716e+00
4.440000000000000391e+00
4.450000000000000178e+00
4.459999999999999964e+00
4.469999999999999751e+00
4.480000000000000426e+00
4.490000000000000213e+00
4.500000000000000000e+00
4.509999999999999787e+00
4.520000000000000462e+00
4.530000000000000249e+00
4.540000000000000036e+00
4.549999999999999822e+00
4.560000000000000497e+00
4.570000000000000284e+00
4.580000000000000071e+00
4.589999999999999858e+00
4.600000000000000533e+00
4.610000000000000320e+00
4.620000000000000107e+00
4.629999999999999893e+00
4.640000000000000568e+00
4.650000000000000355e+00
4.660000000000000142e+00
4.669999999999999929e+00
4.680000000000000604e+00
4.690000000000000391e+00
4.700000000000000178e+00
4.709999999999999964e+00
4.720000000000000639e+00
4.730000000000000426e+00
4.740000000000000213e+00
4.750000000000000000e+00
4.760000000000000675e+00
4.770000000000000462e+00
4.780000000000000249e+00
4.790000000000000036e+00
4.799999999999999822e+00
4.809999999999999609e+00
4.820000000000000284e+00
4.830000000000000071e+00
4.839999999999999858e+00
4.849999999999999645e+00
4.859999999999999432e+00
4.870000000000000107e+00
4.879999999999999893e+00
4.889999999999999680e+00
4.900000000000000355e+00
4.910000000000000142e+00
4.919999999999999929e+00
4.929999999999999716e+00
4.939999999999999503e+00
4.950000000000000178e+00
4.959999999999999964e+00
4.969999999999999751e+00
4.980000000000000426e+00
4.990000000000000213e+00
5.000000000000000000e+00
5.009999999999999787e+00
5.019999999999999574e+00
5.030000000000000249e+00
5.040000000000000036e+00
5.049999999999999822e+00
5.060000000000000497e+00
5.070000000000000284e+00
5.080000000000000071e+00
5.089999999999999858e+00
5.099999999999999645e+00
5.110000000000000320e+00
5.120000000000000107e+00
5.129999999999999893e+00
5.140000000000000568e+00
5.150000000000000355e+00
5.160000000000000142e+00
5.169999999999999929e+00
5.179999999999999716e+00
5.190000000000000391e+00
5.200000000000000178e+00
5.209999999999999964e+00
5.220000000000000639e+00
5.230000000000000426e+00
5.240000000000000213e+00
5.250000000000000000e+00
5.259999999999999787e+00
5.270000000000000462e+00
5.280000000000000249e+00
5.290000000000000036e+00
5.300000000000000711e+00
5.310000000000000497e+00
5.320000000000000284e+00
5.330000000000000071e+00
5.339999999999999858e+00
5.350000000000000533e+00
5.360000000000000320e+00
5.370000000000000107e+00
5.380000000000000782e+00
5.390000000000000568e+00
5.400000000000000355e+00
5.410000000000000142e+00
5.419999999999999929e+00
5.430000000000000604e+00
5.440000000000000391e+00
5.450000000000000178e+00
5.460000000000000853e+00
5.470000000000000639e+00
5.480000000000000426e+00
5.490000000000000213e+00
5.500000000000000000e+00
5.510000000000000675e+00
5.520000000000000462e+00
5.530000000000000249e+00
5.540000000000000924e+00
5.550000000000000711e+00
5.560000000000000497e+00
5.570000000000000284e+00
5.580000000000000071e+00
5.590000000000000746e+00
5.600000000000000533e+00
5.610000000000000320e+00
5.620000000000000995e+00
5.630000000000000782e+00
5.640000000000000568e+00
5.650000000000000355e+00
5.660000000000000142e+00
5.670000000000000817e+00
5.680000000000000604e+00
5.690000000000000391e+00
5.700000000000001066e+00
5.710000000000000853e+00
5.720000000000000639e+00
5.730000000000000426e+00
5.740000000000000213e+00
5.750000000000000888e+00
5.760000000000000675e+00
5.769999999999999574e+00
5.779999999999999361e+00
5.789999999999999147e+00
5.799999999999999822e+00
5.809999999999999609e+00
5.819999999999999396e+00
5.830000000000000071e+00
5.839999999999999858e+00
5.849999999999999645e+00
5.859999999999999432e+00
5.869999999999999218e+00
5.879999999999999893e+00
5.889999999999999680e+00
5.899999999999999467e+00
5.910000000000000142e+00
5.919999999999999929e+00
5.929999999999999716e+00
5.939999999999999503e+00
5.949999999999999289e+00
5.959999999999999964e+00
5.969999999999999751e+00
5.979999999999999538e+00
5.990000000000000213e+00
6.000000000000000000e+00
6.009999999999999787e+00
6.019999999999999574e+00
6.029999999999999361e+00
6.040000000000000036e+00
6.049999999999999822e+00
6.059999999999999609e+00
6.070000000000000284e+00
6.080000000000000071e+00
6.089999999999999858e+00
6.099999999999999645e+00
6.109999999999999432e+00
6.120000000000000107e+00
6.129999999999999893e+00
6.139999999999999680e+00
6.150000000000000355e+00
6.160000000000000142e+00
6.169999999999999929e+00
6.179999999999999716e+00
6.189999999999999503e+00
6.200000000000000178e+00
6.209999999999999964e+00
6.219999999999999751e+00
6.230000000000000426e+00
6.240000000000000213e+00
6.250000000000000000e+00
6.259999999999999787e+00
6.269999999999999574e+00
6.280000000000000249e+00
6.290000000000000036e+00
6.299999999999999822e+00
6.310000000000000497e+00
6.320000000000000284e+00
6.330000000000000071e+00
6.339999999999999858e+00
6.349999999999999645e+00
6.360000000000000320e+00
6.370000000000000107e+00
6.379999999999999893e+00
6.390000000000000568e+00
6.400000000000000355e+00
6.410000000000000142e+00
6.419999999999999929e+00
6.429999999999999716e+00
6.440000000000000391e+00
6.450000000000000178e+00
6.459999999999999964e+00
6.470000000000000639e+00
6.480000000000000426e+00
6.490000000000000213e+00
6.500000000000000000e+00
6.509999999999999787e+00
6.520000000000000462e+00
6.530000000000000249e+00
6.540000000000000036e+00
6.550000000000000711e+00
6.560000000000000497e+00
6.570000000000000284e+00
6.580000000000000071e+00
6.589999999999999858e+00
6.600000000000000533e+00
6.610000000000000320e+00
6.620000000000000107e+00
6.630000000000000782e+00
6.640000000000000568e+00
6.650000000000000355e+00
6.660000000000000142e+00
6.669999999999999929e+00
6.680000000000000604e+00
6.690000000000000391e+00
6.700000000000000178e+00
6.710000000000000853e+00
6.720000000000000639e+00
6.730000000000000426e+00
6.740000000000000213e+00
6.750000000000000000e+00
6.760000000000000675e+00
6.770000000000000462e+00
6.780000000000000249e+00
6.790000000000000924e+00
6.800000000000000711e+00
6.810000000000000497e+00
6.820000000000000284e+00
6.830000000000000071e+00
6.840000000000000746e+00
6.850000000000000533e+00
6.860000000000000320e+00
6.870000000000000995e+00
6.880000000000000782e+00
6.890000000000000568e+00
6.900000000000000355e+00
6.910000000000000142e+00
6.920000000000000817e+00
6.930000000000000604e+00
6.940000000000000391e+00
6.950000000000001066e+00
6.960000000000000853e+00
6.970000000000000639e+00
6.980000000000000426e+00
6.990000000000000213e+00
7.000000000000000888e+00
7.010000000000000675e+00
7.020000000000000462e+00
7.030000000000001137e+00
7.039999999999999147e+00
7.049999999999999822e+00
7.059999999999999609e+00
7.069999999999999396e+00
7.080000000000000071e+00
7.089999999999999858e+00
7.099999999999999645e+00
7.109999999999999432e+00
7.119999999999999218e+00
7.129999999999999893e+00
7.139999999999999680e+00
7.149999999999999467e+00
7.160000000000000142e+00
7.169999999999999929e+00
7.179999999999999716e+00
7.189999999999999503e+00
7.199999999999999289e+00
7.209999999999999964e+00
7.219999999999999751e+00
7.229999999999999538e+00
7.240000000000000213e+00
7.250000000000000000e+00
7.259999999999999787e+00
7.269999999999999574e+00
7.279999999999999361e+00
7.290000000000000036e+00
7.299999999999999822e+00
7.309999999999999609e+00
7.320000000000000284e+00
7.330000000000000071e+00
7.339999999999999858e+00
7.349999999999999645e+00
7.359999999999999432e+00
7.370000000000000107e+00
7.379999999999999893e+00
7.389999999999999680e+00
7.400000000000000355e+00
7.410000000000000142e+00
7.419999999999999929e+00
7.429999999999999716e+00
7.439999999999999503e+00
7.450000000000000178e+00
7.459999999999999964e+00
7.469999999999999751e+00
7.480000000000000426e+00
7.490000000000000213e+00
7.500000000000000000e+00
7.509999999999999787e+00
7.519999999999999574e+00
7.530000000000000249e+00
7.540000000000000036e+00
7.549999999999999822e+00
7.560000000000000497e+00
7.570000000000000284e+00
7.580000000000000071e+00
7.589999999999999858e+00
7.599999999999999645e+00
7.610000000000000320e+00
7.620000000000000107e+00
7.629999999999999893e+00
7.640000000000000568e+00
7.650000000000000355e+00
7.660000000000000142e+00
7.669999999999999929e+00
7.679999999999999716e+00
7.690000000000000391e+00
7.700000000000000178e+00
7.709999999999999964e+00
7.720000000000000639e+00
7.730000000000000426e+00
7.740000000000000213e+00
7.750000000000000000e+00
7.759999999999999787e+00
7.770000000000000462e+00
7.780000000000000249e+00
7.790000000000000036e+00
7.800000000000000711e+00
7.810000000000000497e+00
7.820000000000000284e+00
7.830000000000000071e+00
7.839999999999999858e+00
7.850000000000000533e+00
7.860000000000000320e+00
7.870000000000000107e+00
7.880000000000000782e+00
7.890000000000000568e+00
7.900000000000000355e+00
7.910000000000000142e+00
7.919999999999999929e+00
7.930000000000000604e+00
7.940000000000000391e+00
7.950000000000000178e+00
7.960000000000000853e+00
7.970000000000000639e+00
7.980000000000000426e+00
7.990000000000000213e+00
8.000000000000000000e+00
8.009999999999999787e+00
8.019999999999999574e+00
8.030000000000001137e+00
8.040000000000000924e+00
8.050000000000000711e+00
8.060000000000000497e+00
8.070000000000000284e+00
8.080000000000000071e+00
8.089999999999999858e+00
8.100000000000001421e+00
8.110000000000001208e+00
8.120000000000000995e+00
8.130000000000000782e+00
8.140000000000000568e+00
8.150000000000000355e+00
8.160000000000000142e+00
8.169999999999999929e+00
8.179999999999999716e+00
8.190000000000001279e+00
8.200000000000001066e+00
8.210000000000000853e+00
8.220000000000000639e+00
8.230000000000000426e+00
8.240000000000000213e+00
8.250000000000000000e+00
8.260000000000001563e+00
8.270000000000001350e+00
8.280000000000001137e+00
8.290000000000000924e+00
8.300000000000000711e+00
8.310000000000000497e+00
8.320000000000000284e+00
8.330000000000000071e+00
8.339999999999999858e+00
8.349999999999999645e+00
8.359999999999999432e+00
8.369999999999999218e+00
8.379999999999999005e+00
8.390000000000000568e+00
8.400000000000000355e+00
8.410000000000000142e+00
8.419999999999999929e+00
8.429999999999999716e+00
8.439999999999999503e+00
8.449999999999999289e+00
8.459999999999999076e+00
8.469999999999998863e+00
8.480000000000000426e+00
8.490000000000000213e+00
8.500000000000000000e+00
8.509999999999999787e+00
8.519999999999999574e+00
8.529999999999999361e+00
8.539999999999999147e+00
8.550000000000000711e+00
8.560000000000000497e+00
8.570000000000000284e+00
8.580000000000000071e+00
8.589999999999999858e+00
8.599999999999999645e+00
8.609999999999999432e+00
8.619999999999999218e+00
8.629999999999999005e+00
8.640000000000000568e+00
8.650000000000000355e+00
8.660000000000000142e+00
8.669999999999999929e+00
8.679999999999999716e+00
8.689999999999999503e+00
8.699999999999999289e+00
8.710000000000000853e+00
8.720000000000000639e+00
8.730000000000000426e+00
8.740000000000000213e+00
8.750000000000000000e+00
8.759999999999999787e+00
8.769999999999999574e+00
8.779999999999999361e+00
8.789999999999999147e+00
8.800000000000000711e+00
8.810000000000000497e+00
8.820000000000000284e+00
8.830000000000000071e+00
8.839999999999999858e+00
8.849999999999999645e+00
8.859999999999999432e+00
8.870000000000000995e+00
8.880000000000000782e+00
8.890000000000000568e+00
8.900000000000000355e+00
8.910000000000000142e+00
8.919999999999999929e+00
8.929999999999999716e+00
8.939999999999999503e+00
8.949999999999999289e+00
8.960000000000000853e+00
8.970000000000000639e+00
8.980000000000000426e+00
8.990000000000000213e+00
9.000000000000000000e+00
9.009999999999999787e+00
9.019999999999999574e+00
9.030000000000001137e+00
9.040000000000000924e+00
9.050000000000000711e+00
9.060000000000000497e+00
9.070000000000000284e+00
9.080000000000000071e+00
9.089999999999999858e+00
9.099999999999999645e+00
9.109999999999999432e+00
9.120000000000000995e+00
9.130000000000000782e+00
9.140000000000000568e+00
9.150000000000000355e+00
9.160000000000000142e+00
9.169999999999999929e+00
9.179999999999999716e+00
9.190000000000001279e+00
9.200000000000001066e+00
9.210000000000000853e+00
9.220000000000000639e+00
9.230000000000000426e+00
9.240000000000000213e+00
9.250000000000000000e+00
9.259999999999999787e+00
9.269999999999999574e+00
9.280000000000001137e+00
9.290000000000000924e+00
9.300000000000000711e+00
9.310000000000000497e+00
9.320000000000000284e+00
9.330000000000000071e+00
9.339999999999999858e+00
9.350000000000001421e+00
9.360000000000001208e+00
9.370000000000000995e+00
9.380000000000000782e+00
9.390000000000000568e+00
9.400000000000000355e+00
9.410000000000000142e+00
9.419999999999999929e+00
9.429999999999999716e+00
9.440000000000001279e+00
9.450000000000001066e+00
9.460000000000000853e+00
9.470000000000000639e+00
9.480000000000000426e+00
9.490000000000000213e+00
9.500000000000000000e+00
9.510000000000001563e+00
9.520000000000001350e+00
9.530000000000001137e+00
9.540000000000000924e+00
9.550000000000000711e+00
9.560000000000000497e+00
9.570000000000000284e+00
9.580000000000000071e+00
9.589999999999999858e+00
9.599999999999999645e+00
9.609999999999999432e+00
9.619999999999999218e+00
9.629999999999999005e+00
9.640000000000000568e+00
9.650000000000000355e+00
9.660000000000000142e+00
9.669999999999999929e+00
9.679999999999999716e+00
9.689999999999999503e+00
9.699999999999999289e+00
9.709999999999999076e+00
9.719999999999998863e+00
9.730000000000000426e+00
9.740000000000000213e+00
9.750000000000000000e+00
9.759999999999999787e+00
9.769999999999999574e+00
9.779999999999999361e+00
9.789999999999999147e+00
9.800000000000000711e+00
9.810000000000000497e+00
9.820000000000000284e+00
9.830000000000000071e+00
9.839999999999999858e+00
9.849999999999999645e+00
9.859999999999999432e+00
9.869999999999999218e+00
9.879999999999999005e+00
9.890000000000000568e+00
9.900000000000000355e+00
9.910000000000000142e+00
9.919999999999999929e+00
9.929999999999999716e+00
9.939999999999999503e+00
9.949999999999999289e+00
9.960000000000000853e+00
9.970000000000000639e+00
9.980000000000000426e+00
9.990000000000000213e+00
7.259971776802776064e+18
6.919548473927081984e+18
5.956222678531884032e+18
4.536812894548962816e+18
2.890797894967260672e+18
1.254287090868095488e+18
-1.791878981626216320e+17
-1.287402651135318016e+18
-2.025534044752443904e+18
-2.414792667007564288e+18
-2.520510372826683392e+18
-2.426726188868109824e+18
-2.213976831244156672e+18
-1.945265654523032064e+18
-1.660742865061200896e+18
-1.379454331881024512e+18
-1.105836567498308864e+18
-8.380489488332531200e+17
-5.757732801368931200e+17
-3.238948334250469760e+17
-9.252298276129964800e+16
1.056732021801650720e+17
2.590945427060635840e+17
3.601874296478787840e+17
4.078725696605456640e+17
4.076618500122861440e+17
3.700184910838593280e+17
3.076336044598022400e+17
2.325526422940143680e+17
1.545690166503211200e+17
8.081417398827944000e+16
1.561926372273122400e+16
-3.931652059701793600e+16
-8.435327886979467200e+16
-1.205841267457012480e+17
-1.484545257330240000e+17
-1.670129470660600960e+17
-1.743338879732809280e+17
-1.689214634731113280e+17
-1.508006258736035200e+17
-1.225184116888710880e+17
-8.859194461920115200e+16
-5.406449020636710400e+16
-2.308929524797322400e+16
2.156441888608850000e+15
2.206054882320483600e+16
3.910158768765528800e+16
5.717655900428796800e+16
7.944253749909126400e+16
1.063451746190030240e+17
1.347468330582515200e+17
1.581744206756625920e+17
1.692378360330921280e+17
1.626160102314642880e+17
1.378744662461398400e+17
1.001811697491253120e+17
5.861178236635137600e+16
2.249955022202739600e+16
-2.144515799599529000e+15
-1.448806748509870400e+16
-1.797650891304709400e+16
-1.776808241391124000e+16
-1.822612195258268800e+16
-2.117807801225804800e+16
-2.605443727985996800e+16
-3.148411494666476000e+16
-3.687992298854852800e+16
-4.230410140714020800e+16
-4.679706566603465600e+16
-4.737728114622867200e+16
-4.012149058068613600e+16
-2.292700690636602800e+16
2.904799312421490500e+15
3.250171676028301200e+16
5.844992146559308000e+16
7.322181846656275200e+16
7.144213683104356800e+16
5.265800078407644800e+16
2.227850988048938400e+16
-1.037023175796071200e+16
-3.602527360771930400e+16
-4.946414825115631200e+16
-5.119795159332288000e+16
-4.587143833503696800e+16
-3.909289036160733600e+16
-3.407512603952133600e+16
-3.054036271915768000e+16
-2.633623536655568800e+16
-1.935331145511829200e+16
-8.580172678413848000e+15
5.611652481422224000e+15
2.170572672629562400e+16
3.722740425785636000e+16
4.924536242187443200e+16
5.577884334360806400e+16
5.644027506694394400e+16
5.281100172128316800e+16
4.761768096509748000e+16
4.292412546756611200e+16
3.929243959900590400e+16
3.621380335780723200e+16
3.205866541131960800e+16
2.581329775057044800e+16
1.655912325187874200e+16
4.370476252823790000e+15
-9.459766108458620000e+15
-2.287580174271596800e+16
-3.402879266410597200e+16
-4.140361570564395200e+16
-4.342316873164098400e+16
-3.874882320288837600e+16
-2.708627683316892000e+16
-9.940587168165610000e+15
9.522554313592812000e+15
2.709787998399911200e+16
3.834718732567004800e+16
4.031619877106467200e+16
3.313220803264874400e+16
1.971594254382288400e+16
3.996183457558884000e+15
-1.086552380726683400e+16
-2.335519641745493600e+16
-3.326496263834264800e+16
-4.057629192205863200e+16
-4.493162396481964000e+16
-4.566715629703803200e+16
-4.217738658153405600e+16
-3.489833279961938800e+16
-2.554990486061831600e+16
-1.628649980161720000e+16
-8.735595431269137000e+15
-3.117283185794158500e+15
1.125706886710485000e+15
4.446912025938042000e+15
6.857213355758545000e+15
8.217664554954977000e+15
8.936761434281404000e+15
9.763058744162802000e+15
1.134806385991054000e+16
1.302504736135429600e+16
1.336233672752358400e+16
1.160081014392558000e+16
9.296778181457936000e+15
9.606969980612792000e+15
1.505590012669100400e+16
2.487773343441876800e+16
3.462536589789025600e+16
3.873603674536482400e+16
3.333405019265626000e+16
1.807499646648641600e+16
-4.063768383801527000e+15
-2.883300534863615600e+16
-5.265431060300549600e+16
-7.327516899582936000e+16
-8.928680814268860800e+16
-9.980952189679502400e+16
-1.047245617335895360e+17
-1.049587894643524640e+17
-1.023230848101044960e+17
-9.861807856181465600e+16
-9.477641501687731200e+16
-9.055955042833556800e+16
-8.548809358934896000e+16
-7.958122035490673600e+16
-7.332391999803928000e+16
-6.761173582951095200e+16
-6.302036139682384800e+16
-5.898214347627175200e+16
-5.338667981439707200e+16
-4.372127538034349600e+16
-2.885893190428140400e+16
-1.042167527176266600e+16
8.033221665511016000e+15
2.293848828873286000e+16
3.247560506620939200e+16
3.680098748823473600e+16
3.712321798142606400e+16
3.444801076335377600e+16
2.955447950845494000e+16
2.349500730029333600e+16
1.754311220516069200e+16
1.282392240911475600e+16
9.654659208173922000e+15
7.777898987880780000e+15
6.704762063214823000e+15
5.936126933423856000e+15
5.014396988369912000e+15
4.051004156033347000e+15
4.184400242023316000e+15
6.984477262707632000e+15
1.360455843210241600e+16
2.374043375354619200e+16
3.561710870974565600e+16
4.643570828796430400e+16
5.360828752892468800e+16
5.588726698692407200e+16
5.360748858641286400e+16
4.787229684088764000e+16
3.983072196735123200e+16
3.080977925358320000e+16
2.257587878635610400e+16
1.650965840036754800e+16
1.312943344049620800e+16
1.063609384256568600e+16
5.739864468260004000e+15
-3.808899484482339000e+15
-1.723605790745782200e+16
-3.022740835182709600e+16
-3.669010420963493600e+16
-3.172907775305491600e+16
-1.379768332064687600e+16
1.440501284477557600e+16
4.675019217932038400e+16
7.571054899087028800e+16
9.440469330062841600e+16
9.826493875785683200e+16
8.607946518706787200e+16
6.026788618391894400e+16
2.669409668680503600e+16
-6.915319274220768000e+15
-3.345790653164274000e+16
-4.869121407659578400e+16
-5.197925648938577600e+16
-4.600020968360780800e+16
-3.501747122052575600e+16
-2.302357364838730400e+16
-1.201462697264468000e+16
-2.187868716630229000e+15
7.298485854497225000e+15
1.706743530928640600e+16
2.662831989039718400e+16
3.458767485579649600e+16
3.930493895090713600e+16
3.937213027856231200e+16
3.341328635193954400e+16
2.134142955716010400e+16
5.568286118047525000e+15
-9.274618274333716000e+15
-1.821415665540774400e+16
-1.778290933961819600e+16
-7.172076435424978000e+15
1.167599523073181200e+16
3.437503489203736000e+16
5.467637698610316000e+16
6.647919974621200000e+16
6.596064285559992000e+16
5.317747494723823200e+16
3.199278799927152800e+16
8.090249297210404000e+15
-1.300923017345853800e+16
-2.677819830687345200e+16
-2.992879333727911600e+16
-2.139641384925703600e+16
-3.444969595850754500e+15
1.780468255818839200e+16
3.400728864970292800e+16
3.839139872048881600e+16
2.945431466150615600e+16
1.137706175735532000e+16
-8.715542936383048000e+15
-2.487078100236346000e+16
-3.466927249977696000e+16
-3.906110743823972800e+16
-4.029464167536405600e+16
-3.979339273771600800e+16
-3.772038611805331200e+16
-3.342238196029243200e+16
-2.620353776809191200e+16
-1.541212980655382800e+16
-9.128962530852930000e+14
1.634766305987275600e+16
3.418272767245446400e+16
4.953950943638513600e+16
5.927642633920458400e+16
6.111431488224737600e+16
5.500643408039621600e+16
4.354208563491643200e+16
3.084997630941391600e+16
2.068973204116914400e+16
1.421284253329223200e+16
9.879324123473638000e+15
4.752206354120135000e+15
-3.503355675899914500e+15
-1.488896860460124400e+16
-2.693289489387846800e+16
-3.615981221963787200e+16
-4.039676046397346400e+16
-3.922579345651766400e+16
-3.367075700202948800e+16
-2.525487700638115200e+16
-1.549334438027271600e+16
-5.960888482748111000e+15
1.650096758435036000e+15
5.912030299176588000e+15
5.973244214569285000e+15
1.813508729260607000e+15
-5.635704967601110000e+15
-1.431274337640965600e+16
-2.091172533190800800e+16
-2.198224317430763600e+16
-1.619856848755965400e+16
-4.574796307347882000e+15
8.940398026137397000e+15
2.055989755815136000e+16
2.849145001055310800e+16
3.316543374302421200e+16
3.596307592595752000e+16
3.792123858214030400e+16
3.910576282758054400e+16
3.925555207433088800e+16
3.794561075864289600e+16
3.482132218935112400e+16
3.035805311035156000e+16
2.594833625247917600e+16
2.341455548188619200e+16
2.354706921740310000e+16
2.548882928702032800e+16
2.699767421212403200e+16
2.581280824562414000e+16
2.082863736520724800e+16
1.283554691881385800e+16
4.547899212790305000e+15
-5.008047123458433750e+14
-3.668374592561935000e+14
3.635420609761555000e+15
7.401936676960699000e+15
7.325050696673371000e+15
2.742608030974340000e+15
-4.098823433315450000e+15
-1.034299801938509200e+16
-1.427188162240201800e+16
-1.534385103338702800e+16
-1.322378517619965800e+16
-6.979167501036522000e+15
4.667885716898605000e+15
2.237248187112152400e+16
4.495795686639779200e+16
6.901198383089902400e+16
9.019575377317360000e+16
1.048862344258760640e+17
1.114784108168005440e+17
1.103579828383843840e+17
1.026379864950115520e+17
8.976983661398401600e+16
7.355872607681184000e+16
5.586253841929270400e+16
3.784278616157981600e+16
2.008797319618226000e+16
3.179901583481059500e+15
-1.145386466613355400e+16
-2.112415480396548800e+16
-2.454146938241696800e+16
-2.037055203639049600e+16
-1.014260829436144400e+16
2.265509345925843500e+15
1.236183748095032600e+16
1.680235737913571800e+16
1.502560641024793600e+16
9.411801087664592000e+15
3.885328608995627500e+15
1.983971645009404000e+15
5.178530391996884000e+15
1.251130065285424200e+16
2.136954693030441600e+16
2.858717644755852000e+16
3.133634463695887600e+16
2.790405577301556400e+16
1.798456668021929400e+16
3.329701782225259500e+15
-1.256952680729967000e+16
-2.544321149571095600e+16
-3.199969266288608000e+16
-3.109080504834008000e+16
-2.387848895531955200e+16
-1.333192449648779400e+16
-3.088623330569239000e+15
3.552451179970023500e+15
5.260187615377148000e+15
3.663830117464287500e+15
2.290195187896364000e+15
4.025213474821708000e+15
9.190624265391368000e+15
1.535706360669580400e+16
1.854669307120066400e+16
1.522148517466201800e+16
3.718928896728011500e+15
-1.496851349063697600e+16
-3.810253218866444000e+16
-6.220590313629615200e+16
-8.386552588378364800e+16
-1.006772707673423200e+17
-1.111930846489010560e+17
-1.149521692868596320e+17
-1.121797086361662400e+17
-1.041064141549102880e+17
-9.242233882562697600e+16
-7.892464444342105600e+16
-6.567502288974990400e+16
-5.446578221660731200e+16
-4.634912089930526400e+16
-4.092536274945876000e+16
-3.608205531767643200e+16
-2.930746934688166800e+16
-1.870510896582498000e+16
-4.088172428296729000e+15
1.273190372860821200e+16
2.869230404787496400e+16
3.954963309424740000e+16
4.103502253416715200e+16
3.073885495919590400e+16
1.010714672502299400e+16
-1.545970167823170600e+16
-3.855722247789013600e+16
-5.296369618838638400e+16
-5.598847305458853600e+16
-4.839711110156961600e+16
-3.336740377787580400e+16
-1.520577080812341200e+16
1.581982887465832500e+15
1.327834581870011200e+16
1.830007472507486800e+16
1.779709249516413400e+16
1.554472792784252200e+16
1.657914631282011200e+16
2.462968519928871600e+16
3.964930048397177600e+16
5.749437189133780000e+16
7.174163623300550400e+16
7.672062001423932800e+16
6.960633740841212800e+16
5.126481921450444800e+16
2.579744293595970800e+16
-1.207314791157629000e+15
-2.468727495371534000e+16
-4.119084886295038400e+16
-4.933871407439229600e+16
-4.899667249626640000e+16
-4.096747686857184800e+16
-2.702302012438823200e+16
-1.015006810211835200e+16
6.146596599169174000e+15
1.931479855893298400e+16
2.866875624714145600e+16
3.534912260893238400e+16
4.076196460815584800e+16
4.505052411830012800e+16
4.691177341158036000e+16
4.482184387415444800e+16
3.869856725969366400e+16
3.062521651616722400e+16
2.414243693874656400e+16
2.215462931800541200e+16
2.616577784939471200e+16
3.453600382984781200e+16
4.288844356226630400e+16
4.621721626810964800e+16
4.133423448837644000e+16
2.861359524121659200e+16
1.196939636975556000e+16
-3.177924440590746500e+15
-1.197531527481481400e+16
-1.192261085432644000e+16
-3.826956848395647500e+15
8.846702744568071000e+15
2.117889917679452400e+16
2.814280691185159200e+16
2.627833648600780800e+16
1.469362299339803200e+16
-4.435611762775213500e+15
-2.630039677145771600e+16
-4.543577300642356800e+16
-5.774982002427756800e+16
-6.161746834206704800e+16
-5.774584751857588800e+16
-4.799843155965364800e+16
-3.434952225859446400e+16
-1.820300860677325600e+16
-3.144138650349560000e+14
1.898571896587607600e+16
3.939112909163479200e+16
6.028727375552639200e+16
8.034548681023851200e+16
9.740474867528321600e+16
1.089987230124323680e+17
1.131295822012851520e+17
1.090509813392676320e+17
9.781402034559272000e+16
8.187861617429003200e+16
6.470115157889567200e+16
4.981644977521165600e+16
3.940385007896200800e+16
3.340290215947971200e+16
2.944569952130091200e+16
2.429794652195115200e+16
1.543409800194075000e+16
3.041595237482805000e+15
-9.985302282045914000e+15
-1.992073826676242400e+16
-2.451606449526191200e+16
-2.361216025842671200e+16
-1.840977985723757200e+16
-1.145892637675967200e+16
-4.682002439480166000e+15
3.285631045648250000e+14
2.748483751889013500e+15
2.058851773330266500e+15
-2.082040644300921000e+15
-9.227534308387846000e+15
-1.726630939692262600e+16
-2.225655766304284000e+16
-1.965135584002237600e+16
-6.601908143513740000e+15
1.630482219048909000e+16
4.486624595789082400e+16
7.294334223242344000e+16
9.436286731166393600e+16
1.042136264536750560e+17
9.939041491118566400e+16
7.813341229781750400e+16
4.090843415958465600e+16
-8.373015269259255000e+15
-6.123148703080030400e+16
-1.058600786396541440e+17
-1.309465294922625440e+17
-1.304478416224894400e+17
-1.063133270347385600e+17
-6.743728634905443200e+16
-2.541782864555789600e+16
1.083121862219379200e+16
3.815438574480620000e+16
5.813692446591000000e+16
7.379328768580491200e+16
8.672441879696670400e+16
9.672067155849652800e+16
1.029732051105319040e+17
1.055749285660797920e+17
1.058669525236740160e+17
1.052458646900096000e+17
1.039540137096669920e+17
1.010112326028966080e+17
9.529783586864844800e+16
8.619958183295840000e+16
7.383696498282966400e+16
5.931544951526016800e+16
4.508985949659171200e+16
3.444444829435607200e+16
2.988681414222361200e+16
3.154725650057231200e+16
3.677650562518968000e+16
4.100577400471648000e+16
3.908539638611929600e+16
2.750326809196706000e+16
5.085399315776335000e+15
-2.496855786444746800e+16
-5.612734166207612800e+16
-8.147506140617676800e+16
-9.655491874683902400e+16
-1.008537726920122720e+17
-9.696129503140227200e+16
-8.901936089751904000e+16
-8.086980668282947200e+16
-7.512328933058998400e+16
-7.221882051872977600e+16
-7.106761398885638400e+16
-7.056036063829078400e+16
-7.042828173054516000e+16
-7.101912858186829600e+16
-7.211248240945297600e+16
-7.224640238000129600e+16
-6.895848638876486400e+16
-5.999991015664649600e+16
-4.459003583096153600e+16
-2.394806801779474000e+16
-1.518394469378401000e+15
1.798351912488000400e+16
3.103848354448335200e+16
3.738459354276502400e+16
4.003269313470015200e+16
4.322707542290249600e+16
4.941602428592100000e+16
5.812914368533252800e+16
6.607396020721472800e+16
6.905500843580002400e+16
6.437067850657763200e+16
5.226687218110937600e+16
3.635856568932863200e+16
2.216717104491940800e+16
1.425452686007417800e+16
1.361506987906634600e+16
1.708739429425793600e+16
1.978660791197370400e+16
1.807983707679192800e+16
1.115940566891861800e+16
8.321750058928062500e+14
-1.023216845410591600e+16
-2.013011780347902400e+16
-2.792764138513302400e+16
-3.342918761210844000e+16
-3.675569862762183200e+16
-3.778894506789604000e+16
-3.664959627382137600e+16
-3.274310641421256800e+16
-2.775130628156810400e+16
-2.333756955281890400e+16
-2.048466726122865200e+16
-1.872164234295458400e+16
-1.660043056881926000e+16
-1.269064075465921200e+16
-6.201989814966756000e+15
2.901544294295637000e+15
1.379863414429012800e+16
2.517744623663740800e+16
3.551617495144018000e+16
4.394150777578850400e+16
5.097458468659752800e+16
5.842378648337533600e+16
6.892891027984592800e+16
8.375415146692563200e+16
1.006776606808710880e+17
1.137238843842371040e+17
1.153771365096756960e+17
9.994376108583966400e+16
6.707749187317712000e+16
2.264458240619388000e+16
-2.349835809012516000e+16
-6.134469380886868800e+16
-8.419301827168579200e+16
-9.066109806165278400e+16
-8.418829319577521600e+16
-7.112708668400629600e+16
-5.751126545324029600e+16
-4.704639294854063200e+16
-4.024695526190216800e+16
-3.560644644425059200e+16
-3.077720188488190400e+16
-2.366978411733814000e+16
-1.328820285041682400e+16
-7.994104012267343750e+13
1.429446105524222400e+16
2.742259059050428400e+16
3.699661456054932000e+16
4.163772842534563200e+16
4.116936297381568800e+16
3.616097984937046400e+16
2.764593050728934400e+16
1.723178071747234800e+16
6.979601943227319000e+15
-1.737478330301608000e+15
-8.909147180438768000e+15
-1.523949150929433600e+16
-2.058646756944481200e+16
-2.402111034928869200e+16
-2.460339661722376400e+16
-2.263278198305025200e+16
-1.904805268939015200e+16
-1.418563210723031400e+16
-7.242050272194808000e+15
2.331754311282006000e+15
1.406805870829917200e+16
2.636800506356451200e+16
3.752734889219980000e+16
4.701044151410705600e+16
5.520269227644755200e+16
6.235942283828479200e+16
6.735324940578339200e+16
6.707947771840584800e+16
5.796678437389235200e+16
3.783050838141131200e+16
8.215817837481774000e+15
-2.528673677042970000e+16
-5.448982652775208000e+16
-7.178705199295476000e+16
-7.384701476152056000e+16
-6.327896085936699200e+16
-4.705493831792715200e+16
-3.228595278111412800e+16
-2.258319979080968000e+16
-1.808912648490455200e+16
-1.690727741899855400e+16
-1.685102231502956600e+16
-1.627919834523621000e+16
-1.418131696555670400e+16
-1.063718542742783200e+16
-6.343114030109414000e+15
-1.792992081908945000e+15
3.797194307572573500e+15
1.229955849140687200e+16
2.499658650101642800e+16
4.072092399003480800e+16
5.592158052831283200e+16
6.640098985100484800e+16
6.964010176737668800e+16
6.587932984290563200e+16
5.751401979898634400e+16
4.837636997626953600e+16
4.162676208902974400e+16
3.840537386093811200e+16
3.684659883484479200e+16
3.345558401194248800e+16
2.590614520928464800e+16
1.475051493801404800e+16
3.227346386600398500e+15
-5.513396118899455000e+15
-9.840102563025856000e+15
-1.012566161285314200e+16
-7.979874673019590000e+15
-5.086894041564571000e+15
-2.646718758297293000e+15
-9.048147923321407500e+14
6.074855858854875000e+14
2.366254542227924500e+15
3.931903726246508000e+15
3.494345829566554500e+15
-1.586207725315981500e+15
-1.359504550119124200e+16
-3.263933702646788800e+16
-5.537750524924456000e+16
-7.583314103675092800e+16
-8.787068519432689600e+16
-8.826172057462529600e+16
-7.766780186397259200e+16
-5.942213196652785600e+16
-3.786515367170148800e+16
-1.745534739515942000e+16
-2.207622579619954000e+15
4.674023377185973000e+15
1.921864646765671500e+15
-8.810737979850442000e+15
-2.272653538980195600e+16
-3.356223641007196000e+16
-3.669658501083616000e+16
-3.148984606487026400e+16
-2.040557756655505600e+16
-6.588534962132122000e+15
8.342761358223756000e+15
2.411209647815500000e+16
4.034649492139688000e+16
5.620367778210729600e+16
7.001899089036480000e+16
7.964793178936843200e+16
8.286732074167849600e+16
7.844774804109377600e+16
6.719586954240356800e+16
5.204826643301851200e+16
3.694261045615817600e+16
2.559852901490590400e+16
2.003831671784462800e+16
1.989039752282440000e+16
2.256234924854735200e+16
2.426053254619022400e+16
2.128317754168853200e+16
1.270055490836892200e+16
-1.390217041114072000e+15
-1.806820369261529600e+16
-3.340106158924203200e+16
-4.425859972402369600e+16
-4.923432214530256800e+16
-4.871110019117947200e+16
-4.356651638246887200e+16
-3.433575066462208000e+16
-2.140681629656625600e+16
-5.938518306928805000e+15
9.551411315531496000e+15
2.159552429742487200e+16
2.684677031968165600e+16
2.354105541889323200e+16
1.289438345038430600e+16
-6.772693136429665000e+14
-1.128910962655048600e+16
-1.431545194904300400e+16
-7.835299225792011000e+15
6.605965576707679000e+15
2.515629104648974400e+16
4.364865976455568000e+16
5.958704757107611200e+16
7.247560068398739200e+16
8.266017488788288000e+16
9.016474512684139200e+16
9.396258191237814400e+16
9.232270200325016000e+16
8.331994437144716800e+16
6.563566983135657600e+16
3.921985800840667200e+16
6.833109511594188000e+15
-2.540040175847484800e+16
-5.029445892395717600e+16
-6.272384341440387200e+16
-6.196183777575503200e+16
-5.152454177389768800e+16
-3.732295263381116800e+16
-2.506953613665140400e+16
-1.849427196750979600e+16
-1.827804528272521600e+16
-2.284563911555055200e+16
-2.953459695100342000e+16
-3.553444537420666400e+16
-3.852931928850748800e+16
-3.749405830503984800e+16
-3.285607481992548000e+16
-2.638358364561783200e+16
-2.004572188701763200e+16
-1.639919608549552000e+16
-1.653023074238048800e+16
-1.965457165450126400e+16
-2.233363743489207600e+16
-1.988399989435208000e+16
-9.323210592827620000e+15
9.060766396449624000e+15
3.194357215330096800e+16
5.449220099466252000e+16
7.210982516154134400e+16
8.182493858006339200e+16
8.307477634748081600e+16
7.755467258374182400e+16
6.777885938772940000e+16
5.568251950034931200e+16
4.238221530746948800e+16
2.854279427687189600e+16
1.551843400324853200e+16
5.485520378214230000e+15
5.727604774263898750e+14
1.256737673950375000e+15
5.623011519021404000e+15
9.785916035980726000e+15
9.828272423376834000e+15
3.724983990371026000e+15
-7.677603224669582000e+15
-2.148851198943847600e+16
-3.393194969889083200e+16
-4.152676955918832000e+16
-4.181471981384624000e+16
-3.389011091762656800e+16
-1.855142916352302000e+16
1.850961828752511500e+15
2.387997835392095600e+16
4.364930009846528800e+16
5.737932573620449600e+16
6.204737063190764000e+16
5.642099532465310400e+16
4.189658360782150400e+16
2.205434527472272400e+16
1.253429854645456500e+15
-1.726365724684593400e+16
-3.218427286129758800e+16
-4.372475754602186400e+16
-5.259087345737871200e+16
-5.819516756731368800e+16
-5.818474376086764800e+16
-4.947510670004793600e+16
-3.052532322266200400e+16
-3.052987775569415500e+15
2.753601482957068800e+16
5.554915560602668800e+16
7.707062248130604800e+16
9.122086352718558400e+16
9.873466644110582400e+16
1.005109793232356640e+17
9.684800370868460800e+16
8.821776691869460800e+16
7.564505573644996800e+16
6.057357162088050400e+16
4.431179686108595200e+16
2.815138066239014800e+16
1.313717788917638000e+16
-4.848436228935000000e+11
-1.060774854711358800e+16
-1.786849068935298400e+16
-2.087276331190604000e+16
-1.870159575387663200e+16
-1.121587155442844400e+16
1.205392053218800000e+13
1.173290382243386200e+16
2.046613762992250800e+16
2.453793717942736000e+16
2.441477063404753600e+16
2.109239316546670400e+16
1.419268586815675000e+16
2.354517523892565500e+15
-1.390050531442739800e+16
-3.049423578579558000e+16
-4.120586380652846400e+16
-4.122757238747729600e+16
-3.007697211730367200e+16
-1.134427895785069400e+16
9.440986351787076000e+15
2.716252748003493200e+16
3.834247148001945600e+16
4.139744113957956800e+16
3.584901248498283600e+16
2.218012014094144000e+16
2.095916988412095500e+15
-2.135537296193504000e+16
-4.463480341231065600e+16
-6.459254916345672800e+16
-7.871761661300630400e+16
-8.488858699601195200e+16
-8.194283493545966400e+16
-7.118459910133344000e+16
-5.691449187406689600e+16
-4.486846022904372800e+16
-3.957762403646134400e+16
-4.204730781029454400e+16
-4.861449182852481600e+16
-5.228587238709264800e+16
-4.619850322669339200e+16
-2.716579429145267600e+16
2.392261285472187500e+15
3.524488832091425600e+16
6.270203712433594400e+16
7.814961299248891200e+16
7.927961111612784000e+16
6.826259286325416000e+16
5.005823687926828800e+16
3.045903581021621600e+16
1.434190758284102800e+16
4.523674962247556000e+15
9.703006867101880000e+14
1.877114414739454000e+15
4.287956415157486500e+15
5.469620714792153000e+15
3.299790528740900000e+15
-2.925579161274045000e+15
-1.173824118922247600e+16
-1.953338938867460400e+16
-2.193166681963532400e+16
-1.612078483434147400e+16
-2.661510477970205500e+15
1.429477062158640000e+16
2.939569308961575600e+16
3.840046525831301600e+16
3.929942827774681600e+16
3.215899283454776800e+16
1.861328625384251200e+16
8.705655736077570000e+14
-1.890216790850486000e+16
-3.885097926633602400e+16
-5.773005292073102400e+16
-7.422001575983547200e+16
-8.630164372712705600e+16
-9.126012056855571200e+16
-8.700065001810744000e+16
-7.349241730452153600e+16
-5.365123946672020000e+16
-3.279406025860887200e+16
-1.664517864076180000e+16
-8.661281043414707000e+15
-8.598922569246107000e+15
-1.307387711109314400e+16
-1.749208852944231000e+16
-1.843629466861201600e+16
-1.464393553061449600e+16
-6.716400111825192000e+15
5.440398722545057000e+15
2.174850250301119600e+16
4.125815968924322400e+16
6.020755881080972800e+16
7.274118873106769600e+16
7.411310501479281600e+16
6.346791032588107200e+16
4.418185639788732000e+16
2.198819399851415600e+16
2.476760804331897500e+15
-1.089087386426903600e+16
-1.751046245315360200e+16
-1.951622557256877200e+16
-2.072022208401028800e+16
-2.549082837842488800e+16
-3.675884038383191200e+16
-5.480270082350343200e+16
-7.661060627857758400e+16
-9.662372583387680000e+16
-1.083848855113193760e+17
-1.067655202797132000e+17
-8.986884133057200000e+16
-5.985987393384820800e+16
-2.225778060323756800e+16
1.592013372757306800e+16
4.829809605121436800e+16
7.081696662623374400e+16
8.234497222326945600e+16
8.462720728290110400e+16
8.109148562665976000e+16
7.517505055316065600e+16
6.876670730712064000e+16
6.184262647816718400e+16
5.333306659087960800e+16
4.277109493446540800e+16
3.126857601213026800e+16
2.114931287634236000e+16
1.482380961630600800e+16
1.284220089727241800e+16
1.319691831321084800e+16
1.235777424888256200e+16
7.926175928284013000e+15
3.551269534483595000e+14
-6.899215786603273000e+15
-9.563190016472246000e+15
-5.432080216728618000e+15
4.477070621745593500e+15
1.637740283870803800e+16
3.131937572016703488e+18
8.760106553240967680e+17
-6.538322497818050560e+17
-2.899973723939335680e+17
6.688066436548999680e+17
-4.106448547119335680e+17
-4.637007578864104320e+17
-7.953786567530872320e+17
-3.630340019217571840e+17
1.472104014968356480e+17
-1.209817959161827840e+18
1.658216694137626240e+17
1.950955892710403520e+17
-8.329512315295568000e+16
-5.767387575325560320e+17
5.759658701083210880e+17
-3.974793147339401600e+17
-1.142914532346984576e+18
2.978241639979047040e+17
-1.283498694681723392e+18
2.956615423201192320e+17
1.210428178049233664e+18
-4.907266340595219200e+17
5.069956792977210880e+17
-1.747386021389033600e+17
-1.377671633836931840e+17
-6.517487835953469440e+17
-2.800832376090093600e+16
1.508830252594799872e+18
9.717025506119964160e+17
-1.443665312155312320e+17
1.948769186366903680e+17
-6.695046716800663040e+17
3.978648632867173120e+17
4.023996198510932480e+17
6.975818297511884800e+17
1.491247168346745856e+18
-9.757995572238080000e+14
3.330703433411440640e+17
2.626102904590224640e+17
-7.531210409282379520e+17
5.390896891284666880e+17
-1.328801759639100416e+18
-7.990598983884939520e+17
-4.802324065976302720e+17
-6.505674393951831040e+17
-8.459112892127305600e+16
7.317037916364710400e+17
-2.225028847933084800e+17
-6.831662421173135360e+17
-1.747731014061776640e+17
1.068231630817161472e+18
-1.058735938742834240e+17
5.782524916222609920e+17
6.634163313551352320e+17
-4.540664063757134080e+17
-1.399730294047147008e+18
5.463545662313747200e+17
-2.433189680179864960e+17
3.987697056821652480e+17
-3.509946292738649600e+16
7.050286559511458560e+17
9.768015696178665600e+16
6.429463817556753920e+17
-9.194481351720596480e+17
4.780839418063260160e+17
2.268487660761989120e+17
5.943990682525665600e+16
5.318015997102076800e+17
-1.262662467840179712e+18
-2.261413662888085760e+17
1.653496147595612800e+17
-8.003463372935951360e+17
1.459897332536537088e+18
5.929116120040230400e+17
1.003482570481348608e+18
2.267517181183121280e+17
1.304273097841613056e+18
-1.177625979074266368e+18
-2.257108943486503680e+17
5.533816663942842880e+17
-3.887851206848065280e+17
1.456269101307431680e+17
-1.636604599319028224e+18
-9.527053974414272000e+15
7.234713821654324480e+17
-3.271357759681431040e+17
-4.162050946609416320e+17
-8.626508440907476480e+17
-4.515900722050602880e+17
2.773277078721475840e+17
1.513903753300400000e+16
-2.443523362827307520e+18
-8.739449114786862080e+17
-5.213087896933216640e+17
-6.642557474921564160e+17
-2.029136737621004160e+17
1.018356253589004288e+18
6.455267037589230080e+17
1.245753264302552960e+17
-9.667722724874260480e+17
-4.304850306865927680e+17
2.034900287877667200e+17
-1.980010505033058560e+17
-1.212330007718418944e+18
-1.224906580474501120e+18
-5.399745355864110080e+17
8.385727910285481600e+16
-3.477872680065420160e+17
-1.073930680303063680e+18
1.134060920444162240e+17
-1.373009995961614336e+18
8.384798084410667520e+17
-8.735160256757492480e+17
1.194105566181268992e+18
8.084036146507097600e+17
-3.309875612890030720e+17
5.566557422481740160e+17
-9.528471414914263040e+17
1.183869463723650560e+18
1.862750384588655680e+17
-4.536486129786048000e+15
8.829435772501349120e+17
8.351281239937071360e+17
9.258739016562915840e+17
-6.320940257260340480e+17
1.208318276348758080e+17
1.196067114630953216e+18
5.431242390223857920e+17
-1.457611952157116160e+18
-5.457472108763296640e+17
1.303736216208519680e+18
-1.615864264939646464e+18
-1.555269542099431200e+16
-1.440436289464168704e+18
-8.702564770671648000e+17
-8.359992481548846080e+17
6.490106882211041280e+17
-8.071503339127240960e+17
5.179582496648789120e+17
1.297215145897595904e+18
-8.850953180329772800e+16
-5.071651955617448960e+17
3.158972285132202880e+17
9.375114266313564160e+17
8.490389969819422720e+17
4.364822198179485440e+17
-1.094887419735172608e+18
-9.593710486833225600e+16
1.044670700602288640e+18
1.543230927644658176e+18
-2.405938698495843200e+16
-1.728847697159807040e+17
-1.234454043778350848e+18
3.618085929682119680e+17
-5.019234745595444800e+16
4.961134435798553600e+16
-3.369559917961392000e+17
-1.181493857602320384e+18
6.456033836122935040e+17
-2.179803054399883520e+17
5.919177152566869760e+17
1.966271951614876480e+17
-6.398691170373566720e+17
2.428719246949747840e+17
-6.399321393021718400e+16
-3.289406359901079040e+17
-2.229268273396124480e+17
-2.831450786606136000e+17
-4.228024344618734080e+17
1.781440368969930240e+17
1.075143462569399360e+17
-5.051521858868663680e+17
-1.536226029943336320e+17
-6.929667191414105600e+17
6.221054652411106560e+17
-5.396282354659837440e+17
3.405614483523639040e+17
4.461900503175656960e+17
7.488959792991518720e+17
-7.446981664074337280e+17
6.416984226357070080e+17
-7.065840673093699840e+17
-7.155498321804702720e+17
-5.553854993490232320e+17
4.826315326905104000e+17
3.146635392911737600e+17
-8.414004295637068800e+16
4.209558853453358720e+17
-5.049414738374377600e+17
5.242329669775552000e+16
3.755475455090037760e+17
4.669547768297152000e+16
-1.294925828837660160e+17
-1.729647306746495040e+17
-4.142556047923760000e+17
8.806221077767902720e+17
-2.759114524456090880e+17
-9.110754031873095680e+17
-1.638894639255455232e+18
3.989761490597177600e+17
-3.408036816375042560e+17
-1.053653245464915712e+18
7.885614067446141440e+17
9.303684853170557440e+17
6.503580792574050560e+17
-8.481790776851293440e+17
1.545392037496248320e+17
-6.495035965606940160e+17
-1.772636485103879040e+17
-7.178332142420709120e+17
1.157297836199546880e+18
-5.004857719706928640e+17
1.223347801773444608e+18
-1.150693139977857536e+18
8.635471128147299200e+16
6.827514103272285440e+17
-4.301004527277800960e+17
1.078287565093843712e+18
-1.831387878605786112e+18
5.226703237594631680e+17
3.509341663986736000e+16
-1.063293534649810176e+18
8.749873942083736000e+16
1.206329818622443520e+17
1.571780486362237440e+17
4.724786650110769280e+17
-5.929185170616256000e+17
-1.212357401979688704e+18
5.470095726558850560e+17
6.722939630624567040e+17
-4.703910011715156480e+17
7.360892414123491840e+17
-1.598637986389812992e+18
7.909156370432683520e+17
1.383446160033422336e+18
3.329008884060440320e+17
-1.499289460600515328e+18
-1.054591459804464640e+17
-7.073954713900898560e+17
6.619278533027786240e+17
3.157341756941775360e+17
-1.523358897355680512e+18
-5.231508778335374720e+17
-9.723184991009288960e+17
-5.080965495344681600e+17
-7.139279474872445600e+16
6.140609361153995520e+17
6.580778710019904000e+17
8.150135353652664320e+17
-1.251969329129606912e+18
-4.736849094068998400e+17
3.449617324692992640e+17
-6.758120854923607040e+17
-1.820017515169548800e+17
2.600254695907443200e+16
2.265197131022438400e+17
1.089422135667633536e+18
3.748195760111624960e+17
-9.889227534427511040e+17
-3.779373707922084480e+17
-1.528345962774393344e+18
1.703853111253772800e+17
-1.954449403000025600e+17
-5.296997283056591360e+17
-1.019733482108007680e+17
-8.295580979522470400e+16
1.430050926372759040e+17
-2.540939831739754880e+17
4.850249216283168640e+17
4.583184714251973760e+17
4.906456299264364800e+17
1.573177359045248000e+17
5.808238821445816320e+17
1.620588062575055680e+17
1.618056787062022400e+16
1.581482728641567744e+18
5.030893108793000320e+17
-1.528233139884695040e+17
-6.619445855789717760e+17
2.999236106744807680e+17
8.808913207780499200e+16
1.247691280906498560e+17
-5.102798999619834880e+17
-9.083357620229155840e+17
-3.535438381204368000e+17
-2.575608795771472960e+17
3.204055937724414720e+17
-4.352277961898413440e+17
1.000365712120364800e+16
1.605507080737593856e+18
5.775492408260209600e+16
-1.166650558181778944e+18
1.109440252132091904e+18
1.341409878291675648e+18
6.582412773812211200e+17
3.923912621114030080e+17
-3.630762256671712640e+17
-5.254424438107997440e+17
1.302517148890890752e+18
3.025458540336993920e+17
3.751681140579054080e+17
1.785364212736135040e+17
-5.826440989047795200e+17
-1.197852926285445632e+18
-3.163423308587671680e+17
7.731063993547830400e+16
-3.506432978011524480e+17
1.651285317841581120e+17
4.939098986650863360e+17
-2.864799708421271040e+17
-3.749487227790603520e+17
3.548746120417185280e+17
-8.944962560907503360e+17
2.749732898534016000e+15
-1.086877667204053120e+17
-9.685689239887078400e+16
3.751151497899412480e+17
-1.368382687075289344e+18
-2.575885914793230080e+17
-4.215114599902291200e+17
-7.533335873219411200e+17
5.224380039581051520e+17
-1.464833210941089536e+18
1.434622866462292480e+17
-4.357893563356538240e+17
-4.361301705868796800e+17
3.458914702342087040e+17
1.080572224642796928e+18
4.693140479282606080e+17
-1.615902428857666816e+18
-4.651909082293932800e+17
-2.979641237210718080e+17
7.315094873632855040e+17
-7.567479760272442880e+17
2.387824750152174720e+17
-3.702151033573816960e+17
1.741718190407525120e+17
6.095574458999127040e+17
-4.289592028351678720e+17
1.101260961675222784e+18
5.306607912972257280e+17
6.221486914375196160e+17
-4.635069464721843200e+17
-3.953165804032870400e+17
-1.837229940699357440e+17
8.340422381513644800e+17
-1.828154558218098560e+17
-7.495469088512256000e+17
-8.473529773072999680e+17
6.593302987208481280e+17
1.568977756323601920e+17
-4.295235493046375680e+17
1.373375900849620992e+18
-1.162096215557648640e+17
1.077857591684974080e+18
-8.935428598650540800e+16
-3.631572211137158400e+17
4.397765349252680320e+17
5.958891476102063360e+17
-3.185885610570602880e+17
9.968647158796382720e+17
-1.454754566467799808e+18
2.182012501142664960e+17
-2.319433202815559680e+17
-7.424572245156668160e+17
7.157249826060249600e+17
-1.547357992057032640e+17
1.110728108400818688e+18
-7.227200225697551360e+17
2.620320375355006720e+17
-6.824276914830053120e+17
-1.310613507567936512e+18
-1.222445227817533440e+18
-3.855683836830202880e+17
-1.983601691548383680e+17
-7.619576426122950400e+17
-1.078186628513565568e+18
-6.303982973759206400e+17
-3.119910004063326720e+17
5.203074029585973760e+17
1.536474791240411840e+17
1.173268690082817024e+18
-1.012129057343794304e+18
5.349873340654503040e+17
1.065570960790229760e+17
-6.066463980528622080e+17
-3.675761527659150080e+17
-6.355577877879653120e+17
4.086965821233258880e+17
-7.602399782698977280e+17
1.559821454483974656e+18
2.214294723765487360e+17
-7.028085422361993600e+16
-3.468307405049125760e+17
-4.912797984178194560e+17
4.213523910858193280e+17
3.738034883629617280e+17
7.707281624083722240e+17
3.987456402644203520e+17
-1.273765468417852416e+18
-4.315974964741199360e+17
2.579984319530537920e+17
7.815058710563471360e+17
-1.739824150574813120e+17
-6.850143219395330560e+17
-7.427461256790594560e+17
1.601028410547327232e+18
4.371429837700621440e+17
-7.788468949166009600e+17
-2.186880550735385600e+17
2.049995105382135040e+17
1.120371971114567808e+18
-8.483667973893794560e+17
-6.506040651400650240e+17
-6.477794953975564800e+17
-3.163702009782732800e+17
-9.381364161606031360e+17
1.070814262293507584e+18
1.417634114819736576e+18
-8.620559352140195840e+17
-3.837903950568048640e+17
-1.419606722499115520e+18
3.106302775470639360e+17
3.658237811732184800e+16
3.389015094452326400e+17
1.510300450626077952e+18
8.554134640535443200e+16
-5.505583510008529920e+17
1.202571135813563136e+18
1.023408283453856640e+17
-2.002559965351746560e+17
1.456491240108663680e+17
-5.944674432721131520e+17
1.054657195061917440e+17
-4.750510325876055040e+17
-8.196531222022352640e+17
1.675009506565848320e+17
-6.709577517122074880e+17
4.494729441522860800e+17
9.823504288939129600e+16
-1.112232050619375360e+17
-6.022784378010777600e+17
6.436684079642997760e+17
1.950468802424592320e+17
9.923603394341150400e+16
3.809789970282571520e+17
-2.061358301535521280e+17
6.496122797354330880e+17
5.577331384045957120e+17
-7.393575347102373120e+17
-8.365815151591581440e+17
-1.917981611798628800e+17
-9.106113048777557760e+17
-7.763710023795816960e+17
-1.073552057818526976e+18
1.699232186689322496e+18
-1.361950929216428800e+16
4.462559245817561600e+17
-4.043151400716954880e+17
6.961086828150520320e+17
-1.089136896023712000e+18
1.169983512090390784e+18
-1.197423715609095424e+18
3.553313393914419200e+17
-3.190306354176469760e+17
-3.991631845028659840e+17
5.816873919741576960e+17
-1.315973272418324480e+18
5.471432881219968000e+16
-9.810787028791086080e+17
-3.358792977701699840e+17
1.725751365309502464e+18
-2.476235254929705472e+18
-3.751163656024789760e+17
-1.298805797172882688e+18
5.459976266076288000e+16
1.879143265365339200e+17
1.007782970192466560e+18
3.319378874654943360e+17
-7.341353215098612480e+17
9.301236248874092800e+16
-6.027267710087901440e+17
9.880784332593176320e+17
-4.178417353559262720e+17
-8.823665250745254400e+17
-6.032349632342410240e+17
7.565855851307888000e+15
1.317387958991437312e+18
-2.863963529097950400e+17
1.407267830809839104e+18
-2.046401639908224640e+17
8.306430360844331520e+17
8.765744273168064000e+17
5.817890163942808320e+17
1.086540349145722624e+18
4.369848764687347200e+17
-3.251643879802297600e+17
-4.848665385302297600e+16
-1.233510658653694880e+17
1.862393073984231680e+17
-2.743669550961859840e+17
-4.496850191680961920e+17
7.964277261131417600e+17
3.062493535677455360e+17
1.756905121020323072e+18
1.164821535385701376e+18
-1.610619399659511552e+18
8.833999374819770880e+17
1.825823363953829376e+18
8.347347083862976000e+16
1.161368476386051584e+18
-5.858585137850183680e+17
1.480283384423677440e+18
-1.264165882095859712e+18
1.401025380773411200e+16
-5.598172565097861760e+17
-2.644210953460199680e+17
4.117240456370272640e+17
-8.293924886956071680e+17
-1.247407676025140800e+17
-7.059172837927828480e+17
6.051652188412229120e+17
-1.147257288368481536e+18
-5.060236275193350400e+17
9.264248273260624000e+16
-4.944276117963869440e+17
-8.112638840436039680e+17
-2.803942387010396800e+17
-7.077953414276537600e+17
1.144322123206556416e+18
-1.125815947103531520e+17
1.779634497029594880e+18
-1.148224167481948160e+17
-5.195793324905459840e+17
-1.584025034522769920e+17
7.593951604380121600e+17
-8.078048976066304000e+17
5.994427009399337600e+16
-4.805786009058467200e+16
-7.392341108066772480e+17
7.820312290898590720e+17
1.126160584022274048e+18
-4.542575597000600320e+17
2.470734552334880000e+17
3.736955561827189760e+17
-2.294483935403533120e+17
-1.621040105156186112e+18
-9.169995502058827200e+16
-1.169367804461334400e+17
-7.472225759780416000e+17
7.424871409478086400e+16
7.955529232718048000e+17
1.188031774425697280e+18
-1.622060480861024000e+17
2.017904568884547200e+17
-7.205987481869652480e+17
1.310255531719756288e+18
9.867325919124774400e+16
-2.655792007776821760e+17
3.252037428429107200e+16
5.540817011212349440e+17
-8.370865280605254400e+17
3.313231625076396160e+17
-2.070832693016131840e+17
-1.216521917443990272e+18
1.124779596001409920e+18
-5.853465601044422400e+17
1.083425904596100608e+18
1.530507559189283840e+18
7.933897607088512000e+17
-3.934704778282507520e+17
-1.072055510883090944e+18
-7.562012140323435520e+17
-7.493856499608968960e+17
7.923059647097451520e+17
6.323294994907644160e+17
-1.385038592391409920e+18
-3.030210122520955520e+17
3.997098314072284160e+17
-2.281820369055740800e+17
-8.195622471728211200e+17
1.640639963623895552e+18
2.055460840310069760e+17
5.550766717293288320e+17
1.120738996818736512e+18
-5.287378098018368000e+17
4.215143165110821600e+16
-2.671376507427308800e+17
2.059278784704371840e+17
-1.350539024178637568e+18
4.272751810781269760e+17
1.282518308533129728e+18
9.565167817452126720e+17
3.371492197581004160e+17
-1.600967445502675520e+17
-1.133850054123588352e+18
-4.164465325350137600e+16
9.989064724555610880e+17
7.790188499055686400e+17
-1.288082266577586688e+18
-7.375419045346830080e+17
3.139517085645125120e+17
-1.293701252814389760e+18
-5.525241133156652160e+17
-4.514841089708208640e+17
1.489002218486522368e+18
1.065877785499309824e+18
5.572806203374947840e+17
-3.861616166921215360e+17
1.076345698953525504e+18
-1.384157906171847936e+18
7.127694956583358720e+17
-1.349333418880561152e+18
2.361588882503096320e+18
-3.599561886140792960e+17
-5.283590588696848000e+17
1.353186497408659200e+18
-8.142777168168043520e+17
7.067546010978233600e+17
-8.627879581132419840e+17
-3.247962670698869120e+17
2.322734793867918080e+17
-3.821487521898085760e+17
-3.153157247849598080e+17
-4.252138763117107200e+17
7.291452855621793280e+17
2.469666385034725120e+17
-6.348106848207984000e+16
1.184927711700499968e+18
-5.667980025829962880e+17
-1.287818781472599296e+18
-1.937024017980734720e+17
1.877596905026221056e+18
-1.587808074788288000e+15
-1.207725166943598848e+18
-1.180633386410052608e+18
7.968481044556412160e+17
6.024151533514219520e+17
-1.828131881696338240e+17
5.199577724273568640e+17
-1.110220323449296768e+18
1.195049854901391872e+18
2.052833104945038720e+17
2.438555410774197120e+17
3.927408798972106880e+17
4.688824993869848960e+17
5.383148115013978880e+17
-3.028222754954891520e+17
1.408380933867851776e+18
6.597226132420193280e+17
-6.149957107734589440e+17
-7.185076175299838720e+17
5.712769116375980800e+16
-3.911113508713215360e+17
8.492904697578384640e+17
1.398389558079485952e+18
-1.463140797822187008e+18
1.015493422879194368e+18
1.738265303339022400e+17
-3.889453369476660480e+17
6.180462045633794560e+17
3.188667954286268160e+17
6.214128386745264000e+16
-1.081077442905256960e+17
4.476881103488385280e+17
-3.699501144036577280e+17
4.396003391336225280e+17
-4.644926618300435840e+17
-1.103946785100642560e+18
-7.137976103959732480e+17
1.360343245548632640e+17
1.451567681793678080e+18
-9.669112713529528320e+17
2.483984522820688640e+17
-4.794744241902296960e+17
-4.191535453185580160e+17
-4.995380594928512000e+17
1.073912413858854784e+18
5.895437036352419840e+17
1.040799726643692288e+18
6.396158185755038720e+17
6.304867816720000000e+16
1.781100260456011264e+18
7.435669595807756800e+17
-8.343180705594371840e+17
1.304920746212029952e+18
-2.700850306810547200e+17
4.689396188731982080e+17
3.189174827865324800e+17
5.130776440577853440e+17
-7.097285892663124480e+17
6.167272732833464320e+17
1.389411199839297280e+17
-1.969243091826524800e+17
6.396482377801192960e+17
-4.867114301340912000e+15
-1.074617984297423360e+18
-5.785088308127846400e+16
-1.005406892481752064e+18
3.049243335203039360e+17
1.308507373449017856e+18
1.311470537962463488e+18
1.550469143102734592e+18
1.027623282574797312e+18
1.506548682544462400e+17
-6.364802309796313600e+17
8.361785366304032000e+17
3.536414704981857280e+17
7.580373844427368960e+17
-5.444292821686496000e+15
7.615110144752898560e+17
-1.532479702813271808e+18
7.197756390249218560e+17
-1.044019608996061056e+18
-8.082140119302743040e+17
9.880075552134188800e+17
-8.204871664374657280e+17
2.758445970818593600e+17
7.062522051228090880e+17
6.294847416736394240e+17
-1.596278155043626560e+17
-8.065528095326323200e+17
3.371026616090163200e+17
-8.358943652480712960e+17
9.948837691360259840e+17
-2.545136652637719360e+17
-9.923211502553063680e+17
-1.002179023617718080e+17
1.455946042855663360e+17
1.462059248119680000e+17
-9.792717515247206400e+16
1.393695780730797568e+18
-4.791666294438984960e+17
9.054088904539527680e+17
-1.554025671464184320e+17
-1.509545124749938880e+17
3.730669441692122240e+17
1.398730277931558400e+16
8.929676520859936000e+17
-1.867843418572929792e+18
-3.349465608185347840e+17
1.054542129599120000e+18
-2.987147792647987200e+16
5.868091335561826560e+17
-7.557484750304674560e+17
-9.996338717021793280e+17
4.758257472793282560e+17
1.194444581089733376e+18
-5.192178240986511360e+17
-1.241866220589726976e+18
1.257961647711624960e+17
1.060440031066371328e+18
1.203434747018544000e+17
4.762639407426486400e+16
-7.785463221432730880e+17
-4.033480495448881920e+17
9.309466631040304640e+17
6.408736278093479680e+17
-8.198871510829436160e+17
1.329081417295844352e+18
-1.381291667364831360e+17
9.729399219725984000e+17
-7.814987790800800000e+16
1.797474043806537216e+18
5.531612563742438400e+16
1.260758302394131840e+17
2.299389380152106240e+17
5.859166310744192000e+16
1.028277388611875328e+18
-7.405367934111348800e+16
-3.503965392193856640e+17
-1.710184414195867520e+17
-1.884879040652083200e+16
6.314707120195740160e+17
2.128081666842286080e+17
-2.184295023904969280e+17
5.802560748184704000e+17
-4.255060641121828480e+17
-2.964456003682453760e+17
-8.589177163867808000e+17
-1.247484887315194880e+18
-3.604028281532759680e+17
8.459419368912558080e+17
-2.447996461141335040e+17
-6.314882370708674560e+17
-8.664354921290613760e+17
8.231690227942082560e+17
-8.601189171907965440e+17
2.236501873608491840e+17
-5.096598190211305600e+17
-6.923331386707425280e+17
1.488568574067470720e+17
-7.547738803919809280e+17
-4.192039117115467520e+17
2.375708792947327680e+17
-3.850839279564154880e+17
1.587487817998153600e+17
2.168314229440945600e+17
3.933001043901861120e+17
3.983146105817048320e+17
-3.823091363592220160e+17
-1.273860304697578496e+18
-1.093426937539680000e+18
-4.100260508914909440e+17
-1.808551037222822400e+16
1.623119019946957312e+18
-1.098205626026550016e+18
-1.073767480146118016e+18
-4.986280491096515200e+16
-1.639661460107832320e+17
-8.535410853366794240e+17
-3.663476177291098240e+17
-2.214541801137208640e+17
7.121545012503692800e+17
-1.735375129492000000e+17
-1.064750587659951744e+18
4.019945984849756160e+17
-3.227629894836944640e+17
2.505648224630768640e+17
4.229706928498714240e+17
8.253678481077726720e+17
8.774825370845848320e+17
-7.472627104204869120e+17
4.729781840458167040e+17
-8.768143941146044160e+17
-5.142563511619633280e+17
-2.647322073694370560e+17
7.257282317352440320e+17
-9.670675360064440320e+17
7.701286969812033280e+17
1.170103429921271552e+18
-1.009112062759300608e+18
4.321431520187838080e+17
-6.162169948492435200e+16
3.402255589775478400e+17
1.121041446883309696e+18
-1.337933924447433280e+17
1.756504076255433600e+17
-9.595907407348544000e+15
-1.900052967688758080e+17
-4.380746837440967040e+17
6.169467565823005440e+17
4.802357399291518720e+17
1.244565306301744000e+17
4.503986880915806720e+17
6.570233099358071040e+17
-4.454884616298547200e+17
-1.196623881252427520e+18
-1.233902113520295936e+18
1.551992306975904256e+18
7.234799676681827840e+17
-4.228114170027508480e+17
-2.926883050533277440e+17
9.301583141688120320e+17
9.680419933067358720e+17
-1.052020025945244672e+18
-5.758945844140684800e+17
-3.550269217870770560e+17
6.949861241908487680e+17
-9.410376142112890880e+17
3.564000160012327040e+17
-9.733336708491924800e+16
1.603371438027326080e+17
-1.061142520678171904e+18
1.409089404901192192e+18
-6.793371354029428480e+17
-1.651300018290692096e+18
8.674001401463769600e+16
-8.371079745672144640e+17
-1.212052486300992000e+17
4.178562539750037760e+17
-1.727656851482418560e+17
1.768622656455363584e+18
-8.031172236805899520e+17
-4.209113361452898560e+17
1.768038799055992960e+17
-3.965059895006071040e+17
3.937804154743473280e+17
3.952381688838447360e+17
6.589605747638184960e+17
-9.663743255244921600e+16
2.179705724022429440e+17
3.696191422345166400e+16
1.297175644013787136e+18
9.748798916654355200e+17
9.302157624437296640e+17
9.441013527724428800e+16
1.409975800671491072e+18
-2.849228482414310400e+16
-1.372096221181733632e+18
-5.688492065701954560e+17
3.544370790350095360e+17
-7.820730007514878720e+17
-3.099945477557336960e+17
-6.723232248759916800e+17
-9.628654574084492800e+17
8.592533297793030400e+16
1.350005805364317760e+17
-2.551089265200371200e+17
-9.701691500769816320e+17
1.653862097076912000e+17
1.224829114856987392e+18
-5.146844553099278080e+17
2.966073463515613440e+17
-8.515760780620288000e+15
-8.091306769713226240e+17
9.850300237961893120e+17
2.612536508460968320e+17
-9.903949128166726400e+17
7.634204457909359360e+17
2.514169566907482880e+17
1.514884009101276800e+17
4.860397735454987520e+17
8.365721892200816640e+17
8.382405262417322240e+17
1.105975398605854976e+18
7.136540205596547840e+17
9.911963829331814400e+16
5.826910497705593600e+16
8.394133455766504960e+17
3.771088961187460480e+17
3.490152621407390080e+17
1.277845804118807040e+18
3.515820988366680960e+17
9.215117793120881920e+17
-1.218460624250588480e+17
6.330956150554419200e+17
-1.635601118088428800e+18
-1.070009341082863360e+18
2.760291583370874880e+17
2.575931103255690240e+17
1.406043620185607360e+17
-3.835743563235782400e+16
1.350169091140241920e+17
6.392278163187040000e+17
-3.773888993450091520e+17
8.870664151384243200e+17
-2.754343615067047680e+17
-3.900144606189149440e+17
6.563447400485376000e+15
-1.577288336069127680e+17
-5.526659976723840000e+17
1.650550957456723520e+17
3.142996470284896000e+17
1.945286213383680640e+17
-8.768617765950273280e+17
4.419079566769159680e+17
2.531567112871264000e+16
-9.876812117862588800e+16
-1.821193800013187200e+17
1.409151675082928000e+16
-1.319332671142056960e+17
-3.610262340350928640e+17
-7.544485583329815040e+17
-1.266934623829677056e+18
7.240859508811912960e+17
-2.481451860611714560e+17
-9.349315225897885440e+17
-2.599949294756489280e+17
-4.480589624509122560e+17
-1.397144485895011328e+18
-2.121614133234635200e+17
5.580485753928550400e+17
9.853946529550112000e+17
1.735681555470432000e+17
-6.638533416705066240e+17
1.145939325001025792e+18
-7.462729000281585920e+17
1.487788550240307456e+18
1.009689313466478976e+18
5.378760096526813440e+17
4.042603887872371200e+17
1.494362261169088512e+18
1.648315179943758080e+18
-1.666512643362095360e+17
-3.331834205392632320e+17
2.204929009864542080e+17
-1.078327931091580160e+17
-6.771926573437411840e+17
-3.359919978828986240e+17
1.229770459289628416e+18
-1.180535947559877120e+18
4.521701392579454080e+17
-1.232308304181330688e+18
-3.092452432535122560e+17
4.415139023233170560e+17
5.105053628678666240e+17
-7.495445622757664000e+17
5.105155100927292160e+17
1.452193095387126400e+17
-1.424280437913881600e+16
1.891070757312338880e+17
-7.751760966459581440e+17
4.790321042658417920e+17
7.352760329861084800e+16
1.011911383982107648e+18
-2.002703469384327680e+17
-1.082980053982782720e+18
7.326909571226965760e+17
