1.000000000000000194e-02
2.000000000000000389e-02
3.000000000000000583e-02
4.000000000000000777e-02
5.000000000000000971e-02
6.000000000000001166e-02
7.000000000000000666e-02
8.000000000000001554e-02
9.000000000000001055e-02
1.000000000000000194e-01
1.100000000000000144e-01
1.200000000000000233e-01
1.300000000000000044e-01
1.400000000000000133e-01
1.500000000000000222e-01
1.600000000000000311e-01
1.700000000000000122e-01
1.800000000000000211e-01
1.900000000000000022e-01
2.000000000000000389e-01
2.100000000000000200e-01
2.200000000000000289e-01
2.300000000000000377e-01
2.400000000000000466e-01
2.500000000000000000e-01
2.600000000000000089e-01
2.700000000000000178e-01
2.800000000000000266e-01
2.900000000000000355e-01
3.000000000000000444e-01
3.099999999999999978e-01
3.200000000000000622e-01
3.300000000000000711e-01
3.400000000000000244e-01
3.500000000000000333e-01
3.600000000000000422e-01
3.699999999999999956e-01
3.800000000000000044e-01
3.900000000000000688e-01
4.000000000000000777e-01
4.100000000000000311e-01
4.200000000000000400e-01
4.300000000000001044e-01
4.400000000000000577e-01
4.500000000000000666e-01
4.600000000000000755e-01
4.700000000000000289e-01
4.800000000000000933e-01
4.900000000000000466e-01
5.000000000000000000e-01
5.100000000000000089e-01
5.200000000000000178e-01
5.300000000000000266e-01
5.400000000000000355e-01
5.500000000000000444e-01
5.600000000000000533e-01
5.700000000000000622e-01
5.800000000000000711e-01
5.899999999999999689e-01
6.000000000000000888e-01
6.099999999999999867e-01
6.199999999999999956e-01
6.300000000000001155e-01
6.400000000000001243e-01
6.500000000000000222e-01
6.600000000000001421e-01
6.700000000000000400e-01
6.800000000000000488e-01
6.900000000000000577e-01
7.000000000000000666e-01
7.099999999999999645e-01
7.200000000000000844e-01
7.299999999999999822e-01
7.399999999999999911e-01
7.500000000000000000e-01
7.600000000000000089e-01
7.700000000000000178e-01
7.800000000000001377e-01
7.900000000000000355e-01
8.000000000000001554e-01
8.100000000000000533e-01
8.200000000000000622e-01
8.300000000000000711e-01
8.400000000000000799e-01
8.499999999999999778e-01
8.600000000000002087e-01
8.700000000000001066e-01
8.800000000000001155e-01
8.900000000000001243e-01
9.000000000000001332e-01
9.100000000000000311e-01
9.200000000000001510e-01
9.300000000000000488e-01
9.400000000000000577e-01
9.500000000000001776e-01
9.600000000000001865e-01
9.700000000000000844e-01
9.800000000000000933e-01
9.899999999999999911e-01
1.000000000000000000e+00
1.010000000000000231e+00
1.020000000000000018e+00
1.030000000000000027e+00
1.040000000000000036e+00
1.050000000000000266e+00
1.060000000000000053e+00
1.070000000000000062e+00
1.080000000000000071e+00
1.090000000000000080e+00
1.100000000000000089e+00
1.110000000000000098e+00
1.120000000000000107e+00
1.130000000000000115e+00
1.140000000000000124e+00
1.150000000000000133e+00
1.160000000000000142e+00
1.170000000000000151e+00
1.179999999999999938e+00
1.189999999999999947e+00
1.200000000000000178e+00
1.210000000000000187e+00
1.219999999999999973e+00
1.229999999999999982e+00
1.239999999999999991e+00
1.250000000000000000e+00
1.260000000000000231e+00
1.270000000000000018e+00
1.280000000000000249e+00
1.290000000000000036e+00
1.300000000000000044e+00
1.310000000000000275e+00
1.320000000000000284e+00
1.330000000000000293e+00
1.340000000000000080e+00
1.350000000000000089e+00
1.360000000000000098e+00
1.370000000000000329e+00
1.380000000000000115e+00
1.390000000000000124e+00
1.400000000000000133e+00
1.410000000000000142e+00
1.419999999999999929e+00
1.430000000000000160e+00
1.440000000000000169e+00
1.450000000000000178e+00
1.459999999999999964e+00
1.469999999999999973e+00
1.479999999999999982e+00
1.490000000000000435e+00
1.500000000000000000e+00
1.510000000000000231e+00
1.520000000000000018e+00
1.530000000000000249e+00
1.540000000000000036e+00
1.550000000000000266e+00
1.560000000000000275e+00
1.570000000000000284e+00
1.580000000000000071e+00
1.590000000000000080e+00
1.600000000000000311e+00
1.610000000000000320e+00
1.620000000000000107e+00
1.630000000000000115e+00
1.640000000000000124e+00
1.650000000000000133e+00
1.660000000000000142e+00
1.670000000000000151e+00
1.680000000000000160e+00
1.690000000000000169e+00
1.699999999999999956e+00
1.709999999999999964e+00
1.720000000000000417e+00
1.730000000000000204e+00
1.740000000000000213e+00
1.750000000000000000e+00
1.760000000000000231e+00
1.770000000000000018e+00
1.780000000000000249e+00
1.790000000000000258e+00
1.800000000000000266e+00
1.810000000000000275e+00
1.820000000000000062e+00
1.830000000000000071e+00
1.840000000000000302e+00
1.850000000000000533e+00
1.860000000000000098e+00
1.869999999999999885e+00
1.880000000000000115e+00
1.890000000000000346e+00
1.900000000000000355e+00
1.910000000000000142e+00
1.920000000000000373e+00
1.930000000000000160e+00
1.940000000000000169e+00
1.950000000000000400e+00
1.960000000000000187e+00
1.970000000000000417e+00
1.979999999999999982e+00
1.990000000000000213e+00
2.000000000000000000e+00
2.010000000000000231e+00
2.020000000000000462e+00
2.030000000000000249e+00
2.040000000000000036e+00
2.049999999999999822e+00
2.060000000000000053e+00
2.070000000000000284e+00
2.080000000000000071e+00
2.090000000000000302e+00
2.100000000000000533e+00
2.110000000000000320e+00
2.120000000000000107e+00
2.130000000000000338e+00
2.140000000000000124e+00
2.150000000000000355e+00
2.160000000000000142e+00
2.170000000000000373e+00
2.180000000000000160e+00
2.190000000000000391e+00
2.200000000000000178e+00
2.209999999999999964e+00
2.220000000000000195e+00
2.229999999999999982e+00
2.240000000000000213e+00
2.250000000000000444e+00
2.260000000000000231e+00
2.270000000000000462e+00
2.280000000000000249e+00
2.290000000000000036e+00
2.300000000000000266e+00
2.310000000000000497e+00
2.320000000000000284e+00
2.330000000000000071e+00
2.340000000000000302e+00
2.350000000000000533e+00
2.359999999999999876e+00
2.369999999999999662e+00
2.379999999999999893e+00
2.390000000000000568e+00
2.400000000000000355e+00
2.410000000000000586e+00
2.420000000000000373e+00
2.430000000000000604e+00
2.439999999999999947e+00
2.450000000000000178e+00
2.459999999999999964e+00
2.470000000000000195e+00
2.479999999999999982e+00
2.490000000000000213e+00
2.500000000000000000e+00
2.510000000000000675e+00
2.520000000000000462e+00
2.530000000000000249e+00
2.540000000000000036e+00
2.550000000000000266e+00
2.560000000000000497e+00
2.570000000000000284e+00
2.580000000000000071e+00
2.590000000000000302e+00
2.600000000000000089e+00
2.609999999999999876e+00
2.620000000000000551e+00
2.630000000000000338e+00
2.640000000000000568e+00
2.650000000000000355e+00
2.660000000000000586e+00
2.670000000000000373e+00
2.680000000000000160e+00
2.689999999999999947e+00
2.700000000000000178e+00
2.709999999999999964e+00
2.720000000000000195e+00
2.729999999999999982e+00
2.740000000000000657e+00
2.750000000000000444e+00
2.760000000000000231e+00
2.770000000000000462e+00
2.780000000000000249e+00
2.790000000000000036e+00
2.800000000000000266e+00
2.810000000000000497e+00
2.820000000000000284e+00
2.830000000000000071e+00
2.839999999999999858e+00
2.850000000000000089e+00
2.860000000000000320e+00
2.870000000000000551e+00
2.880000000000000338e+00
2.890000000000000568e+00
2.900000000000000355e+00
2.910000000000000586e+00
2.919999999999999929e+00
2.930000000000000160e+00
2.939999999999999947e+00
2.950000000000000178e+00
2.959999999999999964e+00
2.970000000000000639e+00
2.980000000000000870e+00
2.990000000000000657e+00
3.000000000000000000e+00
3.010000000000000231e+00
3.020000000000000462e+00
3.030000000000000249e+00
3.040000000000000036e+00
3.050000000000000266e+00
3.060000000000000497e+00
3.070000000000000284e+00
3.080000000000000071e+00
3.090000000000000302e+00
3.100000000000000533e+00
3.110000000000000320e+00
3.120000000000000551e+00
3.130000000000000338e+00
3.140000000000000568e+00
3.150000000000000355e+00
3.160000000000000142e+00
3.169999999999999929e+00
3.180000000000000160e+00
3.189999999999999947e+00
3.200000000000000622e+00
3.210000000000000409e+00
3.220000000000000639e+00
3.230000000000000426e+00
3.240000000000000213e+00
3.250000000000000000e+00
3.260000000000000231e+00
3.270000000000000462e+00
3.280000000000000249e+00
3.290000000000000036e+00
3.300000000000000266e+00
3.310000000000000497e+00
3.320000000000000284e+00
3.330000000000000515e+00
3.340000000000000302e+00
3.350000000000000533e+00
3.360000000000000320e+00
3.370000000000000551e+00
3.380000000000000338e+00
3.390000000000000568e+00
3.399999999999999911e+00
3.410000000000000142e+00
3.419999999999999929e+00
3.430000000000000160e+00
3.440000000000000835e+00
3.450000000000000622e+00
3.460000000000000409e+00
3.470000000000000639e+00
3.480000000000000426e+00
3.490000000000000213e+00
3.500000000000000000e+00
3.510000000000000231e+00
3.520000000000000462e+00
3.530000000000000249e+00
3.540000000000000036e+00
3.550000000000000711e+00
3.560000000000000497e+00
3.570000000000000284e+00
3.580000000000000515e+00
3.590000000000000302e+00
3.600000000000000533e+00
3.610000000000000320e+00
3.620000000000000551e+00
3.630000000000000338e+00
3.640000000000000124e+00
3.649999999999999911e+00
3.660000000000000142e+00
3.670000000000000373e+00
3.680000000000000604e+00
3.690000000000000835e+00
3.700000000000001066e+00
3.710000000000000409e+00
3.720000000000000195e+00
3.730000000000000426e+00
3.739999999999999769e+00
3.750000000000000000e+00
3.760000000000000231e+00
3.770000000000000462e+00
3.780000000000000693e+00
3.790000000000000480e+00
3.800000000000000711e+00
3.810000000000000053e+00
3.820000000000000284e+00
3.830000000000000515e+00
3.840000000000000746e+00
3.850000000000000089e+00
3.860000000000000320e+00
3.870000000000000551e+00
3.880000000000000338e+00
3.889999999999999680e+00
3.900000000000000799e+00
3.910000000000001030e+00
3.920000000000000373e+00
3.930000000000000604e+00
3.940000000000000835e+00
3.950000000000000178e+00
3.959999999999999964e+00
3.970000000000000195e+00
3.980000000000000426e+00
3.990000000000000657e+00
4.000000000000000000e+00
4.009999999999999787e+00
4.020000000000000462e+00
4.030000000000000249e+00
4.040000000000000924e+00
4.050000000000000711e+00
4.060000000000000497e+00
4.070000000000000284e+00
4.080000000000000071e+00
4.090000000000000746e+00
4.099999999999999645e+00
4.110000000000000320e+00
4.120000000000000107e+00
4.130000000000000782e+00
4.140000000000000568e+00
4.150000000000000355e+00
4.160000000000000142e+00
4.169999999999999929e+00
4.180000000000000604e+00
4.190000000000000391e+00
4.200000000000001066e+00
4.209999999999999964e+00
4.220000000000000639e+00
4.230000000000000426e+00
4.240000000000000213e+00
4.250000000000000888e+00
4.260000000000000675e+00
4.270000000000000462e+00
4.280000000000000249e+00
4.290000000000000924e+00
4.300000000000000711e+00
4.310000000000000497e+00
4.320000000000000284e+00
4.330000000000000071e+00
4.340000000000000746e+00
4.349999999999999645e+00
4.360000000000000320e+00
4.370000000000000107e+00
4.380000000000000782e+00
4.390000000000000568e+00
4.400000000000000355e+00
4.410000000000001030e+00
4.419999999999999929e+00
4.430000000000000604e+00
4.440000000000000391e+00
4.450000000000000178e+00
4.459999999999999964e+00
4.470000000000000639e+00
4.480000000000000426e+00
4.490000000000000213e+00
4.500000000000000888e+00
4.510000000000000675e+00
4.520000000000000462e+00
4.530000000000000249e+00
4.540000000000000924e+00
4.550000000000000711e+00
4.560000000000000497e+00
4.570000000000001172e+00
4.580000000000000071e+00
4.590000000000000746e+00
4.600000000000000533e+00
4.610000000000001208e+00
4.620000000000000995e+00
4.630000000000000782e+00
4.640000000000000568e+00
4.650000000000000355e+00
4.660000000000000142e+00
4.669999999999999929e+00
4.680000000000000604e+00
4.690000000000000391e+00
4.700000000000001066e+00
4.709999999999999964e+00
4.719999999999999751e+00
4.730000000000000426e+00
4.739999999999999325e+00
4.750000000000000000e+00
4.759999999999999787e+00
4.770000000000000462e+00
4.780000000000001137e+00
4.790000000000000924e+00
4.800000000000000711e+00
4.810000000000000497e+00
4.820000000000001172e+00
4.830000000000000959e+00
4.840000000000000746e+00
4.850000000000000533e+00
4.860000000000001208e+00
4.870000000000000107e+00
4.879999999999999893e+00
4.890000000000000568e+00
4.900000000000000355e+00
4.910000000000001030e+00
4.919999999999999929e+00
4.930000000000000604e+00
4.940000000000000391e+00
4.950000000000000178e+00
4.959999999999999964e+00
4.969999999999999751e+00
4.980000000000000426e+00
4.990000000000000213e+00
5.000000000000000000e+00
5.010000000000000675e+00
5.020000000000001350e+00
5.030000000000001137e+00
5.040000000000000924e+00
5.050000000000000711e+00
5.060000000000000497e+00
5.070000000000001172e+00
5.080000000000000071e+00
5.090000000000000746e+00
5.100000000000000533e+00
5.110000000000000320e+00
5.120000000000000995e+00
5.129999999999999893e+00
5.140000000000000568e+00
5.150000000000000355e+00
5.160000000000000142e+00
5.169999999999999929e+00
5.180000000000000604e+00
5.190000000000000391e+00
5.200000000000000178e+00
5.209999999999999964e+00
5.219999999999999751e+00
5.230000000000000426e+00
5.240000000000001101e+00
5.250000000000001776e+00
5.260000000000000675e+00
5.270000000000000462e+00
5.280000000000001137e+00
5.290000000000000036e+00
5.300000000000000711e+00
5.310000000000000497e+00
5.320000000000001172e+00
5.330000000000000959e+00
5.340000000000000746e+00
5.350000000000000533e+00
5.360000000000000320e+00
5.370000000000000107e+00
5.379999999999999893e+00
5.390000000000000568e+00
5.400000000000000355e+00
5.410000000000001030e+00
5.419999999999999929e+00
5.430000000000000604e+00
5.440000000000000391e+00
5.449999999999999289e+00
5.459999999999999964e+00
5.470000000000000639e+00
5.480000000000001315e+00
5.490000000000001101e+00
5.500000000000000888e+00
5.510000000000000675e+00
5.520000000000000462e+00
5.530000000000001137e+00
5.540000000000000924e+00
5.550000000000000711e+00
5.560000000000000497e+00
5.570000000000001172e+00
5.580000000000000071e+00
5.590000000000000746e+00
5.600000000000000533e+00
5.610000000000000320e+00
5.620000000000000995e+00
5.629999999999999893e+00
5.640000000000000568e+00
5.650000000000000355e+00
5.660000000000000142e+00
5.669999999999999929e+00
5.679999999999999716e+00
5.690000000000000391e+00
5.700000000000000178e+00
5.710000000000000853e+00
5.720000000000000639e+00
5.730000000000001315e+00
5.740000000000001101e+00
5.750000000000000888e+00
5.760000000000000675e+00
5.770000000000000462e+00
5.780000000000001137e+00
5.790000000000000036e+00
5.800000000000000711e+00
5.810000000000000497e+00
5.820000000000001172e+00
5.830000000000000959e+00
5.839999999999999858e+00
5.850000000000000533e+00
5.860000000000000320e+00
5.870000000000000107e+00
5.879999999999999893e+00
5.890000000000000568e+00
5.900000000000000355e+00
5.910000000000000142e+00
5.919999999999999929e+00
5.929999999999999716e+00
5.940000000000001279e+00
5.950000000000001066e+00
5.960000000000001741e+00
5.970000000000000639e+00
5.980000000000001315e+00
5.990000000000001101e+00
6.000000000000000000e+00
6.010000000000000675e+00
6.020000000000000462e+00
6.030000000000001137e+00
6.040000000000000924e+00
6.050000000000000711e+00
6.060000000000000497e+00
6.070000000000000284e+00
6.080000000000000071e+00
6.089999999999999858e+00
6.100000000000000533e+00
6.110000000000000320e+00
6.120000000000000995e+00
6.129999999999999893e+00
6.140000000000000568e+00
6.150000000000000355e+00
6.160000000000000142e+00
6.170000000000001705e+00
6.180000000000000604e+00
6.190000000000001279e+00
6.200000000000001066e+00
6.210000000000000853e+00
6.220000000000000639e+00
6.230000000000000426e+00
6.240000000000001101e+00
6.250000000000000888e+00
6.260000000000000675e+00
6.270000000000000462e+00
6.280000000000001137e+00
6.290000000000000036e+00
6.300000000000000711e+00
6.310000000000000497e+00
6.320000000000000284e+00
6.330000000000000959e+00
6.339999999999999858e+00
6.350000000000000533e+00
6.360000000000000320e+00
6.370000000000000107e+00
6.379999999999999893e+00
6.390000000000000568e+00
6.400000000000001243e+00
6.410000000000001030e+00
6.420000000000000817e+00
6.430000000000000604e+00
6.440000000000001279e+00
6.450000000000001066e+00
6.460000000000000853e+00
6.470000000000000639e+00
6.480000000000000426e+00
6.490000000000001101e+00
6.500000000000000000e+00
6.510000000000000675e+00
6.520000000000000462e+00
6.530000000000001137e+00
6.540000000000000924e+00
6.550000000000000711e+00
6.560000000000000497e+00
6.570000000000000284e+00
6.580000000000000071e+00
6.589999999999999858e+00
6.600000000000000533e+00
6.610000000000000320e+00
6.620000000000000995e+00
6.629999999999999893e+00
6.640000000000000568e+00
6.650000000000001243e+00
6.660000000000001030e+00
6.670000000000001705e+00
6.680000000000000604e+00
6.690000000000001279e+00
6.700000000000001066e+00
6.710000000000000853e+00
6.720000000000000639e+00
6.730000000000000426e+00
6.740000000000001101e+00
6.750000000000000888e+00
6.760000000000000675e+00
6.770000000000000462e+00
6.780000000000001137e+00
6.790000000000000036e+00
6.799999999999999822e+00
6.810000000000000497e+00
6.820000000000000284e+00
6.830000000000000959e+00
6.839999999999999858e+00
6.850000000000000533e+00
6.860000000000000320e+00
6.870000000000000995e+00
6.880000000000001670e+00
6.890000000000000568e+00
6.900000000000001243e+00
6.910000000000001030e+00
6.920000000000000817e+00
6.930000000000000604e+00
6.940000000000001279e+00
6.950000000000001066e+00
6.960000000000000853e+00
6.970000000000000639e+00
6.980000000000000426e+00
6.990000000000001101e+00
7.000000000000000000e+00
7.010000000000000675e+00
7.020000000000000462e+00
7.030000000000000249e+00
7.040000000000000924e+00
7.049999999999999822e+00
7.060000000000000497e+00
7.070000000000000284e+00
7.080000000000000071e+00
7.089999999999999858e+00
7.100000000000001421e+00
7.110000000000001208e+00
7.120000000000000995e+00
7.130000000000000782e+00
7.140000000000000568e+00
7.150000000000001243e+00
7.160000000000001030e+00
7.170000000000001705e+00
7.180000000000000604e+00
7.190000000000000391e+00
7.200000000000001066e+00
7.209999999999999964e+00
7.220000000000000639e+00
7.230000000000000426e+00
7.240000000000001101e+00
7.250000000000000888e+00
7.260000000000000675e+00
7.270000000000000462e+00
7.280000000000000249e+00
7.290000000000000036e+00
7.299999999999999822e+00
7.310000000000000497e+00
7.320000000000000284e+00
7.330000000000000959e+00
7.340000000000000746e+00
7.350000000000000533e+00
7.360000000000001208e+00
7.370000000000000995e+00
7.380000000000001670e+00
7.390000000000001457e+00
7.400000000000002132e+00
7.410000000000000142e+00
7.420000000000000817e+00
7.430000000000000604e+00
7.440000000000000391e+00
7.450000000000001066e+00
7.460000000000000853e+00
7.470000000000001528e+00
7.479999999999999538e+00
7.490000000000000213e+00
7.500000000000000000e+00
7.510000000000000675e+00
7.520000000000000462e+00
7.530000000000000249e+00
7.540000000000000924e+00
7.550000000000000711e+00
7.560000000000001386e+00
7.570000000000001172e+00
7.580000000000000959e+00
7.590000000000001634e+00
7.600000000000001421e+00
7.610000000000000320e+00
7.620000000000000107e+00
7.630000000000000782e+00
7.640000000000000568e+00
7.650000000000001243e+00
7.660000000000001030e+00
7.670000000000000817e+00
7.680000000000001492e+00
7.690000000000001279e+00
7.700000000000000178e+00
7.709999999999999964e+00
7.720000000000000639e+00
7.730000000000000426e+00
7.740000000000001101e+00
7.750000000000000888e+00
7.760000000000000675e+00
7.769999999999999574e+00
7.779999999999999361e+00
7.790000000000000036e+00
7.800000000000001599e+00
7.810000000000001386e+00
7.820000000000002061e+00
7.830000000000000959e+00
7.840000000000000746e+00
7.850000000000000533e+00
7.860000000000001208e+00
7.870000000000000995e+00
7.880000000000001670e+00
7.890000000000001457e+00
7.900000000000000355e+00
7.910000000000000142e+00
7.919999999999999929e+00
7.930000000000000604e+00
7.940000000000000391e+00
7.950000000000001066e+00
7.960000000000000853e+00
7.970000000000001528e+00
7.980000000000001315e+00
7.990000000000000213e+00
8.000000000000000000e+00
8.009999999999999787e+00
8.019999999999999574e+00
8.030000000000001137e+00
8.040000000000000924e+00
8.050000000000000711e+00
8.060000000000000497e+00
8.070000000000000284e+00
8.080000000000001847e+00
8.090000000000001634e+00
8.100000000000001421e+00
8.110000000000001208e+00
8.120000000000000995e+00
8.130000000000000782e+00
8.140000000000000568e+00
8.150000000000000355e+00
8.160000000000000142e+00
8.170000000000001705e+00
8.180000000000001492e+00
8.189999999999999503e+00
8.199999999999999289e+00
8.210000000000000853e+00
8.220000000000000639e+00
8.230000000000000426e+00
8.240000000000000213e+00
8.250000000000000000e+00
8.260000000000001563e+00
8.270000000000001350e+00
8.280000000000001137e+00
8.290000000000000924e+00
8.300000000000000711e+00
8.310000000000002274e+00
8.320000000000000284e+00
8.330000000000000071e+00
8.339999999999999858e+00
8.350000000000001421e+00
8.360000000000001208e+00
8.370000000000000995e+00
8.380000000000000782e+00
8.390000000000000568e+00
8.400000000000002132e+00
8.410000000000000142e+00
8.419999999999999929e+00
8.429999999999999716e+00
8.440000000000001279e+00
8.450000000000001066e+00
8.460000000000000853e+00
8.470000000000000639e+00
8.480000000000000426e+00
8.490000000000000213e+00
8.500000000000001776e+00
8.510000000000001563e+00
8.520000000000001350e+00
8.530000000000001137e+00
8.540000000000000924e+00
8.550000000000000711e+00
8.560000000000000497e+00
8.570000000000000284e+00
8.580000000000001847e+00
8.590000000000001634e+00
8.600000000000001421e+00
8.609999999999999432e+00
8.620000000000000995e+00
8.630000000000000782e+00
8.640000000000000568e+00
8.650000000000000355e+00
8.660000000000000142e+00
8.670000000000001705e+00
8.680000000000001492e+00
8.690000000000001279e+00
8.699999999999999289e+00
8.710000000000000853e+00
8.720000000000000639e+00
8.730000000000002203e+00
8.740000000000000213e+00
8.750000000000000000e+00
8.760000000000001563e+00
8.770000000000001350e+00
8.780000000000001137e+00
8.790000000000000924e+00
8.800000000000000711e+00
8.810000000000002274e+00
8.820000000000002061e+00
8.830000000000000071e+00
8.839999999999999858e+00
8.850000000000001421e+00
8.860000000000001208e+00
8.870000000000000995e+00
8.880000000000000782e+00
8.890000000000000568e+00
8.900000000000000355e+00
8.910000000000000142e+00
8.919999999999999929e+00
8.929999999999999716e+00
8.940000000000001279e+00
8.950000000000001066e+00
8.960000000000000853e+00
8.970000000000000639e+00
8.980000000000000426e+00
8.990000000000001990e+00
9.000000000000001776e+00
9.010000000000001563e+00
9.020000000000001350e+00
9.030000000000001137e+00
9.040000000000000924e+00
9.050000000000000711e+00
9.060000000000000497e+00
9.070000000000000284e+00
9.080000000000001847e+00
9.090000000000001634e+00
9.100000000000001421e+00
9.110000000000001208e+00
9.120000000000000995e+00
9.130000000000000782e+00
9.140000000000002345e+00
9.150000000000000355e+00
9.160000000000000142e+00
9.170000000000001705e+00
9.180000000000001492e+00
9.189999999999999503e+00
9.200000000000001066e+00
9.209999999999999076e+00
9.220000000000002416e+00
9.230000000000000426e+00
9.240000000000001990e+00
9.250000000000000000e+00
9.260000000000001563e+00
9.270000000000001350e+00
9.280000000000001137e+00
9.289999999999999147e+00
9.300000000000000711e+00
9.310000000000002274e+00
9.320000000000000284e+00
9.330000000000001847e+00
9.339999999999999858e+00
9.350000000000001421e+00
9.360000000000001208e+00
9.370000000000002771e+00
9.380000000000000782e+00
9.390000000000000568e+00
9.400000000000002132e+00
9.410000000000001918e+00
9.419999999999999929e+00
9.430000000000001492e+00
9.439999999999999503e+00
9.450000000000001066e+00
9.460000000000000853e+00
9.470000000000000639e+00
9.479999999999998650e+00
9.490000000000001990e+00
9.500000000000000000e+00
9.510000000000001563e+00
9.519999999999999574e+00
9.530000000000001137e+00
9.540000000000000924e+00
9.550000000000000711e+00
9.560000000000002274e+00
9.570000000000000284e+00
9.580000000000001847e+00
9.590000000000001634e+00
9.600000000000001421e+00
9.609999999999999432e+00
9.620000000000000995e+00
9.630000000000000782e+00
9.640000000000002345e+00
9.650000000000000355e+00
9.660000000000001918e+00
9.669999999999999929e+00
9.680000000000001492e+00
9.690000000000001279e+00
9.700000000000001066e+00
9.709999999999999076e+00
9.720000000000002416e+00
9.730000000000000426e+00
9.740000000000000213e+00
9.750000000000000000e+00
9.759999999999999787e+00
9.769999999999999574e+00
9.780000000000001137e+00
9.790000000000002700e+00
9.800000000000000711e+00
9.810000000000002274e+00
9.820000000000002061e+00
9.830000000000001847e+00
9.839999999999999858e+00
9.850000000000001421e+00
9.860000000000001208e+00
9.870000000000000995e+00
9.880000000000000782e+00
9.890000000000000568e+00
9.900000000000000355e+00
9.910000000000001918e+00
9.919999999999999929e+00
9.930000000000001492e+00
9.939999999999999503e+00
9.950000000000002842e+00
9.960000000000000853e+00
9.970000000000000639e+00
9.980000000000000426e+00
9.990000000000000213e+00
0.000000000000000000e+00
1.256415924559921503e-07
6.588856899163719095e-08
4.751999188836379265e-08
3.972029273976433227e-08
3.642001074649152055e-08
3.569254035786956038e-08
3.681448702724662895e-08
3.953263547374796938e-08
4.381979401188784121e-08
4.977676666480156545e-08
5.758894705961979045e-08
6.750787996385855951e-08
7.983981157848602992e-08
9.491024737492240869e-08
1.129437688553783932e-07
1.337708574632709571e-07
1.563115887214614160e-07
1.780268489268626934e-07
1.950133535134401224e-07
2.035124921285687099e-07
2.022107676151334433e-07
1.930722182459573443e-07
1.798023282401330031e-07
1.657638556474714072e-07
1.530299901718167998e-07
1.424994231731398179e-07
1.343505552917606676e-07
1.284199673440042143e-07
1.244238510550280167e-07
1.220638307075945877e-07
1.210681548030171038e-07
1.212012292368839982e-07
1.222587976922894920e-07
1.240572826072429236e-07
1.264219642867999500e-07
1.291773962544672524e-07
1.321429344932163462e-07
1.351352950546395114e-07
1.379780665746187284e-07
1.405153399206693563e-07
1.426242529412910728e-07
1.442209002497480477e-07
1.452566381818220001e-07
1.457065232963588677e-07
1.455561159683544062e-07
1.447946314555678880e-07
1.434201288320893381e-07
1.414566291034708431e-07
1.389761175476379428e-07
1.361140149326301214e-07
1.330681706219100314e-07
1.300787349158365841e-07
1.273950323014406233e-07
1.252401402306282318e-07
1.237821742868545224e-07
1.231160216062222998e-07
1.232548825301332747e-07
1.241299877324742223e-07
1.255987740013773146e-07
1.274640792403161688e-07
1.295064126901833904e-07
1.315262478152328740e-07
1.333853934114347886e-07
1.350316888144320463e-07
1.364951713151528394e-07
1.378556390918520951e-07
1.391935525655249205e-07
1.405414458966862177e-07
1.418511556329520375e-07
1.429874098298484320e-07
1.437529712537099300e-07
1.439427545265489409e-07
1.434124890219122007e-07
1.421363003722010730e-07
1.402274719610434399e-07
1.379128593457629422e-07
1.354745238007852964e-07
1.331852460545506987e-07
1.312605089595000648e-07
1.298358715474520388e-07
1.289668745462384837e-07
1.286437137038450069e-07
1.288130952967927253e-07
1.294013303815341734e-07
1.303338852071628058e-07
1.315474356319392499e-07
1.329919641662295864e-07
1.346230414737999926e-07
1.363875615274862333e-07
1.382087328436244843e-07
1.399771685015593736e-07
1.415539587357249876e-07
1.427883142515845038e-07
1.435468710080145101e-07
1.437456838707635385e-07
1.433727396909651438e-07
1.424916051805512926e-07
1.412250211745562246e-07
1.397260010020913180e-07
1.381479806948478686e-07
1.366233996867597123e-07
1.352545008139739282e-07
1.341148200899564499e-07
1.332567996669854523e-07
1.327203097563979561e-07
1.325378651104707834e-07
1.327341819578867670e-07
1.333198278053172759e-07
1.342806412120699759e-07
1.355661470070663078e-07
1.370813406473410365e-07
1.386867864078434468e-07
1.402112642360993321e-07
1.414781410549636767e-07
1.423409690608747332e-07
1.427176121605425650e-07
1.426097682384412139e-07
1.420993336079834919e-07
1.413229425559924554e-07
1.404350304648258498e-07
1.395726085350180471e-07
1.388314588744785101e-07
1.382574598735452266e-07
1.378518142676745042e-07
1.375861702648300456e-07
1.374223527232941699e-07
1.373309894962394275e-07
1.373038418563503647e-07
1.373565448613735763e-07
1.375215382183435446e-07
1.378341386326044784e-07
1.383166928809497096e-07
1.389659833414915166e-07
1.397478360025272840e-07
1.406008077697746660e-07
1.414482938812600807e-07
1.422156999460338945e-07
1.428471814529802269e-07
1.433160435482781350e-07
1.436250272877820736e-07
1.437968035564978411e-07
1.438590831151964556e-07
1.438307813566149385e-07
1.437148748843450460e-07
1.435006267657286391e-07
1.431740768967408308e-07
1.427324173609391232e-07
1.421962206210167526e-07
1.416141879108703564e-07
1.410579829929090466e-07
1.406085346136017204e-07
1.403381579057335575e-07
1.402938510736004804e-07
1.404862964258763271e-07
1.408873115493562670e-07
1.414364796974349782e-07
1.420556186752690939e-07
1.426676429348292514e-07
1.432146816457694849e-07
1.436699718431036303e-07
1.440397587786349378e-07
1.443548229864530226e-07
1.446548241838782441e-07
1.449708175206229838e-07
1.453114390016195809e-07
1.456568286369445863e-07
1.459621408030768858e-07
1.461699428800959976e-07
1.462281617304365121e-07
1.461080663682406933e-07
1.458161422183691428e-07
1.453954855726871532e-07
1.449161482440209604e-07
1.444579123727957245e-07
1.440912828633317209e-07
1.438622812911614429e-07
1.437846287866904928e-07
1.438403892372659768e-07
1.439879646850001837e-07
1.441747465535867578e-07
1.443507884836202295e-07
1.444797751046266066e-07
1.445445365222824336e-07
1.445462681532882097e-07
1.444988053492068917e-07
1.444208794556641577e-07
1.443296208641667502e-07
1.442376229151535896e-07
1.441541016678747891e-07
1.440888057422417845e-07
1.440560828583703602e-07
1.440764120498054693e-07
1.441738285375369179e-07
1.443695217141454930e-07
1.446736628502761111e-07
1.450785025941660228e-07
1.455556616512580875e-07
1.460594003703168683e-07
1.465357799481937498e-07
1.469354691855263601e-07
1.472262131251290036e-07
1.474005331780876556e-07
1.474756021767234474e-07
1.474850520634056871e-07
1.474654628374958979e-07
1.474420948477613968e-07
1.474184837403232158e-07
1.473731600769109128e-07
1.472646922745090944e-07
1.470440031699861592e-07
1.466707837249946742e-07
1.461292604616118214e-07
1.454382728211497801e-07
1.446521181629792986e-07
1.438516139500837787e-07
1.431280315556170482e-07
1.425645189289999070e-07
1.422197385706377998e-07
1.421172043133434542e-07
1.422421717088499203e-07
1.425465211464611241e-07
1.429608110264695229e-07
1.434112306212574269e-07
1.438375737855771932e-07
1.442073027925562342e-07
1.445212904376539505e-07
1.448092884548149456e-07
1.451166841721947905e-07
1.454870024031015685e-07
1.459456383484950955e-07
1.464894032709197974e-07
1.470844239283147264e-07
1.476725987823840831e-07
1.481846432526591832e-07
1.485560505780701481e-07
1.487415045779264210e-07
1.487238899756495764e-07
1.485160457963855476e-07
1.481559747322597496e-07
1.476981223531435959e-07
1.472037790186998056e-07
1.467327789011056345e-07
1.463372974543316257e-07
1.460575105139364923e-07
1.459185456043506378e-07
1.459284181561328576e-07
1.460771535617960490e-07
1.463377024026932282e-07
1.466693194196904196e-07
1.470236792027883502e-07
1.473531775830292579e-07
1.476198622471049978e-07
1.478026995287889412e-07
1.479008995345675748e-07
1.479319940331030357e-07
1.479249997959930637e-07
1.479106248230397789e-07
1.479114189301449990e-07
1.479347430383875084e-07
1.479705641960870440e-07
1.479947187622816948e-07
1.479767808058276778e-07
1.478903649118703081e-07
1.477229396829914338e-07
1.474823303220255974e-07
1.471980814300106702e-07
1.469173757280313050e-07
1.466966535307625098e-07
1.465909505957633990e-07
1.466431456642620257e-07
1.468750166649391560e-07
1.472815847855585861e-07
1.478298605693186794e-07
1.484627107830117396e-07
1.491078779663819985e-07
1.496910192317710078e-07
1.501501602973449894e-07
1.504478284121365427e-07
1.505771671974565712e-07
1.505599572853433199e-07
1.504371755348369435e-07
1.502553018578043454e-07
1.500528589918924042e-07
1.498512431016264747e-07
1.496521942334359122e-07
1.494420470009444756e-07
1.492008882628633388e-07
1.489134186225930777e-07
1.485779903785958404e-07
1.482110692483559248e-07
1.478459655308649473e-07
1.475264880181168340e-07
1.472975342876560717e-07
1.471951935689638370e-07
1.472387578486829189e-07
1.474263860156168358e-07
1.477352933134338713e-07
1.481263711506456648e-07
1.485521596322552895e-07
1.489662585170947362e-07
1.493318488053547784e-07
1.496272650840023242e-07
1.498475211569336214e-07
1.500019992831100077e-07
1.501096040935316329e-07
1.501931168718457427e-07
1.502742044382939544e-07
1.503698427553061332e-07
1.504902423753748240e-07
1.506380185145194314e-07
1.508083736567272617e-07
1.509902604721440736e-07
1.511685984789518083e-07
1.513274664450363105e-07
1.514538272456605273e-07
1.515409670209544102e-07
1.515906724674331983e-07
1.516133544350288784e-07
1.516258308348640511e-07
1.516471586193765360e-07
1.516935315461080560e-07
1.517736205789752273e-07
1.518856951922893894e-07
1.520174352499050475e-07
1.521486592779388552e-07
1.522564391491323410e-07
1.523214091820629616e-07
1.523336448664885513e-07
1.522964144508477873e-07
1.522265083731942123e-07
1.521507187280869492e-07
1.520991525417709946e-07
1.520970344204065719e-07
1.521571424021375369e-07
1.522749049747940513e-07
1.524275722849629561e-07
1.525779562440238169e-07
1.526821761367527482e-07
1.526997915765897999e-07
1.526038716777549378e-07
1.523882650122344475e-07
1.520698898964462873e-07
1.516852514609097840e-07
1.512821637764217132e-07
1.509091007091559784e-07
1.506051555130821319e-07
1.503931503468030061e-07
1.502773155482350547e-07
1.502456029396446905e-07
1.502754709944112256e-07
1.503411428165930398e-07
1.504201020310444911e-07
1.504970745625815799e-07
1.505648200602159237e-07
1.506222987736715356e-07
1.506716441471973788e-07
1.507155137809505516e-07
1.507558572964029680e-07
1.507942882633982682e-07
1.508335052449218434e-07
1.508788445434665833e-07
1.509391025435188856e-07
1.510261070033741917e-07
1.511529576593035593e-07
1.513312495221412283e-07
1.515678556140897558e-07
1.518619462036173796e-07
1.522028669509066027e-07
1.525693447356686536e-07
1.529303251659608012e-07
1.532476214716414696e-07
1.534804172708735124e-07
1.535913765112621017e-07
1.535535847648496015e-07
1.533569039140202371e-07
1.530119272404349017e-07
1.525499598698546979e-07
1.520184178650068895e-07
1.514723990362424085e-07
1.509643467066974671e-07
1.505342604337683318e-07
1.502027325163672912e-07
1.499684129789716387e-07
1.498105577800973845e-07
1.496962071707269838e-07
1.495903683369937948e-07
1.494666022855876764e-07
1.493150775931237557e-07
1.491457918771557290e-07
1.489861657977544211e-07
1.488739695542469897e-07
1.488477944623857346e-07
1.489376229778397807e-07
1.491575929277851975e-07
1.495022118406099845e-07
1.499464289592138077e-07
1.504492793503242829e-07
1.509602884751932480e-07
1.514274563126079215e-07
1.518054549475627954e-07
1.520626964924075282e-07
1.521861290376046912e-07
1.521829380753647767e-07
1.520787482374469533e-07
1.519124646810448038e-07
1.517285660688851486e-07
1.515683395026662067e-07
1.514619946521170487e-07
1.514235791047555041e-07
1.514500431370938112e-07
1.515247602039485714e-07
1.516245583789616349e-07
1.517282324418401140e-07
1.518239803044582674e-07
1.519134864639173061e-07
1.520113975393487929e-07
1.521403238504917979e-07
1.523227619685701183e-07
1.525721198626331298e-07
1.528852565702640163e-07
1.532387036696485726e-07
1.535900767660409260e-07
1.538850900204404801e-07
1.540690896978562640e-07
1.541004326663027868e-07
1.539619882133278107e-07
1.536672010729289909e-07
1.532587055342621120e-07
1.527998554201258224e-07
1.523616915967701698e-07
1.520089467749416397e-07
1.517884740287428533e-07
1.517223650683300825e-07
1.518065837067208544e-07
1.520146250554400447e-07
1.523047432721110883e-07
1.526287623354073322e-07
1.529404451685061053e-07
1.532018355450389221e-07
1.533867683736944468e-07
1.534816099786968159e-07
1.534839607440922261e-07
1.534003506349433712e-07
1.532438610768591784e-07
1.530322187476943395e-07
1.527864106425891120e-07
1.525294760581926012e-07
1.522850148681821039e-07
1.520751628144912605e-07
1.519181976208607483e-07
1.518263079071314182e-07
1.518041583518422047e-07
1.518486597960982414e-07
1.519499373066659133e-07
1.520931234206295011e-07
1.522604773954651228e-07
1.524334637194506853e-07
1.525946656394627060e-07
1.527295634457429042e-07
1.528281766552359685e-07
1.528864235946890035e-07
1.529069478304897323e-07
1.528991980084396792e-07
1.528786898954631004e-07
1.528655056906970471e-07
1.528821167159957883e-07
1.529505885144721605e-07
1.530892523729787189e-07
1.533090837232555163e-07
1.536102955493785503e-07
1.539799285394830232e-07
1.543913584742162371e-07
1.548065073163754113e-07
1.551810464610771701e-07
1.554720415466511824e-07
1.556465215541868702e-07
1.556887601702941625e-07
1.556040526036705595e-07
1.554176247413077589e-07
1.551687673388287496e-07
1.549017587395741276e-07
1.546560422570217440e-07
1.544581932831592011e-07
1.543175644982304962e-07
1.542264598130595590e-07
1.541645654822122980e-07
1.541063635811335128e-07
1.540295218370049437e-07
1.539219657722148171e-07
1.537856493946731443e-07
1.536359604738047144e-07
1.534969976159433576e-07
1.533942170424992660e-07
1.533467394195089319e-07
1.533616878675841072e-07
1.534322981732734961e-07
1.535403940865439605e-07
1.536624672994701030e-07
1.537774320695398895e-07
1.538735440510499136e-07
1.539522508483985312e-07
1.540278176863662348e-07
1.541230133720751079e-07
1.542623539046117508e-07
1.544649610733338010e-07
1.547389399540007781e-07
1.550785414429193890e-07
1.554645631947659345e-07
1.558676845336586774e-07
1.562538478629671375e-07
1.565904492029490301e-07
1.568520303123820818e-07
1.570243977502117357e-07
1.571065786011773558e-07
1.571105951752926707e-07
1.570594727656946715e-07
1.569840249986893847e-07
1.569188211298332793e-07
1.568975417969654740e-07
1.569479085604284910e-07
1.570866038454146096e-07
1.573149547345306612e-07
1.576164151745090331e-07
1.579568712202416405e-07
1.582884407505350387e-07
1.585567561323670529e-07
1.587107936792202499e-07
1.587133539507098163e-07
1.585496586671470552e-07
1.582316130854747923e-07
1.577962673192220030e-07
1.572986306831160502e-07
1.568006035189762048e-07
1.563587403621180072e-07
1.560135873711529967e-07
1.557826589476346959e-07
1.556581596035287868e-07
1.556096314063115536e-07
1.555908875537858731e-07
1.555498356804695267e-07
1.554391614994783038e-07
1.552255803494428616e-07
1.548957355631714322e-07
1.544578256642962227e-07
1.539392933075352336e-07
1.533818571169920325e-07
1.528354611432119464e-07
1.523523958247111312e-07
1.519822347885393855e-07
1.517676913950510086e-07
1.517412346623505261e-07
1.519223339015392187e-07
1.523154115499496204e-07
1.529088113350347359e-07
1.536751904863014465e-07
1.545736419101672491e-07
1.555535529584152989e-07
1.565598000510953661e-07
1.575385082671440610e-07
1.584424245381114946e-07
1.592350486759915030e-07
1.598930002615874789e-07
1.604065161050461735e-07
1.607782968430667954e-07
1.610210761079253457e-07
1.611543299968100683e-07
1.612005924830254526e-07
1.611819414086751508e-07
1.611172954700409072e-07
1.610210759564472408e-07
1.609034514238087957e-07
1.607718561876130985e-07
1.606329594650252603e-07
1.604940201956519590e-07
1.603627636680232858e-07
1.602455331000313529e-07
1.601442701431143770e-07
1.600535285950260012e-07
1.599589376656503902e-07
1.598381835628920464e-07
1.596647637280635248e-07
1.594137658137519327e-07
1.590681186498370166e-07
1.586235056162234398e-07
1.580905613336917050e-07
1.574939091503160895e-07
1.568686039867666383e-07
1.562551779415705844e-07
1.556945492636230939e-07
1.552236775176858450e-07
1.548723342260007047e-07
1.546609700959837963e-07
1.545994928868571590e-07
1.546867778331463441e-07
1.549108223555322521e-07
1.552495547401226066e-07
1.556723663929997527e-07
1.561424255568983839e-07
1.566197276937496278e-07
1.570646622729955181e-07
1.574416981157151339e-07
1.577227046547315077e-07
1.578894923488873684e-07
1.579353419970884178e-07
1.578654825672379198e-07
1.576965511485546483e-07
1.574550104896274871e-07
1.571744185697722854e-07
1.568914847868591780e-07
1.566410727888290809e-07
1.564506645960989879e-07
1.563351549061128132e-07
1.562930673032970214e-07
1.563052850226272384e-07
1.563371259516854386e-07
1.563440572706442934e-07
1.562805624599506373e-07
1.561107299768058960e-07
1.558182524146962272e-07
1.554130971465690438e-07
1.549325474671447580e-07
1.544357330717590480e-07
1.539927397681374141e-07
1.536710711351773986e-07
1.535229004106441658e-07
1.535760436609437481e-07
1.538303218037477850e-07
1.542595573619338306e-07
1.548182778567735376e-07
1.554514027106392379e-07
1.561047729841477033e-07
1.567343490754031124e-07
1.573122738432601405e-07
1.578287405798471109e-07
1.582895699152167386e-07
1.587103598102358260e-07
1.591088018241405765e-07
1.594970942046358666e-07
1.598762639927980228e-07
1.602336843068767240e-07
1.605442833498169631e-07
1.607750816332265431e-07
1.608919548582318619e-07
1.608670628268066942e-07
1.606853155842661386e-07
1.603485738359027903e-07
1.598768742217430239e-07
1.593066039729582924e-07
1.586860239766277173e-07
1.580688036890368289e-07
1.575063857100538508e-07
1.570401748503828612e-07
1.566947724640055035e-07
1.564736339841957925e-07
1.563584208941824187e-07
1.563127835068854650e-07
1.562903255903044008e-07
1.562452648592199897e-07
1.561432493933818478e-07
1.559694489131154890e-07
1.557317255042046894e-07
1.554582188954399387e-07
1.551904022868977663e-07
1.549738294323385967e-07
1.548490172258884350e-07
1.548443339384923591e-07
1.549718615771381458e-07
1.552264194266251649e-07
1.555874690448261047e-07
1.560233982906654254e-07
1.564975111704287489e-07
1.569747942824173364e-07
1.574282176900703222e-07
1.578431478991783302e-07
1.582186377879962089e-07
1.585650256805215715e-07
1.588982996577683028e-07
1.592327212364333133e-07
1.595738455450080143e-07
1.599140409256086713e-07
1.602318715315357634e-07
1.604954977237745244e-07
1.606689857420216864e-07
1.607195583970960177e-07
1.606236930037268069e-07
1.603706223598840821e-07
1.599629178361747040e-07
1.594149134150259515e-07
1.587502898944981903e-07
1.579999830743759281e-07
1.572008733006206173e-07
1.563948746414613180e-07
1.556275240796723321e-07
1.549452409859688888e-07
1.543910328631927009e-07
1.539992335001159126e-07
1.537904596106023878e-07
1.537680962470542933e-07
1.539172732809889383e-07
1.542066891687232812e-07
1.545930350768107290e-07
1.550273252705056794e-07
1.554621430240068546e-07
1.558585909582640048e-07
1.561915968913515807e-07
1.564523276287641227e-07
1.566469868894472372e-07
1.567921988135100788e-07
1.569081888980619822e-07
1.570116366104523104e-07
1.571101363431738623e-07
1.571997165905943381e-07
1.572660587980466749e-07
1.572891343481147483e-07
1.572500721114400535e-07
1.571383399217553611e-07
1.569570386220995888e-07
1.567245329320468303e-07
1.564717911159591374e-07
1.562362818920619967e-07
1.560544374697192615e-07
1.559550276126867120e-07
1.559552296246479470e-07
1.560600725791352252e-07
1.562647827234911339e-07
1.565587510606561245e-07
1.569295597050668948e-07
1.573657326483452113e-07
1.578574824638029853e-07
1.583954799152848508e-07
1.589683248043809822e-07
1.595597548571293832e-07
1.601466414242237256e-07
1.606985575744400196e-07
1.611792890234565985e-07
1.615502048359308198e-07
1.617749954870365458e-07
1.618249743443189657e-07
1.616839583931314830e-07
1.613517254895925439e-07
1.608452246529658941e-07
1.601971138966265689e-07
1.594517771463003536e-07
1.586595936363108686e-07
1.578706997835633040e-07
1.571296138767470786e-07
1.564718129452895958e-07
1.559227307297186319e-07
1.554988852067465692e-07
1.552102076563896615e-07
1.550623618634224806e-07
1.550580081715317558e-07
1.551965030584327866e-07
1.554722114530613023e-07
1.558721941018254537e-07
1.563743362339115323e-07
1.569469409426891752e-07
1.575504567971540533e-07
1.581414359613570134e-07
1.586781500609809737e-07
1.591266949065202774e-07
1.594661039277468588e-07
1.596911455708155498e-07
1.598121197228234901e-07
1.598518668140204846e-07
1.598409686540195212e-07
1.598124210721017941e-07
1.597968343209661863e-07
1.598186967836851190e-07
1.598937641236672667e-07
1.600274412477363244e-07
1.602141138999601922e-07
1.604375882714303164e-07
1.606728995237092512e-07
1.608896273703118496e-07
1.610565190968420310e-07
1.611467899407028625e-07
1.611431204692282355e-07
1.610412551938551014e-07
1.608513020588789269e-07
1.605963015961932960e-07
1.603082403329852537e-07
1.600222495896901816e-07
1.597701206921223134e-07
1.595744249689745892e-07
1.594444628533493149e-07
1.593750061038051364e-07
1.593483293018350631e-07
1.593393252493336335e-07
1.593226301700463222e-07
1.592799065407789578e-07
1.592051432567249837e-07
1.591063289501039338e-07
1.590030457811902330e-07
1.589209064818877381e-07
1.588846838723135699e-07
1.589121129261283510e-07
1.590097941726188424e-07
1.591718039304342904e-07
1.593809078177871724e-07
1.596118398692539948e-07
1.598359004714700898e-07
1.600260310505188579e-07
1.601614983626277556e-07
1.602314019419963779e-07
1.602364404315283077e-07
1.601886972651457361e-07
1.601095332268930702e-07
1.600259161719436577e-07
1.599656590817690121e-07
1.599521281752451243e-07
1.599990955265436613e-07
1.601065820604722345e-07
1.602587202402422833e-07
1.604247051258611790e-07
1.605635739380972416e-07
1.606326930768770325e-07
1.605985178909462215e-07
1.604468766296559513e-07
1.601894389972167129e-07
1.598637465722358581e-07
1.595261538722985845e-07
1.592394336452923803e-07
1.590585253854185389e-07
1.590182791879506366e-07
1.591261700911069692e-07
1.593614267051910898e-07
1.596804103965379080e-07
1.600267059876115077e-07
1.603433840704514742e-07
1.605844379762340864e-07
1.607226978198706275e-07
1.607526336053088841e-07
1.606880661964458305e-07
1.605562824285552500e-07
1.603908012585773372e-07
1.602248566673424787e-07
1.600868249824345979e-07
1.599978480543241460e-07
1.599712147257809011e-07
1.600128000541375358e-07
1.601219135766137727e-07
1.602920887404777826e-07
1.605115429532469162e-07
1.607632474959849773e-07
1.610248042008757210e-07
1.612686164244850257e-07
1.614630577214530763e-07
1.615753095642621930e-07
1.615761141362524034e-07
1.614458848606007785e-07
1.611807060860305008e-07
1.607962015068244873e-07
1.603274768399567114e-07
1.598244067075904984e-07
1.593430294242436502e-07
1.589350883168793551e-07
1.586383292528553984e-07
1.584699424212303221e-07
1.584247386703199244e-07
1.584785426326945741e-07
1.585960364189348172e-07
1.587410577633905085e-07
1.588864556328585691e-07
1.590204842089990131e-07
1.591476692722496312e-07
1.592839065653646231e-07
1.594475286513770661e-07
1.596493811158060879e-07
1.598851524946739124e-07
1.601324080832305610e-07
1.603533719143076680e-07
1.605028635363672529e-07
1.605392553905427823e-07
1.604352763421791445e-07
1.601854094373148813e-07
1.598077369460524149e-07
1.593400210577680369e-07
1.588317071939057188e-07
1.583345413852773538e-07
1.578943138551991602e-07
1.575452536365013632e-07
1.573074704872190733e-07
1.571870659020248549e-07
1.571782335945311331e-07
1.572666717081851086e-07
1.574336882386909317e-07
1.576603566025624482e-07
1.579310016281905671e-07
1.582353180260517449e-07
1.585686746320521246e-07
1.589306254679235508e-07
1.593221632801606053e-07
1.597425917479145829e-07
1.601869228782950129e-07
1.606444404185648517e-07
1.610986420136025324e-07
1.615283601369640608e-07
1.619096078308686229e-07
1.622176571533984380e-07
1.624290030302481445e-07
1.625231001564052402e-07
1.624839781319063900e-07
1.623019468394912131e-07
1.619755359476660478e-07
1.615135561656780334e-07
1.609367960507773040e-07
1.602785536887830475e-07
1.595831799479818255e-07
1.589022212776438575e-07
1.582885079099467500e-07
1.577893212990188405e-07
1.574402207718919560e-07
1.572610046110104813e-07
1.572546798396456168e-07
1.574094758709710043e-07
1.577031611742782410e-07
1.581084205407823521e-07
1.585979019882830630e-07
1.591477248669960263e-07
1.597386930408132469e-07
1.603551038845835444e-07
1.609817698574711073e-07
1.616004918432305887e-07
1.621875228557211588e-07
1.627133699912596802e-07
1.631455763871787811e-07
1.634540695979240924e-07
1.636176059240696140e-07
1.636292158278954038e-07
1.634986976798609232e-07
1.632511456052170651e-07
1.629218809438303069e-07
1.625494043821837721e-07
1.621685926197523586e-07
1.618061407118938348e-07
1.614793563325838940e-07
1.611982099186979456e-07
1.609694459543427737e-07
1.608009118269354824e-07
1.607042653151983662e-07
1.606948811525458849e-07
1.607888646353655888e-07
1.609982034062103914e-07
1.613258326874294117e-07
1.617624745322251735e-07
1.622864944905484576e-07
1.628669090544695250e-07
1.634684901630456060e-07
1.640571472487305650e-07
1.646037890863666673e-07
1.650856909926709589e-07
1.654856129776748347e-07
1.657899022708346220e-07
1.659870796110565939e-07
1.660678886699256827e-07
1.660268511196882143e-07
1.658645561954236968e-07
1.655895989227157514e-07
1.652193003539905220e-07
1.647788630100570359e-07
1.642991443677177818e-07
1.638135831817273286e-07
1.633549299108263898e-07
1.629523329305837765e-07
1.626290827601606655e-07
1.624010361203260042e-07
1.622755814068455736e-07
1.622510701921137203e-07
1.623168767864527906e-07
1.624544444014783995e-07
1.626395887740221948e-07
1.628458978335998499e-07
1.630485176883340070e-07
1.632273348121448814e-07
1.633687941560643440e-07
1.634662195095570115e-07
1.635191263315273229e-07
1.635322608885499247e-07
1.635148750125133388e-07
1.634802679543820330e-07
1.634452145056500300e-07
1.634287692356924858e-07
1.634501268752513254e-07
1.635256213597893473e-07
1.636653823183456727e-07
1.638704627607923995e-07
1.641312970797540757e-07
1.644281320863689560e-07
1.647336617561426186e-07
1.650175780247224368e-07
1.652522135735867383e-07
1.654180145081753823e-07
1.655074178068940460e-07
1.655259976668078794e-07
1.654905076983529043e-07
1.654244298895816958e-07
1.653524117601087512e-07
0.000000000000000000e+00
1.394717674934188684e-07
7.469778990425441732e-08
5.359220651847733789e-08
4.412551689134960395e-08
3.967158671757837393e-08
3.811354290925023628e-08
3.869322366344758485e-08
4.128729317388613823e-08
4.622482060402486007e-08
5.437303127791630750e-08
6.750298625548098685e-08
8.928523597321080054e-08
1.282295992869994641e-07
2.086088282185514114e-07
4.335665969887098195e-07
2.656650558707058551e-06
-9.980638892445384157e-07
-5.353192767320212513e-07
-4.336700795145808933e-07
-4.146570555682199754e-07
-4.371038825714992339e-07
-4.920556623660140675e-07
-5.814353119271582751e-07
-7.118900677660121106e-07
-8.871324904429267198e-07
-1.108238810748383044e-06
-1.377475368421998540e-06
-1.679329257450270745e-06
-2.007079076393470236e-06
-2.458975436975376572e-06
-3.222280971381114588e-06
-4.932076763184073237e-06
-1.207230563538387599e-05
2.042435108247220971e-05
5.373310098073709518e-06
3.192760569109888294e-06
2.351952701902732078e-06
1.943274804413924427e-06
1.755336249608799047e-06
1.698400929127241286e-06
1.716613731384070095e-06
1.802476208682542735e-06
1.946219764025809740e-06
2.055939507585333579e-06
1.998193213984801198e-06
1.792908849988106747e-06
1.489893270400027257e-06
1.166735169376279963e-06
9.044622845304048987e-07
7.121333246645401213e-07
5.751828010861294755e-07
4.798182414775455716e-07
4.143649925479344061e-07
3.707345947482391804e-07
3.437173309354869164e-07
3.290513565703832456e-07
3.247706769114656115e-07
3.285482829856734758e-07
3.396044408268252916e-07
3.573879361601522018e-07
3.802236977757500061e-07
4.076170389735810413e-07
4.380737115830467843e-07
4.688697848735412665e-07
4.987531884278944823e-07
5.273756242894742604e-07
5.524600250297975039e-07
5.774007398349301197e-07
6.034673903531876441e-07
6.327894049414930018e-07
6.666070656403167856e-07
7.044771071980968197e-07
7.449615919978710617e-07
7.799279694935871295e-07
7.987146133530621140e-07
7.940072337835551556e-07
7.669038666155407087e-07
7.206932565245673279e-07
6.678183726383885402e-07
6.171197352012849934e-07
5.703002455998131534e-07
5.312761018835293946e-07
5.045758571992406668e-07
4.873561200221800327e-07
4.784508863801000900e-07
4.800180706854532266e-07
4.909658147657867289e-07
5.110428787099807529e-07
5.382902367965375484e-07
5.713741370187854295e-07
6.081677161907261429e-07
6.436203853104650069e-07
6.709553286528820509e-07
6.869258625711489648e-07
6.909250532546361645e-07
6.781319909230915467e-07
6.528318543526200859e-07
6.203883751796381056e-07
5.865796703685789453e-07
5.558857275588849857e-07
5.288609641851877547e-07
5.073234660814003880e-07
4.925949812414996368e-07
4.829984640922253813e-07
4.780403255665930163e-07
4.780961938806140784e-07
4.820322272238201060e-07
4.899912606281762834e-07
5.019284106466492492e-07
5.178914707243138868e-07
5.384608962037845200e-07
5.610215840640581958e-07
5.832734367805879551e-07
6.029295906158591881e-07
6.170303713411243441e-07
6.221142522723687073e-07
6.171771998909881095e-07
6.042386177334624277e-07
5.825653793762867907e-07
5.567805395997092097e-07
5.341225292954845682e-07
5.155694428809322558e-07
5.000452652350052252e-07
4.884716152078164775e-07
4.808021561402695061e-07
4.761805559467709390e-07
4.725440722735835116e-07
4.698401410419913001e-07
4.684139079257435715e-07
4.668627381666928205e-07
4.653641434363315791e-07
4.638024612767543481e-07
4.628479230293601489e-07
4.628574760176675253e-07
4.647469071574758451e-07
4.690475821402561605e-07
4.754004237096421198e-07
4.851054176517253401e-07
4.991456913637204531e-07
5.191044154946539640e-07
5.445252272308486291e-07
5.730430766059515309e-07
6.020278903075818771e-07
6.274282416728106306e-07
6.475127827441795754e-07
6.609331301092992272e-07
6.683303334890639528e-07
6.723877777682652727e-07
6.746219207830096096e-07
6.783893561106589998e-07
6.887568958125892996e-07
7.070298539806680069e-07
7.371384292270401544e-07
7.775013521635336879e-07
8.205995172590638334e-07
8.611947123990200599e-07
8.987750414307364396e-07
9.261722395649375280e-07
9.348318325216108188e-07
9.301931340749475727e-07
9.104139441447936888e-07
8.782634733818071712e-07
8.445663277941867358e-07
8.076388707820846594e-07
7.672241910030293270e-07
7.282096876531008994e-07
6.877963772705650786e-07
6.428419773531134535e-07
6.000113173389381662e-07
5.608328644223226730e-07
5.221832403149698716e-07
4.875339823067798925e-07
4.580835091205426417e-07
4.320214441375389041e-07
4.098320338851634330e-07
3.934840751567535176e-07
3.822996060017904975e-07
3.750204782160545129e-07
3.726247141125054154e-07
3.751242519461342157e-07
3.816122704340793082e-07
3.919656863766503027e-07
4.049772351604376680e-07
4.202966808225192831e-07
4.361424632693600514e-07
4.498324955611799705e-07
4.624196446539161717e-07
4.734811075236362122e-07
4.803065540385654474e-07
4.822804819399271027e-07
4.806894624698014299e-07
4.768741497845101337e-07
4.717387384519920163e-07
4.664789383403501643e-07
4.628102039188359251e-07
4.619858114321001147e-07
4.640860074264393623e-07
4.689500451008541268e-07
4.767836030334091025e-07
4.889427446820262016e-07
5.047315267383390562e-07
5.240964737697248907e-07
5.462828048015815291e-07
5.725796579544526424e-07
6.045597000445507885e-07
6.356431611702942515e-07
6.643378819561747518e-07
6.900299690313545513e-07
7.086776840629491923e-07
7.219380291042529360e-07
7.311290957325506829e-07
7.338117103864246761e-07
7.328909516828536121e-07
7.308905172985065584e-07
7.310228679721414222e-07
7.328947753073753429e-07
7.359079073142445726e-07
7.402493763804194248e-07
7.428295250950626790e-07
7.416003111002661354e-07
7.305473176715426979e-07
7.065228914190703527e-07
6.733823133207690326e-07
6.370761968014789359e-07
6.008465452594758354e-07
5.667652461300339029e-07
5.376954091118951960e-07
5.162677004450472816e-07
5.004251402330922846e-07
4.896370341169754848e-07
4.854314746291220482e-07
4.872232511648126321e-07
4.929567529104797503e-07
5.003580429440918649e-07
5.088420908145299705e-07
5.186569023651544728e-07
5.280517072955729064e-07
5.352064134122945023e-07
5.408436470970123896e-07
5.458151572400026112e-07
5.505976254235806704e-07
5.582743237602002585e-07
5.678034289376378743e-07
5.776741160853080885e-07
5.906571917313779546e-07
6.035039679691826304e-07
6.148065116447122792e-07
6.235113736202641289e-07
6.275039742724928718e-07
6.257931414699696722e-07
6.182061523123452447e-07
6.047768146206647453e-07
5.849904163146545017e-07
5.624369496033612579e-07
5.398851987593585755e-07
5.193487305651160308e-07
5.013883084276410162e-07
4.879163346499472073e-07
4.793571200905273948e-07
4.764050597368294467e-07
4.797127472532854144e-07
4.873862739212750197e-07
5.000447413160349430e-07
5.173020886017767383e-07
5.387254308387013720e-07
5.634020427851257162e-07
5.889985744297945847e-07
6.136685851155370055e-07
6.344707799972279921e-07
6.453098239886693953e-07
6.431698918754980020e-07
6.283719728690769412e-07
6.036411739388218753e-07
5.726148356865738378e-07
5.392249718176186827e-07
5.073475504164794364e-07
4.799922855230840609e-07
4.584340440071549021e-07
4.425643668714666408e-07
4.325476964596402042e-07
4.273849199165937372e-07
4.263910284649758432e-07
4.293921715783214817e-07
4.356210343963348930e-07
4.435081081751837227e-07
4.523484626378996425e-07
4.614703773559392388e-07
4.702893705875060249e-07
4.783117451403240076e-07
4.862589707436682830e-07
4.947460156407342118e-07
5.044106190562477229e-07
5.148531751077423898e-07
5.256998270743127516e-07
5.379898895640654277e-07
5.509261351378228810e-07
5.639325685962816473e-07
5.753769860207361937e-07
5.841125677702845641e-07
5.899105013977850260e-07
5.941498704773685138e-07
5.970044813184775205e-07
5.968312519201278835e-07
5.946876319953156163e-07
5.933186410149440586e-07
5.940724436621630762e-07
5.982648341241606014e-07
6.075539967218816065e-07
6.234504883457744241e-07
6.451466105609967647e-07
6.737804837866402863e-07
7.095164314143227123e-07
7.485183666372140291e-07
7.884790077766281259e-07
8.275196859533090693e-07
8.608525829403142819e-07
8.812045678318392667e-07
8.840397491923736857e-07
8.690439992617384805e-07
8.347181492229132455e-07
7.858509663466509562e-07
7.334254195783841950e-07
6.818038939622704206e-07
6.342190875995103266e-07
5.915865379668355436e-07
5.558026043753033154e-07
5.278356478018987759e-07
5.060172770190042394e-07
4.897169141990636443e-07
4.795680540957407501e-07
4.753326228434623236e-07
4.760932145571311919e-07
4.817884611772602300e-07
4.908694262321705495e-07
5.012672618976528059e-07
5.114360203919239389e-07
5.195574688465510403e-07
5.242673897054293411e-07
5.244258374503357913e-07
5.193229382543802310e-07
5.078510178298522815e-07
4.918019067225053682e-07
4.748986348010509882e-07
4.573546994905620446e-07
4.402792072587288652e-07
4.253520676857261245e-07
4.135676768205329430e-07
4.047691321771439364e-07
3.989575183722130810e-07
3.965613519187752905e-07
3.974673304841723714e-07
4.022631878477422549e-07
4.106410907935377475e-07
4.226990690800068718e-07
4.383522004573193261e-07
4.569052827492803338e-07
4.774334545406939430e-07
4.991149353078306017e-07
5.195413604308716467e-07
5.364739744018137972e-07
5.481104884762670643e-07
5.547216747891720384e-07
5.588152866727311658e-07
5.616908332312773169e-07
5.649040846347211488e-07
5.708799567081916871e-07
5.814576882050534392e-07
5.953236233666976887e-07
6.118741821388338505e-07
6.314204227197820966e-07
6.520895754379059270e-07
6.715260385096810652e-07
6.864638100244648766e-07
6.969717112883358779e-07
7.027278028724651256e-07
7.004918310490858960e-07
6.917055719090798765e-07
6.794482036206545568e-07
6.649061368912762329e-07
6.471441119366617850e-07
6.272166876024206055e-07
6.089098248494851750e-07
5.944475822630525365e-07
5.818797673553141963e-07
5.719482878096591168e-07
5.646073989360511427e-07
5.595536625778045313e-07
5.574801759768067982e-07
5.566579226965842677e-07
5.570697797124617429e-07
5.592493272489434883e-07
5.627822610507043024e-07
5.687821761202430970e-07
5.773437074852465481e-07
5.876513282590637012e-07
5.999148493583982122e-07
6.135327452981405827e-07
6.267270264564165694e-07
6.368654221910588967e-07
6.423847511613712525e-07
6.430400667048644963e-07
6.400255476394485060e-07
6.323367933969656136e-07
6.201502461831408549e-07
6.068285118983789596e-07
5.944653857573934522e-07
5.832713599973319168e-07
5.751700326835689738e-07
5.695807097763586621e-07
5.656337979324413168e-07
5.637716013999596496e-07
5.634662072924998602e-07
5.646334559428864584e-07
5.656372440313573016e-07
5.649015018652564654e-07
5.618165424277683015e-07
5.573685330437766145e-07
5.510864796551946814e-07
5.415382623229935804e-07
5.306833192219404270e-07
5.193954694519571207e-07
5.083840109982484367e-07
4.995996498460154994e-07
4.941628342143330409e-07
4.921896044289993261e-07
4.933701619793157553e-07
4.982252160231002219e-07
5.060477530285299856e-07
5.162133456790715538e-07
5.274320268956284410e-07
5.377638677291714536e-07
5.471326177194232715e-07
5.539960823853288264e-07
5.578428682766341301e-07
5.602044235082359718e-07
5.611206611138698157e-07
5.610038771456137409e-07
5.611139148705645649e-07
5.610198006693421037e-07
5.616353349141627503e-07
5.633967055056387408e-07
5.655721180377975829e-07
5.682118126505385477e-07
5.693741553042597999e-07
5.673362888804189407e-07
5.617519073152341044e-07
5.518830246728764091e-07
5.376225430280632397e-07
5.212870533691842151e-07
5.049759735755431278e-07
4.897712471428586129e-07
4.759084001610879292e-07
4.637065253506796954e-07
4.535512768560603114e-07
4.455739863482403832e-07
4.399207752898889696e-07
4.370152155740221962e-07
4.361357745924207818e-07
4.367151930033864794e-07
4.392678429551773980e-07
4.441448014539832466e-07
4.511269154090122219e-07
4.609385260250657664e-07
4.737596475475658964e-07
4.884745555356346104e-07
5.041040645132801476e-07
5.199025147186924250e-07
5.353560512720596962e-07
5.503348270712923995e-07
5.651060764667267104e-07
5.806950483520498040e-07
5.998764710824615746e-07
6.232763605706286639e-07
6.517136675195540930e-07
6.881644018234304463e-07
7.340288575574874914e-07
7.885190957849242253e-07
8.494036509444719925e-07
9.115794468379152360e-07
9.686369033065271009e-07
1.013792744937317212e-06
1.047462401251389438e-06
1.068418283583538943e-06
1.075919240715303294e-06
1.072529368473108896e-06
1.064682517170384860e-06
1.065001317577152137e-06
1.079546504149458883e-06
1.109342203037782967e-06
1.149170503696350429e-06
1.196539207186311383e-06
1.239837324218403261e-06
1.256496431357561226e-06
1.227511516822175235e-06
1.139448343824603912e-06
1.006359233059021722e-06
8.585916879417858040e-07
7.215422886891824043e-07
6.073260769190258038e-07
5.136086079693742906e-07
4.458069417592468371e-07
4.010669816310240191e-07
3.704934117282714798e-07
3.507443622917795274e-07
3.394082886679359072e-07
3.346624819141907027e-07
3.347779983847361565e-07
3.381641197950407064e-07
3.435272500544900893e-07
3.494069319394150600e-07
3.546132536199715961e-07
3.585333977253261274e-07
3.607435172762612109e-07
3.612989329288593240e-07
3.609178707211620856e-07
3.610610934684292570e-07
3.625354597626644498e-07
3.657744234186573924e-07
3.709264882108978290e-07
3.782747003369011752e-07
3.883941258847841275e-07
4.011218758660373027e-07
4.159698156745549129e-07
4.320321911134599491e-07
4.484655990956836624e-07
4.644678386613249656e-07
4.792295398782649636e-07
4.927854882777543310e-07
5.049796602173793032e-07
5.155426105217263052e-07
5.262239945747972387e-07
5.379152591253022682e-07
5.513506009997762577e-07
5.664921930768511404e-07
5.825506479487693893e-07
5.986152272502375077e-07
6.124140071166452705e-07
6.215526645623796167e-07
6.258171384368005136e-07
6.259491806414329643e-07
6.215264122505257588e-07
6.143979739452947529e-07
6.068906553305152707e-07
5.990182000373172625e-07
5.903080696679798501e-07
5.819296330945643621e-07
5.747347257949109331e-07
5.691544873612607782e-07
5.650438691353880407e-07
5.614836179686731393e-07
5.573509841509931724e-07
5.525740315829262101e-07
5.475839548979701009e-07
5.421136379669772460e-07
5.357254988608344701e-07
5.289333989463982269e-07
5.217485247067533487e-07
5.137868875267556357e-07
5.051848921609274577e-07
4.969857673363720326e-07
4.898741398854537904e-07
4.841996079313466185e-07
4.807383251009699413e-07
4.797186662915917160e-07
4.813838963078745439e-07
4.852567582028842807e-07
4.909780061553760043e-07
4.985737347484443368e-07
5.073449982323711679e-07
5.160534039345347080e-07
5.236285953128276075e-07
5.292410589993723715e-07
5.323361328691021380e-07
5.321299789041520456e-07
5.284413957783696148e-07
5.225523311708380380e-07
5.152818437364448096e-07
5.075586837626028873e-07
5.010294028251332100e-07
4.967952353776023395e-07
4.944124914728736937e-07
4.940914147483716547e-07
4.963650792777760709e-07
5.001224712825944089e-07
5.043404350377371357e-07
5.083248585588408214e-07
5.119820040686169474e-07
5.144543144933763461e-07
5.145660575306152385e-07
5.129517526314065227e-07
5.095169021935710208e-07
5.045524492116821012e-07
4.991826971317910639e-07
4.942770237465671670e-07
4.907171447064767820e-07
4.885494666212703300e-07
4.884061037634975679e-07
4.906697648535873179e-07
4.945578505188397473e-07
4.997895360487363848e-07
5.061318785049028167e-07
5.126154326303777417e-07
5.178360129451023386e-07
5.198450864002444037e-07
5.179986914409956032e-07
5.137299938813617197e-07
5.079676471285894509e-07
5.011358628591115550e-07
4.947005317128833862e-07
4.897498522169377843e-07
4.871448290535050073e-07
4.874644370944755671e-07
4.893819994338610263e-07
4.920125023456528045e-07
4.957977904485847409e-07
4.992137233706037419e-07
5.012044210859875136e-07
5.010198872155666916e-07
4.981329612416537041e-07
4.935748993897824619e-07
4.884449903873843716e-07
4.834472589271386636e-07
4.784073402726325818e-07
4.741383794132199729e-07
4.715843843202681463e-07
4.707304514045244882e-07
4.716422766110261202e-07
4.742455693588527826e-07
4.783249572768459884e-07
4.827466397219412577e-07
4.864531138749316529e-07
4.893678603127602587e-07
4.906425124689590085e-07
4.898671334557284561e-07
4.872380653375248246e-07
4.834988930467834457e-07
4.796063340686505718e-07
4.767699829986567032e-07
4.759134593217046804e-07
4.783098876547144474e-07
4.855499143068208066e-07
4.983093912652211906e-07
5.162519870783713415e-07
5.386570157023255792e-07
5.645120451691063400e-07
5.925702330810837804e-07
6.213171755686024480e-07
6.488634415204133269e-07
6.739768032002875585e-07
6.949588874390459325e-07
7.109331480949878745e-07
7.212880786835755317e-07
7.271784464243692818e-07
7.282321911056560943e-07
7.238395867176177302e-07
7.162238136787591634e-07
7.080463856952216208e-07
6.989786202303501333e-07
6.896753268580532740e-07
6.816003714249748902e-07
6.743034722066988474e-07
6.678566275537265006e-07
6.607445395743990616e-07
6.508367026175663460e-07
6.379648501184140883e-07
6.226033379233332631e-07
6.047074583304242276e-07
5.836858946813411157e-07
5.606371125396720361e-07
5.376328162112885322e-07
5.152454633254343111e-07
4.950500119198452389e-07
4.779060933881513504e-07
4.638086107368757920e-07
4.528589273955275061e-07
4.450068579701834577e-07
4.394607753813919879e-07
4.358659557643340921e-07
4.344427997436437947e-07
4.347943288399098444e-07
4.364045436181540362e-07
4.384960606918414405e-07
4.408147911491845280e-07
4.428288910709506057e-07
4.437178499075078023e-07
4.437285259285037656e-07
4.434867975353964871e-07
4.429234104418142184e-07
4.422008255493129405e-07
4.413710580945108385e-07
4.408296005740463406e-07
4.412104687816310669e-07
4.426875898833989217e-07
4.457689725904409163e-07
4.504105956194122804e-07
4.567936081138659655e-07
4.654400710670655908e-07
4.762609707462915362e-07
4.887092057567064272e-07
5.020629240723882855e-07
5.160215931150156320e-07
5.306084354364571771e-07
5.455791809451250625e-07
5.606066901257675569e-07
5.749314172423265232e-07
5.884334286711541557e-07
6.007033970720533472e-07
6.111060491120379863e-07
6.186596773595517767e-07
6.241044283470726555e-07
6.289271505384227852e-07
6.328484865198097395e-07
6.351788707358123112e-07
6.350759458101910913e-07
6.325017899336067128e-07
6.272336459225513074e-07
6.192793542716837100e-07
6.084703431284019050e-07
5.946641779183404860e-07
5.795031059665102878e-07
5.635100824630894570e-07
5.471001289141522184e-07
5.323723547592981857e-07
5.212709305719721204e-07
5.153858254568715795e-07
5.144641685506449430e-07
5.184274207435903478e-07
5.279749206365941120e-07
5.413536475478799766e-07
5.569576549480177428e-07
5.742662003010841604e-07
5.906356273277522711e-07
6.037693424937823115e-07
6.121429677089300919e-07
6.149282761066000569e-07
6.121724943428323529e-07
6.040387155116140396e-07
5.929048260859308623e-07
5.809639531323614199e-07
5.686163350567893358e-07
5.563335098770304896e-07
5.453715180855408184e-07
5.350449355548605922e-07
5.249319524772543776e-07
5.159404948370441441e-07
5.081048890073146625e-07
5.011479274367313078e-07
4.953922318051324880e-07
4.911966173839627495e-07
4.885273475133355884e-07
4.872499354802062196e-07
4.870849904411925032e-07
4.876951813900063633e-07
4.890047238345118727e-07
4.905900908138723054e-07
4.918375872121065500e-07
4.922574683164092788e-07
4.915974799478398688e-07
4.892442857399887730e-07
4.845823510317441682e-07
4.782925293600853978e-07
4.707543759138949140e-07
4.622570647091986128e-07
4.541239924961376586e-07
4.477866984321117416e-07
4.434583058473561110e-07
4.412490164740417651e-07
4.414001644135312071e-07
4.441203059895614115e-07
4.488678232508966245e-07
4.546621829171674311e-07
4.613081762869474925e-07
4.676157257731502915e-07
4.719504353631170726e-07
4.740943003643848518e-07
4.735895556741210391e-07
4.701779946299043310e-07
4.649284866104585330e-07
4.590476441970138825e-07
4.534657067171476292e-07
4.481656417048984753e-07
4.432233284508346326e-07
4.392660755004846021e-07
4.359535867685578008e-07
4.334111848577015602e-07
4.321477462272385494e-07
4.321081191330245411e-07
4.333531059745154158e-07
4.356131615024361210e-07
4.389286535022318387e-07
4.433244477994507259e-07
4.492839837700224118e-07
4.569884107491842510e-07
4.658492765166107149e-07
4.754257453290645574e-07
4.852287227567327045e-07
4.950380062623711396e-07
5.041840797816744347e-07
5.124849639102174205e-07
5.199560229891175636e-07
5.271660790896954877e-07
5.341727135500445805e-07
5.404744842501046177e-07
5.459436576710699073e-07
5.504208262772138791e-07
5.546490700098452442e-07
5.592108169429667720e-07
5.639868411573165030e-07
5.697011380748967954e-07
5.763654276426929723e-07
5.838147183818364702e-07
5.918253040161663499e-07
6.002794199771238499e-07
6.088994623464943518e-07
6.166125766256005762e-07
6.242033794409288963e-07
6.319896023043764411e-07
6.381203760463402063e-07
6.413816543830552527e-07
6.411410517312382858e-07
6.362695698812631277e-07
6.264106081710063079e-07
6.119273026305466332e-07
5.943437758649574838e-07
5.737808802645631271e-07
5.507214012412681209e-07
5.268715986610190911e-07
5.032692522680318955e-07
4.805375721785005674e-07
4.600773913068324308e-07
4.427675400864253229e-07
4.284299994565309346e-07
4.176198347700711466e-07
4.100446920414724912e-07
4.049465710581411739e-07
4.017840137468710239e-07
4.004941803483199894e-07
4.009081610580721627e-07
4.018079628935754902e-07
4.024440273829156887e-07
4.030154794246143638e-07
4.031939478729527610e-07
4.033240583152362196e-07
4.034199791006794729e-07
4.030185755596565694e-07
4.028239559616204676e-07
4.033937510387662783e-07
4.045305838263446776e-07
4.063838991193122392e-07
4.095894102577365426e-07
4.143384340014359064e-07
4.210225036549236724e-07
4.298963849666095581e-07
4.413216171160192408e-07
4.552629581101208459e-07
4.714226159208343243e-07
4.890096548632147424e-07
5.067112266409440238e-07
5.224284180161298686e-07
5.337575171396291750e-07
5.400521076822568108e-07
5.421335929297555131e-07
5.407778847179832454e-07
5.371708982852458759e-07
5.325098594196694219e-07
5.279153123996114233e-07
5.245168860332946096e-07
5.225261130473960887e-07
5.216880755567582105e-07
5.215239273318186771e-07
5.219646548858463705e-07
5.218838281339244070e-07
5.201704194678843404e-07
5.168510282703336317e-07
5.121378907306974729e-07
5.060583965350951425e-07
4.987714111584140558e-07
4.917323828235017713e-07
4.862293749251883987e-07
4.821750095196908123e-07
4.804876330068836512e-07
4.821502105512786157e-07
4.879218655962165719e-07
4.973718861922120766e-07
5.099336378848061950e-07
5.246097687030436884e-07
5.391811745787994885e-07
5.532838139893479320e-07
5.647117255652155992e-07
5.706762046712297434e-07
5.712258769548646712e-07
5.674483725582003101e-07
5.606617808323820739e-07
5.527201623978811216e-07
5.445123167854409801e-07
5.372585262213192615e-07
5.325707251658398328e-07
5.302131070885944868e-07
5.287919708548918363e-07
5.274053918966140132e-07
5.254732757663237584e-07
5.227240931017003170e-07
5.188927092134004645e-07
5.132639856139226323e-07
5.064777515740395363e-07
4.991965141703246446e-07
4.914612319940151337e-07
4.842825523954536225e-07
4.782090518415339470e-07
4.741306687011153348e-07
4.720988578891593187e-07
4.720193767548271380e-07
4.747178281800787423e-07
4.790664724183059783e-07
4.843962356248950338e-07
4.905454246108807231e-07
4.963584583610018394e-07
5.007376587605993202e-07
5.026294505294334554e-07
5.020487617730095513e-07
4.992376574608711956e-07
4.940788674229403396e-07
4.876440452134439383e-07
4.816886572245342658e-07
4.770985103632382727e-07
4.745110097881276152e-07
4.748508315064368075e-07
4.779715307140239748e-07
4.833409979856169101e-07
4.908926220476434384e-07
5.004356575942079807e-07
5.110703807305961836e-07
5.215374445466682773e-07
5.309355246728907861e-07
5.388704444953084218e-07
5.446759230343933079e-07
5.473639125322350603e-07
5.469655584842792428e-07
5.438343794462886066e-07
5.389404619098840213e-07
5.326762026008205498e-07
5.257077459439444613e-07
5.186146042888124352e-07
5.111622354437123731e-07
5.031278389725888248e-07
4.946802381598694183e-07
4.862536339478255798e-07
4.777903984685296110e-07
4.696649503628270339e-07
4.623595339489682991e-07
4.559750475884251760e-07
4.499563663038573866e-07
4.438220791851554043e-07
4.377650158079437574e-07
4.321779122047121855e-07
4.274130599789344723e-07
4.239791133646278585e-07
4.213836682780721782e-07
4.191650799200716490e-07
4.183291733120035064e-07
4.195241793585265531e-07
4.224612320218487464e-07
4.276680718635881611e-07
4.351706941408664773e-07
4.442200975818643841e-07
4.538970383253639469e-07
4.635473942281793616e-07
4.726747917424103214e-07
4.812171558935269234e-07
4.897498459157368699e-07
4.991791289422903921e-07
5.115172696702646457e-07
5.273001385856252269e-07
5.475475541172238250e-07
5.738116944419994522e-07
6.065132716891486560e-07
6.457517758973548591e-07
6.904577925356869170e-07
7.380497173851021535e-07
7.852741002500446422e-07
8.272366049174527294e-07
8.615898478801753897e-07
8.869236920647303663e-07
9.011647216411731073e-07
9.054251787204755378e-07
9.043881760645914121e-07
9.066260376337654401e-07
9.169424727853112158e-07
9.365648214122309590e-07
9.638870576767866856e-07
9.968097077040295257e-07
1.026742589168902038e-06
1.038755457278327195e-06
1.019596012126144683e-06
9.605004113230607617e-07
8.669053215146970748e-07
7.573037675868111295e-07
6.501885371595429579e-07
