1.000000000000000194e-02
2.000000000000000389e-02
3.000000000000000583e-02
4.000000000000000777e-02
5.000000000000000971e-02
6.000000000000001166e-02
7.000000000000000666e-02
8.000000000000001554e-02
9.000000000000001055e-02
1.000000000000000194e-01
1.100000000000000144e-01
1.200000000000000233e-01
1.300000000000000044e-01
1.400000000000000133e-01
1.500000000000000222e-01
1.600000000000000311e-01
1.700000000000000122e-01
1.800000000000000211e-01
1.900000000000000022e-01
2.000000000000000389e-01
2.100000000000000200e-01
2.200000000000000289e-01
2.300000000000000377e-01
2.400000000000000466e-01
2.500000000000000000e-01
2.600000000000000089e-01
2.700000000000000178e-01
2.800000000000000266e-01
2.900000000000000355e-01
3.000000000000000444e-01
3.099999999999999978e-01
3.200000000000000622e-01
3.300000000000000711e-01
3.400000000000000244e-01
3.500000000000000333e-01
3.600000000000000422e-01
3.699999999999999956e-01
3.800000000000000044e-01
3.900000000000000688e-01
4.000000000000000777e-01
4.100000000000000311e-01
4.200000000000000400e-01
4.300000000000001044e-01
4.400000000000000577e-01
4.500000000000000666e-01
4.600000000000000755e-01
4.700000000000000289e-01
4.800000000000000933e-01
4.900000000000000466e-01
5.000000000000000000e-01
5.100000000000000089e-01
5.200000000000000178e-01
5.300000000000000266e-01
5.400000000000000355e-01
5.500000000000000444e-01
5.600000000000000533e-01
5.700000000000000622e-01
5.800000000000000711e-01
5.899999999999999689e-01
6.000000000000000888e-01
6.099999999999999867e-01
6.199999999999999956e-01
6.300000000000001155e-01
6.400000000000001243e-01
6.500000000000000222e-01
6.600000000000001421e-01
6.700000000000000400e-01
6.800000000000000488e-01
6.900000000000000577e-01
7.000000000000000666e-01
7.099999999999999645e-01
7.200000000000000844e-01
7.299999999999999822e-01
7.399999999999999911e-01
7.500000000000000000e-01
7.600000000000000089e-01
7.700000000000000178e-01
7.800000000000001377e-01
7.900000000000000355e-01
8.000000000000001554e-01
8.100000000000000533e-01
8.200000000000000622e-01
8.300000000000000711e-01
8.400000000000000799e-01
8.499999999999999778e-01
8.600000000000002087e-01
8.700000000000001066e-01
8.800000000000001155e-01
8.900000000000001243e-01
9.000000000000001332e-01
9.100000000000000311e-01
9.200000000000001510e-01
9.300000000000000488e-01
9.400000000000000577e-01
9.500000000000001776e-01
9.600000000000001865e-01
9.700000000000000844e-01
9.800000000000000933e-01
9.899999999999999911e-01
1.000000000000000000e+00
1.010000000000000231e+00
1.020000000000000018e+00
1.030000000000000027e+00
1.040000000000000036e+00
1.050000000000000266e+00
1.060000000000000053e+00
1.070000000000000062e+00
1.080000000000000071e+00
1.090000000000000080e+00
1.100000000000000089e+00
1.110000000000000098e+00
1.120000000000000107e+00
1.130000000000000115e+00
1.140000000000000124e+00
1.150000000000000133e+00
1.160000000000000142e+00
1.170000000000000151e+00
1.179999999999999938e+00
1.189999999999999947e+00
1.200000000000000178e+00
1.210000000000000187e+00
1.219999999999999973e+00
1.229999999999999982e+00
1.239999999999999991e+00
1.250000000000000000e+00
1.260000000000000231e+00
1.270000000000000018e+00
1.280000000000000249e+00
1.290000000000000036e+00
1.300000000000000044e+00
1.310000000000000275e+00
1.320000000000000284e+00
1.330000000000000293e+00
1.340000000000000080e+00
1.350000000000000089e+00
1.360000000000000098e+00
1.370000000000000329e+00
1.380000000000000115e+00
1.390000000000000124e+00
1.400000000000000133e+00
1.410000000000000142e+00
1.419999999999999929e+00
1.430000000000000160e+00
1.440000000000000169e+00
1.450000000000000178e+00
1.459999999999999964e+00
1.469999999999999973e+00
1.479999999999999982e+00
1.490000000000000435e+00
1.500000000000000000e+00
1.510000000000000231e+00
1.520000000000000018e+00
1.530000000000000249e+00
1.540000000000000036e+00
1.550000000000000266e+00
1.560000000000000275e+00
1.570000000000000284e+00
1.580000000000000071e+00
1.590000000000000080e+00
1.600000000000000311e+00
1.610000000000000320e+00
1.620000000000000107e+00
1.630000000000000115e+00
1.640000000000000124e+00
1.650000000000000133e+00
1.660000000000000142e+00
1.670000000000000151e+00
1.680000000000000160e+00
1.690000000000000169e+00
1.699999999999999956e+00
1.709999999999999964e+00
1.720000000000000417e+00
1.730000000000000204e+00
1.740000000000000213e+00
1.750000000000000000e+00
1.760000000000000231e+00
1.770000000000000018e+00
1.780000000000000249e+00
1.790000000000000258e+00
1.800000000000000266e+00
1.810000000000000275e+00
1.820000000000000062e+00
1.830000000000000071e+00
1.840000000000000302e+00
1.850000000000000533e+00
1.860000000000000098e+00
1.869999999999999885e+00
1.880000000000000115e+00
1.890000000000000346e+00
1.900000000000000355e+00
1.910000000000000142e+00
1.920000000000000373e+00
1.930000000000000160e+00
1.940000000000000169e+00
1.950000000000000400e+00
1.960000000000000187e+00
1.970000000000000417e+00
1.979999999999999982e+00
1.990000000000000213e+00
2.000000000000000000e+00
2.010000000000000231e+00
2.020000000000000462e+00
2.030000000000000249e+00
2.040000000000000036e+00
2.049999999999999822e+00
2.060000000000000053e+00
2.070000000000000284e+00
2.080000000000000071e+00
2.090000000000000302e+00
2.100000000000000533e+00
2.110000000000000320e+00
2.120000000000000107e+00
2.130000000000000338e+00
2.140000000000000124e+00
2.150000000000000355e+00
2.160000000000000142e+00
2.170000000000000373e+00
2.180000000000000160e+00
2.190000000000000391e+00
2.200000000000000178e+00
2.209999999999999964e+00
2.220000000000000195e+00
2.229999999999999982e+00
2.240000000000000213e+00
2.250000000000000444e+00
2.260000000000000231e+00
2.270000000000000462e+00
2.280000000000000249e+00
2.290000000000000036e+00
2.300000000000000266e+00
2.310000000000000497e+00
2.320000000000000284e+00
2.330000000000000071e+00
2.340000000000000302e+00
2.350000000000000533e+00
2.359999999999999876e+00
2.369999999999999662e+00
2.379999999999999893e+00
2.390000000000000568e+00
2.400000000000000355e+00
2.410000000000000586e+00
2.420000000000000373e+00
2.430000000000000604e+00
2.439999999999999947e+00
2.450000000000000178e+00
2.459999999999999964e+00
2.470000000000000195e+00
2.479999999999999982e+00
2.490000000000000213e+00
2.500000000000000000e+00
2.510000000000000675e+00
2.520000000000000462e+00
2.530000000000000249e+00
2.540000000000000036e+00
2.550000000000000266e+00
2.560000000000000497e+00
2.570000000000000284e+00
2.580000000000000071e+00
2.590000000000000302e+00
2.600000000000000089e+00
2.609999999999999876e+00
2.620000000000000551e+00
2.630000000000000338e+00
2.640000000000000568e+00
2.650000000000000355e+00
2.660000000000000586e+00
2.670000000000000373e+00
2.680000000000000160e+00
2.689999999999999947e+00
2.700000000000000178e+00
2.709999999999999964e+00
2.720000000000000195e+00
2.729999999999999982e+00
2.740000000000000657e+00
2.750000000000000444e+00
2.760000000000000231e+00
2.770000000000000462e+00
2.780000000000000249e+00
2.790000000000000036e+00
2.800000000000000266e+00
2.810000000000000497e+00
2.820000000000000284e+00
2.830000000000000071e+00
2.839999999999999858e+00
2.850000000000000089e+00
2.860000000000000320e+00
2.870000000000000551e+00
2.880000000000000338e+00
2.890000000000000568e+00
2.900000000000000355e+00
2.910000000000000586e+00
2.919999999999999929e+00
2.930000000000000160e+00
2.939999999999999947e+00
2.950000000000000178e+00
2.959999999999999964e+00
2.970000000000000639e+00
2.980000000000000870e+00
2.990000000000000657e+00
3.000000000000000000e+00
3.010000000000000231e+00
3.020000000000000462e+00
3.030000000000000249e+00
3.040000000000000036e+00
3.050000000000000266e+00
3.060000000000000497e+00
3.070000000000000284e+00
3.080000000000000071e+00
3.090000000000000302e+00
3.100000000000000533e+00
3.110000000000000320e+00
3.120000000000000551e+00
3.130000000000000338e+00
3.140000000000000568e+00
3.150000000000000355e+00
3.160000000000000142e+00
3.169999999999999929e+00
3.180000000000000160e+00
3.189999999999999947e+00
3.200000000000000622e+00
3.210000000000000409e+00
3.220000000000000639e+00
3.230000000000000426e+00
3.240000000000000213e+00
3.250000000000000000e+00
3.260000000000000231e+00
3.270000000000000462e+00
3.280000000000000249e+00
3.290000000000000036e+00
3.300000000000000266e+00
3.310000000000000497e+00
3.320000000000000284e+00
3.330000000000000515e+00
3.340000000000000302e+00
3.350000000000000533e+00
3.360000000000000320e+00
3.370000000000000551e+00
3.380000000000000338e+00
3.390000000000000568e+00
3.399999999999999911e+00
3.410000000000000142e+00
3.419999999999999929e+00
3.430000000000000160e+00
3.440000000000000835e+00
3.450000000000000622e+00
3.460000000000000409e+00
3.470000000000000639e+00
3.480000000000000426e+00
3.490000000000000213e+00
3.500000000000000000e+00
3.510000000000000231e+00
3.520000000000000462e+00
3.530000000000000249e+00
3.540000000000000036e+00
3.550000000000000711e+00
3.560000000000000497e+00
3.570000000000000284e+00
3.580000000000000515e+00
3.590000000000000302e+00
3.600000000000000533e+00
3.610000000000000320e+00
3.620000000000000551e+00
3.630000000000000338e+00
3.640000000000000124e+00
3.649999999999999911e+00
3.660000000000000142e+00
3.670000000000000373e+00
3.680000000000000604e+00
3.690000000000000835e+00
3.700000000000001066e+00
3.710000000000000409e+00
3.720000000000000195e+00
3.730000000000000426e+00
3.739999999999999769e+00
3.750000000000000000e+00
3.760000000000000231e+00
3.770000000000000462e+00
3.780000000000000693e+00
3.790000000000000480e+00
3.800000000000000711e+00
3.810000000000000053e+00
3.820000000000000284e+00
3.830000000000000515e+00
3.840000000000000746e+00
3.850000000000000089e+00
3.860000000000000320e+00
3.870000000000000551e+00
3.880000000000000338e+00
3.889999999999999680e+00
3.900000000000000799e+00
3.910000000000001030e+00
3.920000000000000373e+00
3.930000000000000604e+00
3.940000000000000835e+00
3.950000000000000178e+00
3.959999999999999964e+00
3.970000000000000195e+00
3.980000000000000426e+00
3.990000000000000657e+00
4.000000000000000000e+00
4.009999999999999787e+00
4.020000000000000462e+00
4.030000000000000249e+00
4.040000000000000924e+00
4.050000000000000711e+00
4.060000000000000497e+00
4.070000000000000284e+00
4.080000000000000071e+00
4.090000000000000746e+00
4.099999999999999645e+00
4.110000000000000320e+00
4.120000000000000107e+00
4.130000000000000782e+00
4.140000000000000568e+00
4.150000000000000355e+00
4.160000000000000142e+00
4.169999999999999929e+00
4.180000000000000604e+00
4.190000000000000391e+00
4.200000000000001066e+00
4.209999999999999964e+00
4.220000000000000639e+00
4.230000000000000426e+00
4.240000000000000213e+00
4.250000000000000888e+00
4.260000000000000675e+00
4.270000000000000462e+00
4.280000000000000249e+00
4.290000000000000924e+00
4.300000000000000711e+00
4.310000000000000497e+00
4.320000000000000284e+00
4.330000000000000071e+00
4.340000000000000746e+00
4.349999999999999645e+00
4.360000000000000320e+00
4.370000000000000107e+00
4.380000000000000782e+00
4.390000000000000568e+00
4.400000000000000355e+00
4.410000000000001030e+00
4.419999999999999929e+00
4.430000000000000604e+00
4.440000000000000391e+00
4.450000000000000178e+00
4.459999999999999964e+00
4.470000000000000639e+00
4.480000000000000426e+00
4.490000000000000213e+00
4.500000000000000888e+00
4.510000000000000675e+00
4.520000000000000462e+00
4.530000000000000249e+00
4.540000000000000924e+00
4.550000000000000711e+00
4.560000000000000497e+00
4.570000000000001172e+00
4.580000000000000071e+00
4.590000000000000746e+00
4.600000000000000533e+00
4.610000000000001208e+00
4.620000000000000995e+00
4.630000000000000782e+00
4.640000000000000568e+00
4.650000000000000355e+00
4.660000000000000142e+00
4.669999999999999929e+00
4.680000000000000604e+00
4.690000000000000391e+00
4.700000000000001066e+00
4.709999999999999964e+00
4.719999999999999751e+00
4.730000000000000426e+00
4.739999999999999325e+00
4.750000000000000000e+00
4.759999999999999787e+00
4.770000000000000462e+00
4.780000000000001137e+00
4.790000000000000924e+00
4.800000000000000711e+00
4.810000000000000497e+00
4.820000000000001172e+00
4.830000000000000959e+00
4.840000000000000746e+00
4.850000000000000533e+00
4.860000000000001208e+00
4.870000000000000107e+00
4.879999999999999893e+00
4.890000000000000568e+00
4.900000000000000355e+00
4.910000000000001030e+00
4.919999999999999929e+00
4.930000000000000604e+00
4.940000000000000391e+00
4.950000000000000178e+00
4.959999999999999964e+00
4.969999999999999751e+00
4.980000000000000426e+00
4.990000000000000213e+00
5.000000000000000000e+00
5.010000000000000675e+00
5.020000000000001350e+00
5.030000000000001137e+00
5.040000000000000924e+00
5.050000000000000711e+00
5.060000000000000497e+00
5.070000000000001172e+00
5.080000000000000071e+00
5.090000000000000746e+00
5.100000000000000533e+00
5.110000000000000320e+00
5.120000000000000995e+00
5.129999999999999893e+00
5.140000000000000568e+00
5.150000000000000355e+00
5.160000000000000142e+00
5.169999999999999929e+00
5.180000000000000604e+00
5.190000000000000391e+00
5.200000000000000178e+00
5.209999999999999964e+00
5.219999999999999751e+00
5.230000000000000426e+00
5.240000000000001101e+00
5.250000000000001776e+00
5.260000000000000675e+00
5.270000000000000462e+00
5.280000000000001137e+00
5.290000000000000036e+00
5.300000000000000711e+00
5.310000000000000497e+00
5.320000000000001172e+00
5.330000000000000959e+00
5.340000000000000746e+00
5.350000000000000533e+00
5.360000000000000320e+00
5.370000000000000107e+00
5.379999999999999893e+00
5.390000000000000568e+00
5.400000000000000355e+00
5.410000000000001030e+00
5.419999999999999929e+00
5.430000000000000604e+00
5.440000000000000391e+00
5.449999999999999289e+00
5.459999999999999964e+00
5.470000000000000639e+00
5.480000000000001315e+00
5.490000000000001101e+00
5.500000000000000888e+00
5.510000000000000675e+00
5.520000000000000462e+00
5.530000000000001137e+00
5.540000000000000924e+00
5.550000000000000711e+00
5.560000000000000497e+00
5.570000000000001172e+00
5.580000000000000071e+00
5.590000000000000746e+00
5.600000000000000533e+00
5.610000000000000320e+00
5.620000000000000995e+00
5.629999999999999893e+00
5.640000000000000568e+00
5.650000000000000355e+00
5.660000000000000142e+00
5.669999999999999929e+00
5.679999999999999716e+00
5.690000000000000391e+00
5.700000000000000178e+00
5.710000000000000853e+00
5.720000000000000639e+00
5.730000000000001315e+00
5.740000000000001101e+00
5.750000000000000888e+00
5.760000000000000675e+00
5.770000000000000462e+00
5.780000000000001137e+00
5.790000000000000036e+00
5.800000000000000711e+00
5.810000000000000497e+00
5.820000000000001172e+00
5.830000000000000959e+00
5.839999999999999858e+00
5.850000000000000533e+00
5.860000000000000320e+00
5.870000000000000107e+00
5.879999999999999893e+00
5.890000000000000568e+00
5.900000000000000355e+00
5.910000000000000142e+00
5.919999999999999929e+00
5.929999999999999716e+00
5.940000000000001279e+00
5.950000000000001066e+00
5.960000000000001741e+00
5.970000000000000639e+00
5.980000000000001315e+00
5.990000000000001101e+00
6.000000000000000000e+00
6.010000000000000675e+00
6.020000000000000462e+00
6.030000000000001137e+00
6.040000000000000924e+00
6.050000000000000711e+00
6.060000000000000497e+00
6.070000000000000284e+00
6.080000000000000071e+00
6.089999999999999858e+00
6.100000000000000533e+00
6.110000000000000320e+00
6.120000000000000995e+00
6.129999999999999893e+00
6.140000000000000568e+00
6.150000000000000355e+00
6.160000000000000142e+00
6.170000000000001705e+00
6.180000000000000604e+00
6.190000000000001279e+00
6.200000000000001066e+00
6.210000000000000853e+00
6.220000000000000639e+00
6.230000000000000426e+00
6.240000000000001101e+00
6.250000000000000888e+00
6.260000000000000675e+00
6.270000000000000462e+00
6.280000000000001137e+00
6.290000000000000036e+00
6.300000000000000711e+00
6.310000000000000497e+00
6.320000000000000284e+00
6.330000000000000959e+00
6.339999999999999858e+00
6.350000000000000533e+00
6.360000000000000320e+00
6.370000000000000107e+00
6.379999999999999893e+00
6.390000000000000568e+00
6.400000000000001243e+00
6.410000000000001030e+00
6.420000000000000817e+00
6.430000000000000604e+00
6.440000000000001279e+00
6.450000000000001066e+00
6.460000000000000853e+00
6.470000000000000639e+00
6.480000000000000426e+00
6.490000000000001101e+00
6.500000000000000000e+00
6.510000000000000675e+00
6.520000000000000462e+00
6.530000000000001137e+00
6.540000000000000924e+00
6.550000000000000711e+00
6.560000000000000497e+00
6.570000000000000284e+00
6.580000000000000071e+00
6.589999999999999858e+00
6.600000000000000533e+00
6.610000000000000320e+00
6.620000000000000995e+00
6.629999999999999893e+00
6.640000000000000568e+00
6.650000000000001243e+00
6.660000000000001030e+00
6.670000000000001705e+00
6.680000000000000604e+00
6.690000000000001279e+00
6.700000000000001066e+00
6.710000000000000853e+00
6.720000000000000639e+00
6.730000000000000426e+00
6.740000000000001101e+00
6.750000000000000888e+00
6.760000000000000675e+00
6.770000000000000462e+00
6.780000000000001137e+00
6.790000000000000036e+00
6.799999999999999822e+00
6.810000000000000497e+00
6.820000000000000284e+00
6.830000000000000959e+00
6.839999999999999858e+00
6.850000000000000533e+00
6.860000000000000320e+00
6.870000000000000995e+00
6.880000000000001670e+00
6.890000000000000568e+00
6.900000000000001243e+00
6.910000000000001030e+00
6.920000000000000817e+00
6.930000000000000604e+00
6.940000000000001279e+00
6.950000000000001066e+00
6.960000000000000853e+00
6.970000000000000639e+00
6.980000000000000426e+00
6.990000000000001101e+00
7.000000000000000000e+00
7.010000000000000675e+00
7.020000000000000462e+00
7.030000000000000249e+00
7.040000000000000924e+00
7.049999999999999822e+00
7.060000000000000497e+00
7.070000000000000284e+00
7.080000000000000071e+00
7.089999999999999858e+00
7.100000000000001421e+00
7.110000000000001208e+00
7.120000000000000995e+00
7.130000000000000782e+00
7.140000000000000568e+00
7.150000000000001243e+00
7.160000000000001030e+00
7.170000000000001705e+00
7.180000000000000604e+00
7.190000000000000391e+00
7.200000000000001066e+00
7.209999999999999964e+00
7.220000000000000639e+00
7.230000000000000426e+00
7.240000000000001101e+00
7.250000000000000888e+00
7.260000000000000675e+00
7.270000000000000462e+00
7.280000000000000249e+00
7.290000000000000036e+00
7.299999999999999822e+00
7.310000000000000497e+00
7.320000000000000284e+00
7.330000000000000959e+00
7.340000000000000746e+00
7.350000000000000533e+00
7.360000000000001208e+00
7.370000000000000995e+00
7.380000000000001670e+00
7.390000000000001457e+00
7.400000000000002132e+00
7.410000000000000142e+00
7.420000000000000817e+00
7.430000000000000604e+00
7.440000000000000391e+00
7.450000000000001066e+00
7.460000000000000853e+00
7.470000000000001528e+00
7.479999999999999538e+00
7.490000000000000213e+00
7.500000000000000000e+00
7.510000000000000675e+00
7.520000000000000462e+00
7.530000000000000249e+00
7.540000000000000924e+00
7.550000000000000711e+00
7.560000000000001386e+00
7.570000000000001172e+00
7.580000000000000959e+00
7.590000000000001634e+00
7.600000000000001421e+00
7.610000000000000320e+00
7.620000000000000107e+00
7.630000000000000782e+00
7.640000000000000568e+00
7.650000000000001243e+00
7.660000000000001030e+00
7.670000000000000817e+00
7.680000000000001492e+00
7.690000000000001279e+00
7.700000000000000178e+00
7.709999999999999964e+00
7.720000000000000639e+00
7.730000000000000426e+00
7.740000000000001101e+00
7.750000000000000888e+00
7.760000000000000675e+00
7.769999999999999574e+00
7.779999999999999361e+00
7.790000000000000036e+00
7.800000000000001599e+00
7.810000000000001386e+00
7.820000000000002061e+00
7.830000000000000959e+00
7.840000000000000746e+00
7.850000000000000533e+00
7.860000000000001208e+00
7.870000000000000995e+00
7.880000000000001670e+00
7.890000000000001457e+00
7.900000000000000355e+00
7.910000000000000142e+00
7.919999999999999929e+00
7.930000000000000604e+00
7.940000000000000391e+00
7.950000000000001066e+00
7.960000000000000853e+00
7.970000000000001528e+00
7.980000000000001315e+00
7.990000000000000213e+00
8.000000000000000000e+00
8.009999999999999787e+00
8.019999999999999574e+00
8.030000000000001137e+00
8.040000000000000924e+00
8.050000000000000711e+00
8.060000000000000497e+00
8.070000000000000284e+00
8.080000000000001847e+00
8.090000000000001634e+00
8.100000000000001421e+00
8.110000000000001208e+00
8.120000000000000995e+00
8.130000000000000782e+00
8.140000000000000568e+00
8.150000000000000355e+00
8.160000000000000142e+00
8.170000000000001705e+00
8.180000000000001492e+00
8.189999999999999503e+00
8.199999999999999289e+00
8.210000000000000853e+00
8.220000000000000639e+00
8.230000000000000426e+00
8.240000000000000213e+00
8.250000000000000000e+00
8.260000000000001563e+00
8.270000000000001350e+00
8.280000000000001137e+00
8.290000000000000924e+00
8.300000000000000711e+00
8.310000000000002274e+00
8.320000000000000284e+00
8.330000000000000071e+00
8.339999999999999858e+00
8.350000000000001421e+00
8.360000000000001208e+00
8.370000000000000995e+00
8.380000000000000782e+00
8.390000000000000568e+00
8.400000000000002132e+00
8.410000000000000142e+00
8.419999999999999929e+00
8.429999999999999716e+00
8.440000000000001279e+00
8.450000000000001066e+00
8.460000000000000853e+00
8.470000000000000639e+00
8.480000000000000426e+00
8.490000000000000213e+00
8.500000000000001776e+00
8.510000000000001563e+00
8.520000000000001350e+00
8.530000000000001137e+00
8.540000000000000924e+00
8.550000000000000711e+00
8.560000000000000497e+00
8.570000000000000284e+00
8.580000000000001847e+00
8.590000000000001634e+00
8.600000000000001421e+00
8.609999999999999432e+00
8.620000000000000995e+00
8.630000000000000782e+00
8.640000000000000568e+00
8.650000000000000355e+00
8.660000000000000142e+00
8.670000000000001705e+00
8.680000000000001492e+00
8.690000000000001279e+00
8.699999999999999289e+00
8.710000000000000853e+00
8.720000000000000639e+00
8.730000000000002203e+00
8.740000000000000213e+00
8.750000000000000000e+00
8.760000000000001563e+00
8.770000000000001350e+00
8.780000000000001137e+00
8.790000000000000924e+00
8.800000000000000711e+00
8.810000000000002274e+00
8.820000000000002061e+00
8.830000000000000071e+00
8.839999999999999858e+00
8.850000000000001421e+00
8.860000000000001208e+00
8.870000000000000995e+00
8.880000000000000782e+00
8.890000000000000568e+00
8.900000000000000355e+00
8.910000000000000142e+00
8.919999999999999929e+00
8.929999999999999716e+00
8.940000000000001279e+00
8.950000000000001066e+00
8.960000000000000853e+00
8.970000000000000639e+00
8.980000000000000426e+00
8.990000000000001990e+00
9.000000000000001776e+00
9.010000000000001563e+00
9.020000000000001350e+00
9.030000000000001137e+00
9.040000000000000924e+00
9.050000000000000711e+00
9.060000000000000497e+00
9.070000000000000284e+00
9.080000000000001847e+00
9.090000000000001634e+00
9.100000000000001421e+00
9.110000000000001208e+00
9.120000000000000995e+00
9.130000000000000782e+00
9.140000000000002345e+00
9.150000000000000355e+00
9.160000000000000142e+00
9.170000000000001705e+00
9.180000000000001492e+00
9.189999999999999503e+00
9.200000000000001066e+00
9.209999999999999076e+00
9.220000000000002416e+00
9.230000000000000426e+00
9.240000000000001990e+00
9.250000000000000000e+00
9.260000000000001563e+00
9.270000000000001350e+00
9.280000000000001137e+00
9.289999999999999147e+00
9.300000000000000711e+00
9.310000000000002274e+00
9.320000000000000284e+00
9.330000000000001847e+00
9.339999999999999858e+00
9.350000000000001421e+00
9.360000000000001208e+00
9.370000000000002771e+00
9.380000000000000782e+00
9.390000000000000568e+00
9.400000000000002132e+00
9.410000000000001918e+00
9.419999999999999929e+00
9.430000000000001492e+00
9.439999999999999503e+00
9.450000000000001066e+00
9.460000000000000853e+00
9.470000000000000639e+00
9.479999999999998650e+00
9.490000000000001990e+00
9.500000000000000000e+00
9.510000000000001563e+00
9.519999999999999574e+00
9.530000000000001137e+00
9.540000000000000924e+00
9.550000000000000711e+00
9.560000000000002274e+00
9.570000000000000284e+00
9.580000000000001847e+00
9.590000000000001634e+00
9.600000000000001421e+00
9.609999999999999432e+00
9.620000000000000995e+00
9.630000000000000782e+00
9.640000000000002345e+00
9.650000000000000355e+00
9.660000000000001918e+00
9.669999999999999929e+00
9.680000000000001492e+00
9.690000000000001279e+00
9.700000000000001066e+00
9.709999999999999076e+00
9.720000000000002416e+00
9.730000000000000426e+00
9.740000000000000213e+00
9.750000000000000000e+00
9.759999999999999787e+00
9.769999999999999574e+00
9.780000000000001137e+00
9.790000000000002700e+00
9.800000000000000711e+00
9.810000000000002274e+00
9.820000000000002061e+00
9.830000000000001847e+00
9.839999999999999858e+00
9.850000000000001421e+00
9.860000000000001208e+00
9.870000000000000995e+00
9.880000000000000782e+00
9.890000000000000568e+00
9.900000000000000355e+00
9.910000000000001918e+00
9.919999999999999929e+00
9.930000000000001492e+00
9.939999999999999503e+00
9.950000000000002842e+00
9.960000000000000853e+00
9.970000000000000639e+00
9.980000000000000426e+00
9.990000000000000213e+00
7.325642273457315840e+18
6.976896124970455040e+18
5.993789467390241792e+18
4.548516998203162624e+18
2.877152360200181760e+18
1.222481715750123264e+18
-2.168375322446780160e+17
-1.317505818742519552e+18
-2.038673868709200896e+18
-2.408560312450409472e+18
-2.499107361248048128e+18
-2.398150781021635584e+18
-2.186622870764340480e+18
-1.924909269673075968e+18
-1.648969010168440320e+18
-1.374125433458212608e+18
-1.103019018669435648e+18
-8.341248119136907520e+17
-5.681557380315992320e+17
-3.110706618497278080e+17
-7.375678892805953600e+16
1.305989116185913440e+17
2.900306127150711040e+17
3.968777130072499840e+17
4.495332156665783680e+17
4.525371628389946240e+17
4.152408729056780800e+17
3.496355235739708800e+17
2.680569141746584320e+17
1.813590323634477440e+17
9.787713448297222400e+16
2.319595742358531200e+16
-3.949282865481053600e+16
-8.876027925522617600e+16
-1.243237839509593920e+17
-1.466170376524723520e+17
-1.565815590425386880e+17
-1.556088879784141120e+17
-1.455167518059323520e+17
-1.284574442577469600e+17
-1.067115265394353920e+17
-8.238698131795641600e+16
-5.710009231610305600e+16
-3.174475506757075600e+16
-6.452591423360180000e+15
1.919660122434588000e+16
4.573030534874159200e+16
7.321013982292651200e+16
1.007076418295951360e+17
1.260303676026712800e+17
1.458568157664851520e+17
1.563311911383933440e+17
1.540213325105572160e+17
1.369982049650497760e+17
1.057052950443514720e+17
6.329687533219596800e+16
1.525338963602230600e+16
-3.169740598449319200e+16
-7.108670307367660000e+16
-9.820787363238388800e+16
-1.111663680182758560e+17
-1.111616100125321440e+17
-1.019262807787752480e+17
-8.850542260190542400e+16
-7.574645651517206400e+16
-6.693945737826687200e+16
-6.298562191332610400e+16
-6.230856635529485600e+16
-6.150793917005691200e+16
-5.654704170401807200e+16
-4.412094373766170400e+16
-2.280769116500480800e+16
6.326148943781653000e+15
3.983356916668856000e+16
7.267081634748081600e+16
9.942698952530072000e+16
1.156465602229159200e+17
1.188722209456724160e+17
1.091259120606022080e+17
8.872031372052124800e+16
6.149773566274808800e+16
3.176152321276319600e+16
3.240934720150489000e+15
-2.160903249485414400e+16
-4.180694939674943200e+16
-5.755608493269051200e+16
-6.963733751702060000e+16
-7.873908412435572800e+16
-8.497132806415872000e+16
-8.772336438571070400e+16
-8.589158027154708800e+16
-7.837269747826166400e+16
-6.462901966888196000e+16
-4.511279337701683200e+16
-2.139127881360620400e+16
4.077076421349816000e+15
2.844131025905757600e+16
4.906425762868620800e+16
6.404017535609743200e+16
7.247004062346532800e+16
7.443522798555441600e+16
7.071824484365324800e+16
6.240108012789735200e+16
5.050082239849694400e+16
3.577279927616948400e+16
1.873784913162168400e+16
-9.980566605388404688e+13
-1.995328777642069200e+16
-3.951755612261600000e+16
-5.692694225190401600e+16
-6.997139573662740800e+16
-7.654461904266284800e+16
-7.520540346944588800e+16
-6.567470486347927200e+16
-4.909009250763130400e+16
-2.790295761733362400e+16
-5.414287268816452000e+15
1.493600677617144200e+16
3.032720536324593600e+16
3.914680407855040800e+16
4.124807760268784800e+16
3.781809166306672800e+16
3.091476368490004400e+16
2.282320305980739200e+16
1.542334735211074000e+16
9.745266753372238000e+15
5.824237949050520000e+15
2.875217268517856500e+15
-2.880327973653153125e+14
-4.733657050972893000e+15
-1.096248549927692600e+16
-1.867276386337372000e+16
-2.681151411289851600e+16
-3.389041252027152000e+16
-3.845614600200163200e+16
-3.955349942246535200e+16
-3.702266601584490400e+16
-3.153034347858105600e+16
-2.432798975726682000e+16
-1.682725536840390000e+16
-1.014748324893330400e+16
-4.798702078559461000e+15
-6.114012639472801250e+14
3.069338839973289000e+15
7.006951703782785000e+15
1.166148933758106000e+16
1.689980460637307600e+16
2.193732759661512800e+16
2.553713409462159200e+16
2.640252890408120000e+16
2.363282126353985200e+16
1.708804626090342400e+16
7.534240026115711000e+15
-3.490317320367842000e+15
-1.405581423707568000e+16
-2.235257459800864000e+16
-2.717175148950939200e+16
-2.820338966106258000e+16
-2.606304508386014800e+16
-2.204875283793521200e+16
-1.771444517400779400e+16
-1.439625135905206000e+16
-1.283276417301788000e+16
-1.298420894451442800e+16
-1.409344102012203600e+16
-1.496271748700970600e+16
-1.436141696225493200e+16
-1.144451754776530600e+16
-6.057903894599966000e+15
1.163260208371400250e+15
8.937814363199963000e+15
1.568494843958067400e+16
1.996983334155145200e+16
2.091103400402558800e+16
1.842381806633699200e+16
1.322772810617023000e+16
6.624093680629991000e+15
1.218485630264871406e+14
-4.966689453888140000e+15
-7.837545116568882000e+15
-8.330811551481608000e+15
-6.869564028192274000e+15
-4.244298056270695500e+15
-1.328254381595669750e+15
1.179320556553090000e+15
2.904144156255595000e+15
3.806034814771686000e+15
4.061430919378385500e+15
3.879852075803213000e+15
3.338498412763356500e+15
2.310551235135926000e+15
5.223816293233079375e+14
-2.282501209382697000e+15
-6.145017126606445000e+15
-1.075006427993069000e+16
-1.541710378867416400e+16
-1.924358226255607600e+16
-2.136123489151495600e+16
-2.121755084102401200e+16
-1.877936427407815600e+16
-1.457853433249815800e+16
-9.573039678215826000e+15
-4.861724987794512000e+15
-1.343934545103781500e+15
5.631971678833462500e+14
1.055350540792558125e+15
8.759777263485470000e+14
1.076065719627724375e+15
2.672811563242885500e+15
6.308305675285166000e+15
1.200562202467298200e+16
1.909147775856839200e+16
2.631134704276675200e+16
3.211395136379558800e+16
3.503682542933370400e+16
3.409382455067880800e+16
2.905933873224715200e+16
2.056720790590664800e+16
9.990286609652998000e+15
-8.741880268765056250e+14
-1.023463999324147800e+16
-1.673865866648100600e+16
-1.979366135214538800e+16
-1.968511328945244400e+16
-1.745560917871891800e+16
-1.457538924849201800e+16
-1.249783805292299800e+16
-1.223123297977987200e+16
-1.405513609175334400e+16
-1.746442094379544800e+16
-2.135055557654357200e+16
-2.435409707513282800e+16
-2.527149534673166000e+16
-2.339010711018606400e+16
-1.865845200662754400e+16
-1.165975235208506200e+16
-3.422293057280853500e+15
4.853183852364221000e+15
1.205629828307962600e+16
1.735012667631359400e+16
2.024901107641836400e+16
2.060938401889521200e+16
1.857576190062960000e+16
1.452138032002733600e+16
9.001747555903035000e+15
2.715276391437091500e+15
-3.548431013281351000e+15
-8.989871516625686000e+15
-1.291280405969672600e+16
-1.485156791338966000e+16
-1.467849814756023600e+16
-1.265234605587029000e+16
-9.378962618483918000e+15
-5.679621819503305000e+15
-2.392819307633132000e+15
-1.610412760381002500e+14
7.353999936082391250e+14
4.452268185699960625e+14
-5.104533916036607500e+14
-1.405035853466120500e+15
-1.535596024506401750e+15
-4.464979868226267500e+14
1.918402805878383250e+15
5.177484768263011000e+15
8.593964098601910000e+15
1.125195157491386600e+16
1.227703351740139200e+16
1.104801079465885600e+16
7.355437124704455000e+15
1.477522252227471500e+15
-5.840742111064159000e+15
-1.350490644611960000e+16
-2.026917134516681200e+16
-2.498253947785684800e+16
-2.683394353548367600e+16
-2.553826009037432400e+16
-2.141048566906099200e+16
-1.529839539456604400e+16
-8.380811274935159000e+15
-1.878785365585649000e+15
3.242918009480931500e+15
6.498355148958144000e+15
7.960417392676266000e+15
8.174804849505445000e+15
7.937834558980559000e+15
8.012244064894944000e+15
8.873271792098593000e+15
1.056265886311849200e+16
1.268789471588170800e+16
1.455528965168666000e+16
1.538694137320753600e+16
1.455449917277165200e+16
1.176680279664408200e+16
7.166605390678881000e+15
1.315543883784505250e+15
-4.927656804379540000e+15
-1.060505291023456400e+16
-1.488174321445842000e+16
-1.723216170204306600e+16
-1.753979338964438000e+16
-1.608686683883310400e+16
-1.344567671350039200e+16
-1.031275654728362400e+16
-7.340065587847777000e+15
-5.009933823121713000e+15
-3.577684111100691500e+15
-3.078739879485403500e+15
-3.377302223694683500e+15
-4.228294550075861000e+15
-5.332689284574655000e+15
-6.381383940302209000e+15
-7.094018718704781000e+15
-7.259995861011099000e+15
-6.780419058172101000e+15
-5.699263613896557000e+15
-4.208164048196315500e+15
-2.614479526180137000e+15
-1.273715139202677500e+15
-4.997283091029236875e+14
-4.755424174767588125e+14
-1.191262710012010500e+15
-2.431248360945540500e+15
-3.819848773596980000e+15
-4.916714690444499000e+15
-5.336360193738786000e+15
-4.858901751114487000e+15
-3.501755438753492000e+15
-1.532358305047185000e+15
5.847736053659077500e+14
2.298985156742354000e+15
3.119545376113681000e+15
2.760655112536751000e+15
1.243498827540886000e+15
-1.078967025310953875e+15
-3.588331833646065500e+15
-5.545082483214095000e+15
-6.274461979172734000e+15
-5.345179888012181000e+15
-2.694098020785281500e+15
1.336368500603164250e+15
6.060557436721021000e+15
1.060008182305791800e+16
1.408820274292514000e+16
1.587668443542063600e+16
1.568898474396626800e+16
1.367572095826553000e+16
1.035609383524531200e+16
6.463871764539846000e+15
2.746223390130370000e+15
-2.222584227102276250e+14
-2.154930101033892000e+15
-3.068546774097133000e+15
-3.205758531690326000e+15
-2.904342451517442500e+15
-2.468145182366046500e+15
-2.086355930534354750e+15
-1.820903037183091250e+15
-1.650628201546868250e+15
-1.540087728771259250e+15
-1.497779440595125000e+15
-1.600624259839684750e+15
-1.979475909330787250e+15
-2.775312060196051500e+15
-4.083269044488978000e+15
-5.902248857234103000e+15
-8.104353834015651000e+15
-1.043253104161880200e+16
-1.252745475326819800e+16
-1.397756864969122000e+16
-1.438229210987176600e+16
-1.341927776751504000e+16
-1.090971983909161400e+16
-6.876144688863179000e+15
-1.582294390983175750e+15
4.461792012574673500e+15
1.054698624380398400e+16
1.587148407554445400e+16
1.969332433324670400e+16
2.149516263896252000e+16
2.111610572400057200e+16
1.880909478545024400e+16
1.519979000167881600e+16
1.114856300805970800e+16
7.544369020886322000e+15
5.081556634084584000e+15
4.081319593170110500e+15
4.411994241179508000e+15
5.535193081994678000e+15
6.665433622736689000e+15
6.994613599965149000e+15
5.914411753037719000e+15
3.175510296065434000e+15
-1.052883723340299750e+15
-6.228500607305918000e+15
-1.156494791281071800e+16
-1.620612626866229000e+16
-1.940273618954866400e+16
-2.065248255574784800e+16
-1.977925271339551600e+16
-1.694493057293454800e+16
-1.260420505209084800e+16
-7.421028898428851000e+15
-2.163670149459758000e+15
2.411256777274098000e+15
5.678536490329254000e+15
7.255495178610190000e+15
7.081701500453819000e+15
5.438324591420793000e+15
2.886035439074371000e+15
1.238946000269622969e+14
-2.197564695613836250e+15
-3.653209839501091500e+15
-4.152564642384934000e+15
-3.945490423470368000e+15
-3.523619846201334000e+15
-3.450072330693912000e+15
-4.169066597501844500e+15
-5.848624211209975000e+15
-8.298005828442458000e+15
-1.098300017361395200e+16
-1.314046818898878400e+16
-1.396999269667220600e+16
-1.285770683293218000e+16
-9.572247158032904000e+15
-4.373813722910088500e+15
2.001526304928509250e+15
8.484350365026719000e+15
1.390597461392655400e+16
1.726336050966553400e+16
1.794690519480140800e+16
1.587393116485339200e+16
1.149527910479657200e+16
5.675639183008517000e+15
-5.171979931977590625e+14
-6.053546193615481000e+15
-1.014664856761032400e+16
-1.237098524972214400e+16
-1.267668316577194200e+16
-1.131720912537382000e+16
-8.729811183751325000e+15
-5.412119389822962000e+15
-1.827257812380251000e+15
1.647934604354769250e+15
4.733465790274077000e+15
7.229048806732574000e+15
8.988422056268732000e+15
9.903456727656682000e+15
9.908647947203974000e+15
9.003703410849441000e+15
7.279667601010680000e+15
4.929381081742511000e+15
2.229689149954509250e+15
-5.027347652953373125e+14
-2.966438804442022500e+15
-4.921219415473909000e+15
-6.212425166938058000e+15
-6.773886469031444000e+15
-6.619512909046243000e+15
-5.834149672114318000e+15
-4.567182823395482000e+15
-3.024798066930999500e+15
-1.454885235529366750e+15
-1.227892760642149531e+14
7.184594545334486250e+14
8.581353683681926250e+14
1.556453911090228750e+14
-1.432898033813834500e+15
-3.829097200138826000e+15
-6.812675561473260000e+15
-1.001885430328055400e+16
-1.296539697319231200e+16
-1.511691383236002600e+16
-1.598272454995162000e+16
-1.523046751910255800e+16
-1.278616156628903400e+16
-8.887946357539084000e+15
-4.068935689941434000e+15
9.366630582432840000e+14
5.346677466005558000e+15
8.506079133298685000e+15
1.003745640654017200e+16
9.924869621189730000e+15
8.506499789756813000e+15
6.376912559082737000e+15
4.225250224325270000e+15
2.653555059168750500e+15
2.024377687999149750e+15
2.377911715237845000e+15
3.439358381551835500e+15
4.712880372474859000e+15
5.635638100413018000e+15
5.749217364968287000e+15
4.839723593787393000e+15
3.004477503707543000e+15
6.225595222471696250e+14
-1.764783403809057500e+15
-3.627602646617286500e+15
-4.617885822393896000e+15
-4.679834464578449000e+15
-4.062973176892930500e+15
-3.236096756565806000e+15
-2.734377032036582000e+15
-2.992166934890212500e+15
-4.213881341040240500e+15
-6.317772474044143000e+15
-8.961807960323675000e+15
-1.163661848538317800e+16
-1.379446216997335600e+16
-1.497787979443532400e+16
-1.491686481638892200e+16
-1.357564981354555600e+16
-1.114537122959784000e+16
-7.992671393663548000e+15
-4.583385681850485000e+15
-1.402875777475555250e+15
1.110458859698739250e+15
2.612500206690596000e+15
2.886368496259938000e+15
1.870152554622752750e+15
-3.170026055392107500e+14
-3.358518550218499000e+15
-6.750606495617477000e+15
-9.854440207761048000e+15
-1.199324491616215000e+16
-1.258029013886937000e+16
-1.125022579494808600e+16
-7.961136930600938000e+15
-3.038590728970595000e+15
2.855943687463330000e+15
8.833771784147248000e+15
1.394746795847978000e+16
1.738473266604282400e+16
1.864302497871214000e+16
1.764195719553945800e+16
1.474457533489884000e+16
1.068116513421076600e+16
6.393115296797398000e+15
2.833079387994297000e+15
7.671680272432262500e+14
6.240166355021146250e+14
2.424059564058077500e+15
5.801451104192932000e+15
1.010545575932197200e+16
1.454661608962904800e+16
1.834475206761992800e+16
2.084414231490901200e+16
2.158050449285194400e+16
2.030424493783199200e+16
1.697602029036830800e+16
1.175130172056930200e+16
4.963050362482719000e+15
-2.898621972501915500e+15
-1.121823268663358200e+16
-1.930703154871130000e+16
-2.647737389827185600e+16
-3.213022969769177600e+16
-3.583737367294355200e+16
-3.739748272255103200e+16
-3.685158416321994400e+16
-3.445552036641401600e+16
-3.061983529098135200e+16
-2.583533269486182000e+16
-2.060254632574548400e+16
-1.537644170092557800e+16
-1.052858293703453600e+16
-6.323283105188157000e+15
-2.904592753609916500e+15
-2.955320117068985625e+14
1.585465720170877500e+15
2.887846946295399500e+15
3.776917801480198000e+15
4.381320394666131000e+15
4.760050641069725000e+15
4.904771498939829000e+15
4.779747352633801000e+15
4.384674612461036000e+15
3.813137481017928000e+15
3.277737406980642500e+15
3.084005015807684500e+15
3.555294829923862500e+15
4.931806811439418000e+15
7.279318970831851000e+15
1.044141735211521400e+16
1.405319589827840800e+16
1.761169938417070400e+16
2.057875951561961200e+16
2.248362599775960000e+16
2.299829245712508400e+16
2.197330522318052000e+16
1.943753456900754000e+16
1.557453716915262400e+16
1.068858827275976000e+16
5.168493546880267000e+15
-5.481751653544814375e+14
-6.010628724570976000e+15
-1.079078911544066000e+16
-1.451915297063844200e+16
-1.691860834304948600e+16
-1.783233750558496600e+16
-1.724063277885156600e+16
-1.526194189128227600e+16
-1.213682028927663200e+16
-8.198405534157876000e+15
-3.837066139146239500e+15
5.329902876387426250e+14
4.502074752129956000e+15
7.691965017791824000e+15
9.788706857617752000e+15
1.058562462156308000e+16
1.003254581798092400e+16
8.277805039738145000e+15
5.684242885848724000e+15
2.802301994257528500e+15
2.930096555864727500e+14
-1.191727410595818250e+15
-1.149785190515923500e+15
6.401974902465215000e+14
4.029604260700763500e+15
8.479597407720170000e+15
1.312708185035626600e+16
1.693797991639136800e+16
1.892567684434284400e+16
1.838647276697436000e+16
1.508660729749620200e+16
9.339986130242430000e+15
1.946108154860820000e+15
-5.996509191032763000e+15
-1.334499122951832200e+16
-1.915986259298204800e+16
-2.288053783301807200e+16
-2.439310173834828400e+16
-2.399015509891488000e+16
-2.224948178578516800e+16
-1.987078068023287600e+16
-1.750929797009872200e+16
-1.563801143251120600e+16
-1.446114203625831400e+16
-1.389271855499256800e+16
-1.360258017387425800e+16
-1.311785422472110000e+16
-1.195408792445342200e+16
-9.742827861471398000e+15
-6.325309822166364000e+15
-1.793801864315189000e+15
3.522047363112927500e+15
9.112830925131910000e+15
1.437279966081566000e+16
1.869165204390507600e+16
2.154370329902036000e+16
2.256983250577999200e+16
2.164845327382745200e+16
1.894550657245064800e+16
1.492486836167401000e+16
1.029870489407953800e+16
5.908764026934069000e+15
2.553487592547234000e+15
8.019684641454467500e+14
8.499531146099271250e+14
2.465980503613343000e+15
5.048215067597298000e+15
7.776117630643616000e+15
9.811291669075900000e+15
1.048999651121033600e+16
9.458286187820776000e+15
6.723533289347587000e+15
2.622703879003562000e+15
-2.271714808881377000e+15
-7.278270524341904000e+15
-1.173752760319793600e+16
-1.512662765590581600e+16
-1.714331634767353400e+16
-1.774910756249643400e+16
-1.716373938883892200e+16
-1.580770630035489600e+16
-1.419865245453976800e+16
-1.281985951998859600e+16
-1.199113740359175800e+16
-1.177843158931885400e+16
-1.197297205126143800e+16
-1.215190978209709000e+16
-1.180477165636806800e+16
-1.048505891892207400e+16
-7.936371593894776000e+15
-4.153484590950654000e+15
6.341421497041160000e+14
6.038995388373290000e+15
1.161544286174973400e+16
1.694388307516170400e+16
2.167345657810874400e+16
2.551967390944075200e+16
2.823470908820355200e+16
2.958035379630551600e+16
2.933159689728200400e+16
2.732251625080207600e+16
2.352228039522228400e+16
1.810893854812294400e+16
1.150319153199153000e+16
4.337523560033022000e+15
-2.638153172324949000e+15
-8.688325824481066000e+15
-1.322348900321299800e+16
-1.589908348745945000e+16
-1.666421573976015000e+16
-1.575637458692445200e+16
-1.364565553241258800e+16
-1.093594264253230400e+16
-8.237455635454581000e+15
-6.035619430121548000e+15
-4.588729812051403000e+15
-3.883492817821677500e+15
-3.662041450659514000e+15
-3.513349370459323000e+15
-3.004477915831765000e+15
-1.817771962103131750e+15
1.414212177723740000e+14
2.696589858930698000e+15
5.428942994935496000e+15
7.780500308499163000e+15
9.204374888953932000e+15
9.316036031167510000e+15
7.995536790251705000e+15
5.407046712178781000e+15
1.933028354399520500e+15
-1.947953697291052500e+15
-5.792992671330411000e+15
-9.291579673736958000e+15
-1.230120480158536800e+16
-1.482033236042361800e+16
-1.691845664827515600e+16
-1.865412787119657200e+16
-2.001094354193328000e+16
-2.087087587763487600e+16
-2.102931345799834800e+16
-2.024306796452664000e+16
-1.829499159516433600e+16
-1.505746860439632200e+16
-1.054047948492188400e+16
-4.915833039399477000e+15
1.485186825641543250e+15
8.199873180588326000e+15
1.468500732753424000e+16
2.038573318290310800e+16
2.481369334717790400e+16
2.762055402436105200e+16
2.864941175108182800e+16
2.794808913545179600e+16
2.573722908387552800e+16
2.234082492467263200e+16
1.810171151249177200e+16
1.331186920256919400e+16
8.181871543563163000e+15
2.857106027212520500e+15
-2.531716440720570500e+15
-7.810274724067284000e+15
-1.272317110193818800e+16
-1.693649666485496600e+16
-2.008373131962964000e+16
-2.184224022548160800e+16
-2.201716281207189600e+16
-2.060675634945060400e+16
-1.782823189077606600e+16
-1.409392692204164200e+16
-9.941869104964900000e+15
-5.938486550301589000e+15
-2.579728358745761000e+15
-2.161899722688804688e+14
9.826577804319186250e+14
1.025589783711353750e+15
7.120014458158023438e+13
-1.609531457351750500e+15
-3.669308192304578000e+15
-5.718790804219927000e+15
-7.364952631051792000e+15
-8.258153463894405000e+15
-8.145496513197853000e+15
-6.920247836674980000e+15
-4.653526435774823000e+15
-1.596676085655579250e+15
1.850607623353371500e+15
5.203203100952869000e+15
7.974244335258470000e+15
9.764684961513366000e+15
1.034197942545396200e+16
9.691773471702356000e+15
8.029431336679313000e+15
5.763895838671882000e+15
3.415003291857187500e+15
1.496691289502515000e+15
3.909201068726357500e+14
2.463361160654658125e+14
9.354383427589173750e+14
2.089915892350522250e+15
3.208143695606176500e+15
3.801917882520589000e+15
3.534485630198021500e+15
2.306835349193762000e+15
2.710477645782478750e+14
-2.223220957849768500e+15
-4.723452268556203000e+15
-6.779192657043736000e+15
-8.032552352196308000e+15
-8.280279824499637000e+15
-7.502104601760831000e+15
-5.855653036276538000e+15
-3.642350157675800000e+15
-1.252509145876540750e+15
8.998639320068190000e+14
2.442583725340261500e+15
3.103998221191175500e+15
2.760541178049602000e+15
1.469432144362978000e+15
-5.191410353802920625e+14
-2.778740668744515500e+15
-4.761303663247924000e+15
-5.893707619004918000e+15
-5.708006993456344000e+15
-3.979967784796248000e+15
-8.357819114255038750e+14
3.216357452289611500e+15
7.358904711898807000e+15
1.064030511153378400e+16
1.221412230247957400e+16
1.157386620935779400e+16
8.708675026041180000e+15
4.126369357029558500e+15
-1.267018774354199750e+15
-6.394991388362878000e+15
-1.027608254470902000e+16
-1.224971543380263000e+16
-1.210311310727373400e+16
-1.007481905794979000e+16
-6.748288675201505000e+15
-2.878067938011893000e+15
7.959664155998371250e+14
3.695810635128127000e+15
5.483235382169992000e+15
6.064275405808688000e+15
5.539526539123492000e+15
4.130771536904059500e+15
2.111666349296038500e+15
-2.417765300921228125e+14
-2.677600066307226000e+15
-4.975187083409094000e+15
-6.939424046258376000e+15
-8.388103991073819000e+15
-9.140388555743604000e+15
-9.016141872201282000e+15
-7.855579329104941000e+15
-5.563169725882983000e+15
-2.168830618831622000e+15
2.113449808246315500e+15
6.857760561516788000e+15
1.145464004115010800e+16
1.520530389975137600e+16
1.746706474970113000e+16
1.781256588291184600e+16
1.615433904637687400e+16
1.279183491749813200e+16
8.358762183457029000e+15
3.677722084367860500e+15
-4.421496388153113125e+14
-3.408795634410766000e+15
-4.991579015911400000e+15
-5.359768344551133000e+15
-4.999484910316933000e+15
-4.532953542855348000e+15
-4.497910636494274000e+15
-5.159715285583972000e+15
-6.417358172554672000e+15
-7.832009058553466000e+15
-8.766239477032540000e+15
-8.587988605674208000e+15
-6.875604530446016000e+15
-3.562040598179117500e+15
1.024069285387991250e+15
6.230494140668640000e+15
1.124109746203009600e+16
1.527082070792177600e+16
1.773617571433034600e+16
1.835628026355140000e+16
1.716878919471216600e+16
1.447449807788539400e+16
1.074143812710316000e+16
6.499978960579247000e+15
2.250330764123843500e+15
-1.607921901205790000e+15
-4.821277948018103000e+15
-7.300648561050521000e+15
-9.109680516055828000e+15
-1.042276896325015000e+16
-1.145994055158999800e+16
-1.241458775942585200e+16
-1.339441058651984800e+16
-1.439225774798357400e+16
-1.529306319376617600e+16
-1.591059492609311000e+16
-1.603871957107288800e+16
-1.549953323272053200e+16
-1.417538708749656400e+16
-1.202045568578861000e+16
-9.055926590736048000e+15
-5.357878027587310000e+15
-1.047492213628508250e+15
3.709701744727983000e+15
8.694200488342814000e+15
1.361777590742903400e+16
1.811522317708251200e+16
2.175764196240851600e+16
2.409893332891210400e+16
2.475531229098336400e+16
2.350056611811356400e+16
2.034571704279724000e+16
1.556983031510289600e+16
9.682633707049400000e+15
3.324661253374657500e+15
-2.865075284771357500e+15
-8.372482167460052000e+15
-1.288723570456095600e+16
-1.631958043809571400e+16
-1.875805839339072000e+16
-2.038650825980947200e+16
-2.138691691654378800e+16
-2.185688910197854400e+16
-2.176687971387757600e+16
-2.097195995879340000e+16
-1.927633444482016400e+16
-1.653045533323729400e+16
-1.272717858380980000e+16
-8.061224291711141000e+15
-2.927189874572763500e+15
2.147926447686876000e+15
6.618898012401662000e+15
1.004753226073608200e+16
1.219867729338479000e+16
1.307571409123485400e+16
1.288429132867838400e+16
1.193761872621270000e+16
1.053718119048970800e+16
8.871761543270927000e+15
6.970986110086693000e+15
4.729460928199810000e+15
1.991274940118651750e+15
-1.338275761713979000e+15
-5.198146166775484000e+15
-9.333647613855064000e+15
-1.333388861738808600e+16
-1.673311920860052000e+16
-1.913711578254481600e+16
-2.032402376025080400e+16
-2.028044554453145600e+16
-1.916344308100843200e+16
-1.721251483086392400e+16
-1.465556811466864400e+16
-1.165027097082248000e+16
-8.280078205485930000e+15
-4.595632169330154000e+15
-6.723786143383451250e+14
3.347010308907532000e+15
7.243565422403601000e+15
1.074618427695682000e+16
1.357612211842493800e+16
1.549544270654607400e+16
1.634626467666067400e+16
1.607316022362380000e+16
1.472671053191270200e+16
1.245171158934435400e+16
9.467580408532630000e+15
6.048542955465532000e+15
2.505896719450435000e+15
-8.329941606040575000e+14
-3.657195882484847500e+15
-5.717722336876896000e+15
-6.874407880493230000e+15
-7.123455922811436000e+15
-6.589619873272825000e+15
-5.484234001990983000e+15
-4.048472045074307500e+15
-2.507263448556905500e+15
-1.049554629620959625e+15
1.669016617096909375e+14
1.001473795393260875e+15
1.324948919092574750e+15
1.032486242339163500e+15
7.384924226588153125e+13
-1.510615219914020000e+15
-3.565023582065618500e+15
-5.819015069744571000e+15
-7.921825191722281000e+15
-9.505037346162394000e+15
-1.025984106862846600e+16
-1.000958584831256000e+16
-8.758685441590449000e+15
-6.703214969688496000e+15
-4.196206322441482000e+15
-1.671925092972687500e+15
4.532012359006451875e+14
1.874958990081373000e+15
2.462440784264411500e+15
2.268834433000714500e+15
1.493265477830219500e+15
6.966519482816557056e+18
5.917763356907502592e+18
5.254806125837119488e+18
4.219218843001079808e+18
2.974496508225460736e+18
1.597654670813479168e+18
2.540312618395573760e+17
-9.603832979706013440e+17
-1.957559937071142656e+18
-2.691492348583532544e+18
-3.134233241188741632e+18
-3.294172202287043584e+18
-3.200341696460847104e+18
-2.912219595426909696e+18
-2.487477793762032640e+18
-1.982023333807447808e+18
-1.486240849606164992e+18
-9.906520522512387840e+17
-5.657317438268238720e+17
-2.210932837619657280e+17
3.109519568015116000e+16
1.914549026705097600e+17
2.676684887257543360e+17
2.937278350820135040e+17
2.726315913664593600e+17
2.260052746294115520e+17
1.781291738414822400e+17
1.388008527413407680e+17
9.568877339711376000e+16
7.904975636324657600e+16
8.548843696750344000e+16
8.762364070027307200e+16
1.057056085625809280e+17
1.097901060713751200e+17
1.270453653658724800e+17
1.194012857885848320e+17
1.090030029271906880e+17
9.220645279440510400e+16
6.847468615618395200e+16
3.053276864186334000e+16
3.785690786148543000e+15
-1.501131567926879400e+16
-3.485506475648390400e+16
-3.877810858713491200e+16
-1.049717448544615600e+16
3.575656442768413200e+16
6.721249257678165600e+16
1.366316063432555520e+17
1.974358377703181760e+17
2.491831644294787520e+17
2.874029951219909760e+17
3.134151647981642240e+17
3.075266634773475200e+17
2.840594233427548480e+17
2.263157689383432000e+17
1.546828257408282240e+17
7.833672462784596800e+16
-6.355573513213587000e+15
-5.726348098216463200e+16
-1.208013789159575520e+17
-1.424983613934724320e+17
-1.594849796391845760e+17
-1.581293225932903680e+17
-1.483699777158119360e+17
-1.210578565996519840e+17
-1.085774609536662240e+17
-8.696785074384089600e+16
-6.774606344936849600e+16
-7.275423804153593600e+16
-6.167713701167614400e+16
-7.630642569125273600e+16
-6.775941089647920800e+16
-7.715298570433136000e+16
-6.146973053795002400e+16
-4.667586063480210400e+16
-7.517942780280238000e+15
2.085652540485600800e+16
5.912771351223872000e+16
9.111619434811563200e+16
1.063019929937083360e+17
1.147604901591973920e+17
1.242958331965491520e+17
1.071535872932790880e+17
7.183075846641440000e+16
5.400387326285840800e+16
1.462519224878321600e+16
-2.688748493075415200e+16
-5.658865344513713600e+16
-8.720448478619420800e+16
-9.078613290877243200e+16
-1.025113397774029280e+17
-8.776055834218038400e+16
-7.499743944902987200e+16
-3.874992306634636000e+16
-2.351773272748512400e+16
8.375920429620064000e+15
4.068954209476119200e+16
6.200653404099563200e+16
8.194257687913264000e+16
8.500665669179662400e+16
8.414906932273838400e+16
8.104004269551132800e+16
6.320979843329000000e+16
4.269842745207692000e+16
2.978262084350209600e+16
8.805615323335679000e+15
-9.244886088329254000e+15
-2.144632048617890800e+16
-3.910762885405337600e+16
-4.811257424793648800e+16
-6.223992297513525600e+16
-7.030887328998840000e+16
-6.389503134865724000e+16
-5.830208654477031200e+16
-4.213782000181096000e+16
-2.597307290778734800e+16
2.173715399228135000e+15
2.093278983138225200e+16
4.141411392258584000e+16
6.922717128883512800e+16
7.362349565220038400e+16
6.328909245984758400e+16
5.778038159536791200e+16
5.042744388657496800e+16
3.471934000696410800e+16
2.396274684492664400e+16
1.231170539151303000e+16
1.672947198357493600e+16
5.155689674643581000e+15
6.489784356863340000e+15
6.256596464643873000e+15
6.138463305463519000e+15
6.863628766009275000e+15
1.126771245016724000e+15
-1.206902177900489250e+15
-1.457698007052790200e+16
-2.087575680615498000e+16
-3.032048874703521600e+16
-4.530115862784606400e+16
-5.889667209267143200e+16
-7.952282927719659200e+16
-8.208531414572731200e+16
-8.214678759325291200e+16
-6.883104510576674400e+16
-5.200753245722788800e+16
-3.682991216659572000e+16
-1.952145321106908400e+16
-1.057154222259916000e+16
-5.653585927623605000e+15
-3.197106843905650500e+15
-1.159577834181050800e+16
-2.827707143920060800e+16
-3.915270232975313600e+16
-6.465987055758672800e+16
-6.189502727514430400e+16
-5.949218144525658400e+16
-4.373369435529567200e+16
-4.351416383711232800e+16
-1.562973383770786400e+16
-2.343191955126276000e+15
1.192916213027763400e+16
3.004122982303657600e+16
4.221414682836612800e+16
3.942173446544903200e+16
5.786306333084247200e+16
5.934195197301428000e+16
6.614364968319856000e+16
7.885189067041716800e+16
1.038548823572212800e+17
9.568864782012054400e+16
1.135302645434412960e+17
1.236264609368678720e+17
1.209488826181357280e+17
1.160188874250812800e+17
1.206305171521048320e+17
1.045760801415338080e+17
7.759398993986934400e+16
5.601353530411606400e+16
3.522263862880141600e+16
-4.414605756483965000e+15
-2.771900074733287600e+16
-5.372538653458968000e+16
-7.065727237421962400e+16
-7.664074064719304000e+16
-8.509389475356755200e+16
-7.024346216600460000e+16
-5.514911539284942400e+16
-5.359025900224759200e+16
-3.719601451858261600e+16
-1.673721850598604000e+16
1.424241111687015250e+15
1.090844735569036000e+16
1.900099448209194000e+16
2.202097125137325600e+16
2.093091228066610400e+16
9.606192799815362000e+15
-2.677536530499206000e+15
-1.492516270474584400e+16
-2.523712366991696400e+16
-3.772186178463233600e+16
-5.600631197630500000e+16
-5.896162698804467200e+16
-7.258847760839504000e+16
-6.666411031900980800e+16
-8.441238118665547200e+16
-8.160382196202555200e+16
-6.374896169826839200e+16
-5.835961286084578400e+16
-4.235418404775025600e+16
-2.617182954074898800e+16
-2.040315321030668800e+16
-1.088777760388728000e+16
1.902610841071355500e+15
1.173970412587688500e+15
5.536905031407166000e+15
-5.982037650804636000e+15
-2.964972432029386250e+14
-9.742714592486834000e+15
-4.578562443672266000e+15
-3.853311122997942500e+15
7.863039833942387000e+15
2.879828986322626400e+16
5.484382230292908000e+16
7.033149233445112000e+16
8.174891524045531200e+16
8.833207060177988800e+16
9.151191382486657600e+16
7.990339738746022400e+16
5.880763509406367200e+16
5.138633916923828800e+16
2.773222300455534400e+16
4.063458983227951500e+15
-1.767710526515130600e+16
-2.522016706889301200e+16
-2.870161941387166000e+16
-3.117892654362761600e+16
-3.565012993824992800e+16
-2.599201022577549600e+16
-1.950057257062468400e+16
-1.549551957098570600e+16
-1.476786940850201600e+16
-1.382901489018434800e+16
-3.104955832689949200e+16
-2.297024642069778800e+16
-3.110680736233407600e+16
-3.726951484751860000e+16
-2.749320630269748000e+16
-2.724671391290714400e+16
-1.355943456020847600e+16
-4.778126262641914000e+15
1.260713618377496000e+16
2.263416184389995600e+16
4.191233747963484800e+16
5.858843907379880000e+16
6.459072892022966400e+16
6.886940429396903200e+16
6.274754370319352800e+16
6.119768625415516800e+16
3.776198023524184000e+16
2.800015828331470400e+16
-4.770852066256719000e+15
-2.123753408242881600e+16
-3.774005405608541600e+16
-5.559515905087996800e+16
-6.429057238283651200e+16
-7.385026088028553600e+16
-7.224838538348691200e+16
-6.636175892223868000e+16
-5.628829885931147200e+16
-3.972031466640616000e+16
-7.852366759242176000e+15
1.711751917516224200e+16
4.867926812723440000e+16
6.848334249207617600e+16
9.281712523145766400e+16
1.015078454524300640e+17
1.078813045867471360e+17
9.397748000878233600e+16
8.207768420676905600e+16
5.848218380087619200e+16
3.554631260429013200e+16
1.463900594006439600e+16
-4.838279720971016000e+15
-2.461753773922062400e+16
-3.522256859865375200e+16
-3.813620329780831200e+16
-4.104854687640884000e+16
-3.747784004474706400e+16
-3.554463902077904000e+16
-2.854285369385994000e+16
-3.285927459735440400e+16
-3.053545043028036000e+16
-3.905731041528420000e+16
-3.320065908199104400e+16
-3.881402012108465600e+16
-3.927477062360811200e+16
-3.915615072462584800e+16
-3.607266515203832800e+16
-2.730855282820388000e+16
-1.939924044694189600e+16
-1.083764927882449600e+16
-1.089765119608897200e+16
-3.564066102623222500e+15
4.437719166947700000e+15
6.415382651908643000e+15
5.568238544006755000e+14
-4.399880728844116000e+15
-1.679716785330823000e+16
-2.912736649703969200e+16
-4.628819842340554400e+16
-5.064404937367484000e+16
-6.772817404538712800e+16
-6.660119434012788800e+16
-6.536654968170079200e+16
-5.630426210954611200e+16
-5.121726860573065600e+16
-3.286656302249505600e+16
-1.534462124003467200e+16
8.804604389627894000e+15
2.627067882123875600e+16
5.876207300807254400e+16
7.510809547403896000e+16
8.834508433968784000e+16
9.716262164635052800e+16
1.005871885195146400e+17
1.036008370998836160e+17
9.196625294472419200e+16
7.933970506406483200e+16
6.745311369478316800e+16
5.075121376440477600e+16
2.690361584468110400e+16
6.484839257881374000e+15
-1.252444418661462000e+16
-3.209361789284037600e+16
-3.690750872093513600e+16
-3.902962133386136800e+16
-3.224810439973204800e+16
-2.267500831504024400e+16
-8.397315007610069000e+15
7.361706303227747000e+15
2.630820388258663600e+16
5.185616896971084800e+16
6.361431949209288000e+16
6.644042594828007200e+16
7.871039781100704000e+16
7.367328475576673600e+16
6.956081543942616000e+16
5.082035369479320800e+16
4.362996391862904000e+16
2.104098924931504400e+16
6.175148735907614000e+15
-1.650401496997145400e+16
-3.739751389964632000e+16
-5.374251957753414400e+16
-7.108989066801297600e+16
-8.071763532185529600e+16
-8.574365439808192000e+16
-8.336187224223361600e+16
-8.013975568445872000e+16
-6.141296729892215200e+16
-4.775664719728971200e+16
-2.335695580840499200e+16
-1.571657910570537200e+16
-8.014080286180489000e+15
-8.448630331019415000e+15
-9.749183146167274000e+15
-2.354959792873355600e+16
-3.371367683356478400e+16
-3.826841877846986400e+16
-4.337928407876649600e+16
-4.753435484858165600e+16
-4.267329048778020000e+16
-3.708827651765441600e+16
-2.114240370568317600e+16
-1.832419867804851200e+16
-2.794733830213960500e+15
1.095722397134814400e+16
2.162841291314503600e+16
2.523847984636892800e+16
3.260521038625968400e+16
4.157322779840096800e+16
4.664922230046316000e+16
3.948780789143083200e+16
3.231073823282573600e+16
3.298119218574830000e+16
2.064420061992108800e+16
2.020578190910017600e+16
8.539781742346021000e+15
3.404955940756169000e+15
1.356440536623279000e+15
-3.743125128357118500e+15
-8.828685503682414000e+15
-1.134272112600391200e+16
-2.233985337686932400e+16
-2.451100923449851600e+16
-3.008373401235256000e+16
-3.242668402482360800e+16
-3.405916318963355200e+16
-2.760262554742629600e+16
-1.804200545241341200e+16
-6.201194400124099000e+15
3.350413983557840000e+15
9.811809055041674000e+15
2.432766073015683600e+16
3.151702574465262400e+16
3.209576124920672000e+16
2.949028237371066800e+16
2.852409461883941200e+16
1.487051953936248200e+16
1.578821550180716800e+16
6.226514167379515000e+15
4.267303671565048500e+15
-2.539731749262434500e+15
-4.053152520070922000e+15
-1.594708318081147500e+15
5.732431898051216000e+15
1.173498801600354800e+16
1.379057208077009800e+16
2.296185080649510800e+16
3.453180796402089200e+16
3.334314194729866400e+16
4.024776944807863200e+16
3.469010298950143200e+16
2.746012537548707600e+16
1.211287288981032600e+16
2.465924527613914500e+15
-1.120224185366623600e+16
-2.429070333676456800e+16
-3.146341801465167200e+16
-3.846577694737200800e+16
-3.557869434013086000e+16
-2.987982017577927600e+16
-2.733966940027550800e+16
-1.335060859375654200e+16
-9.017331471293394000e+15
-4.562245555940713000e+15
-6.755901687719347500e+14
1.342255176113067250e+15
-1.970416590651486000e+15
2.507661720101952000e+15
-6.018138958098710000e+15
-3.984821894515268500e+15
-8.283520454512193000e+15
-6.477010894465705000e+15
2.087413128741466016e+13
1.131575541119092200e+16
2.017162421784288800e+16
3.703192132205436800e+16
4.933675068317227200e+16
5.540607888455890400e+16
5.594171396831408800e+16
5.453256216181939200e+16
5.234396369897436800e+16
4.701488295871824000e+16
3.975469962315516000e+16
3.117951113118818400e+16
2.064646070082654000e+16
6.512011192109735000e+15
1.779524691728008250e+15
-7.246144022541963000e+15
-1.666553683984665600e+16
-2.825465681726474400e+16
-3.436492529956228000e+16
-5.042516765796136800e+16
-5.507945670861444800e+16
-5.918314068481126400e+16
-5.487590758958177600e+16
-5.344665439701069600e+16
-4.632560435472880800e+16
-4.503377945036936000e+16
-4.031686622876230400e+16
-4.504932961836681600e+16
-5.390103994919889600e+16
-5.856408695351235200e+16
-6.724080700820786400e+16
-7.880994725417657600e+16
-8.435146720613820800e+16
-8.482498454911185600e+16
-7.852810520565222400e+16
-6.576954530724582400e+16
-5.034949202395964000e+16
-3.228289644350154400e+16
-2.469384608711668000e+16
-8.955199584238169000e+15
-2.770594212303562000e+15
8.049464835964554000e+15
4.298991253208253000e+15
-4.804228260224429000e+15
-1.792969295277816600e+16
-2.677913044407931600e+16
-2.936292723563022800e+16
-3.254220400616571200e+16
-1.990519128631376000e+16
6.887788985722612500e+14
3.308127422937688400e+16
8.005989619853088000e+16
1.285050899971518560e+17
1.788114237534986560e+17
2.187234393070638080e+17
2.496481977459537600e+17
2.902512495954700800e+17
2.418665675574727040e+17
2.077873806523873280e+17
1.619516576710533440e+17
1.111482560573798880e+17
5.996989122135216800e+16
1.511060480941696200e+16
-1.696339622492434800e+16
-3.678489309657114400e+16
-4.617652771240372000e+16
-4.184880487033384800e+16
-3.365886576993772800e+16
-2.174805393602439600e+16
-8.958718384985047000e+15
1.300998868406582500e+15
3.950307646263554500e+15
-5.925318447377416000e+15
-1.431515951981181800e+16
-2.957718744718195200e+16
-3.866087524438942400e+16
-5.544854453868587200e+16
-6.832347160371481600e+16
-7.848434838811224000e+16
-8.142527027715961600e+16
-7.918688205639336000e+16
-7.322855280667825600e+16
-6.482339557187123200e+16
-5.435121400737300000e+16
-4.880014908925451200e+16
-3.925749724444918400e+16
-3.365355049466971600e+16
-3.709847410615045600e+16
-3.712196704311484000e+16
-4.428349771906189600e+16
-4.283217909549334400e+16
-4.461034622531584800e+16
-3.817137683517048800e+16
-2.946718513645684000e+16
-1.367537421771746000e+16
-6.025551239928783000e+15
5.419830012344152000e+15
1.500893380252724000e+16
1.853635892133577200e+16
1.764385890975227400e+16
2.127017826306006400e+16
2.299400671022665600e+16
2.083487076374806800e+16
1.782263650868007600e+16
1.283239085295785000e+16
1.013657101729299000e+16
1.002887979289483400e+16
1.370166004359967600e+16
1.417098859674795600e+16
1.546453392936033600e+16
1.764995037692831800e+16
2.187654128112833200e+16
2.119667598462377600e+16
2.558798694470042400e+16
2.778293328587879200e+16
3.177126578713370800e+16
2.691273943022049200e+16
2.557853133422893200e+16
1.741148926293195800e+16
9.309372683051966000e+15
-1.364150129627081250e+15
-1.159398814361171200e+16
-1.819909268231006000e+16
-2.495318206328665600e+16
-3.080704829974267200e+16
-3.150556034857900000e+16
-2.826497944115174000e+16
-2.211084439448240400e+16
-1.428260444715590400e+16
-5.458802370683265000e+15
6.766582019004800000e+15
1.680515418186020200e+16
2.151844179773241200e+16
2.700319618162966400e+16
2.606208658707004800e+16
2.007630329467158000e+16
1.049218404644999000e+16
6.940211239584421000e+15
-4.578326848964497000e+15
-1.208126715851057000e+16
-1.511789166770572800e+16
-1.493243801174590000e+16
-1.299601708003480800e+16
-1.225580673249011600e+16
-4.611589418851093000e+15
3.853048388762412000e+15
7.137376084329070000e+15
1.647932717232389200e+16
1.822255592651624400e+16
2.008945497730300800e+16
1.563908245077197400e+16
1.073516894794451600e+16
5.512893012437279000e+15
-4.433216688405547500e+15
-1.254091550814345800e+16
-1.625135951651873600e+16
-2.178368479220773600e+16
-2.327156394058531600e+16
-2.163443136358260800e+16
-1.370677818914079800e+16
2.953145433293759375e+14
1.202632655170152200e+16
1.679927341316538800e+16
2.288102852871948000e+16
2.534585105141863600e+16
2.130070593706393600e+16
1.541861788537549400e+16
4.202589742424829500e+15
-6.621185114614929000e+15
-7.823401520465281000e+15
-1.180844779442049000e+16
-1.607617467025918400e+16
-8.724573703647914000e+15
-5.572608896155901000e+15
6.893152625642434000e+15
1.389337553360798200e+16
1.942075042180802400e+16
1.881657354719628800e+16
1.921591205325342800e+16
1.994232623807587600e+16
1.387706471123820800e+16
6.648829508662910000e+15
2.637254868941064062e+14
-7.644010396552910000e+15
-1.327078180351108800e+16
-1.904504236092615200e+16
-1.536552261191293800e+16
-1.299715858438065600e+16
-9.005284380814600000e+15
-5.344793939198885625e+14
6.331663844578339000e+15
1.346212262235934600e+16
1.506022950102980400e+16
1.510463382745419400e+16
7.185502491446098000e+15
-4.020773719574268125e+14
-1.851585437612780400e+16
-3.750419394030129600e+16
-5.726048002344287200e+16
-6.807413181244801600e+16
-7.670901139137692800e+16
-7.608490332310384000e+16
-7.464281659843995200e+16
-6.566602010409158400e+16
-5.711821972910020800e+16
-4.607547235592644800e+16
-3.442364497855506800e+16
-2.367679803467270400e+16
-1.261063339956086600e+16
-7.570205311833999000e+15
3.994422935751301000e+15
1.098021884220063000e+16
1.541768605666619400e+16
1.355927357741874800e+16
1.936538127978275600e+16
1.531426742122834800e+16
1.555399480600580200e+16
1.297586832922870000e+16
1.274911629624901600e+16
1.621277053305077800e+16
2.518908322617522800e+16
3.051907775494008000e+16
3.897892578161915200e+16
4.643778308483119200e+16
6.058766340337864800e+16
6.598312809131056800e+16
7.116437179641627200e+16
7.406329283184465600e+16
6.821441757007194400e+16
6.200177889954786400e+16
5.228783048809766400e+16
4.139205985680696800e+16
2.862454503698962000e+16
2.233740827445290000e+16
1.138748555742551200e+16
2.118103045253000250e+15
-5.462296231610038000e+15
-9.787260798751156000e+15
-9.853260431366692000e+15
-1.170307667902949400e+16
-6.838021833536793000e+15
-1.291881068446734000e+15
1.194442313736681000e+15
1.012932968728129750e+15
4.141063510514519500e+15
2.488535296146428500e+15
5.151221802143023000e+15
-1.504579762742358438e+14
-3.368424152353803000e+15
-1.022157723839586400e+16
-1.783825123014356000e+16
-2.370476123431292000e+16
-3.204507969167172000e+16
-4.103537676368244000e+16
-4.668513613514321600e+16
-4.942270476016228800e+16
-4.837757444296618400e+16
-4.844230524730636000e+16
-4.729160938113833600e+16
-4.563884121999716800e+16
-4.265237329873688000e+16
-3.721301261718891200e+16
-3.450556169556333200e+16
-2.787260033399384400e+16
-2.305039672232761600e+16
-1.285285371439403600e+16
-1.248766509229545600e+16
-9.591426066394766000e+15
-8.112945668265506000e+15
-2.304909036237874000e+15
2.763415444581136000e+15
8.752380850089502000e+15
1.510996234629472000e+16
2.168870720757321200e+16
2.985866161128029200e+16
3.870727729665114400e+16
4.035128599369504000e+16
4.765621135047965600e+16
4.799388202142562400e+16
4.287210704155484800e+16
2.901421272436743200e+16
1.035029297109126400e+16
-4.103915375253730500e+15
-2.259878401574834400e+16
-4.008207779409667200e+16
-4.403166975926573600e+16
-4.896758268579063200e+16
-4.827840508601078400e+16
-3.844715974332363200e+16
-2.773538329436276000e+16
-1.297790230684535000e+16
-3.187561967380864375e+14
1.347382429761177200e+16
2.605376478824456800e+16
2.981173620086791600e+16
3.248258533830696400e+16
3.468523016432081600e+16
3.508823207191607200e+16
2.983622912858998400e+16
3.375840368196002800e+16
3.094581071416195600e+16
2.871292319714884400e+16
2.499843639175593600e+16
2.409764685899026800e+16
1.756331030826175800e+16
1.342069544425797000e+16
6.568475929619451000e+15
3.075072968386148500e+15
-1.826168339097592250e+15
-2.789760494027851000e+15
-7.077682243520728000e+15
-4.797616302492070000e+15
-4.493018046106395500e+15
1.376577426476781500e+15
3.524379376985740000e+15
1.405764652785430000e+16
2.127851625524423200e+16
2.748822066532961600e+16
3.267395939438508800e+16
3.749582721712687200e+16
3.212564112326878800e+16
2.387651892813349200e+16
1.529308831304518800e+16
4.996003824350620000e+15
-6.390548862496888000e+15
-1.854419676974258400e+16
-2.425089897044852800e+16
-2.676959941488470800e+16
-3.017158197447884000e+16
-2.237288140228315200e+16
-1.292275868968045000e+16
-4.295247669090458000e+15
8.334969519678025000e+15
1.919687358114890800e+16
2.395669368208899200e+16
2.555892126307790400e+16
2.262801453294156800e+16
2.423656702946637600e+16
2.047456375209985200e+16
1.605042504450726800e+16
1.503329902932673200e+16
9.146372175704396000e+15
2.975462012891916000e+15
-2.594120484257438500e+15
-9.353377770345288000e+15
-1.216070116251017200e+16
-1.899945412195452400e+16
-2.159514914578640400e+16
-3.217192218956070400e+16
-3.525926013505829200e+16
-3.953565958232804800e+16
-3.816484372264932000e+16
-3.819681624034144800e+16
-3.518674732752900400e+16
-3.066291793426361600e+16
-2.706696146009246000e+16
-2.331568594366334000e+16
-2.395273863552180000e+16
-2.075954567700033200e+16
-1.846448824035142000e+16
-1.484325655106520800e+16
-1.193037740368519000e+16
-1.295781877480170600e+16
-1.347137351900709600e+16
-1.374113261633571200e+16
-1.821787602700702000e+16
-1.825377337276058400e+16
-2.152840105675059600e+16
-2.013380404374762800e+16
-2.262915715745548000e+16
-1.975044840885592400e+16
-1.716586731600837400e+16
-1.827430057185126400e+16
-1.719375139846301800e+16
-1.012427357299557800e+16
-4.194811664566476500e+15
5.246233145295914000e+15
1.621293609761136000e+16
2.823764855181029200e+16
3.966009049470800000e+16
4.721894518092320800e+16
6.113557511957619200e+16
6.999924345836396800e+16
7.770555391140259200e+16
8.224897779730923200e+16
8.665907008625038400e+16
7.964304828726281600e+16
7.305490748924060800e+16
6.276566863727750400e+16
4.580634044631132000e+16
3.368595960449640800e+16
2.148718938519767200e+16
1.344248846885794800e+16
9.617834181499817500e+14
-5.595031480329241000e+15
-4.442571020619578000e+15
-2.625870660403495000e+15
-3.705520267945780000e+15
1.731860580467434750e+15
-3.169634411778359500e+15
2.110264217044476750e+15
2.326284836696990000e+15
-1.720513524885695000e+14
-6.129112761407162000e+15
-6.389684833602003000e+15
-1.386884894567581400e+16
-2.073772708667981200e+16
-2.954825723998696000e+16
-3.930539660429157600e+16
-4.879767864436456000e+16
-5.941859966749568800e+16
-6.527196385786983200e+16
-7.003058731259752800e+16
-6.706119815806075200e+16
-6.131379242032913600e+16
-4.537877759006295200e+16
-2.762933717153291200e+16
-1.161114812653343600e+16
-1.164351912326948000e+15
9.474093906758300000e+15
1.283899338274300200e+16
1.644222539242987400e+16
1.292732802508122400e+16
9.127348170074314000e+15
3.925365772442654500e+15
1.599110255659065500e+15
-5.149397285578084375e+14
-2.394446801861909500e+15
2.927642634651287000e+15
8.414315056225446000e+15
1.377244856899371400e+16
1.822419144250906800e+16
2.392861159874194000e+16
2.795046831572228400e+16
2.362330489558567600e+16
1.773632926804052600e+16
1.333955903847703400e+16
-2.516085752958968750e+14
-1.264465468878118200e+16
-3.144272420555755200e+16
-3.853306343711157600e+16
-5.046936665833034400e+16
-4.811500991655311200e+16
-4.445640807658560000e+16
-4.049376547152451200e+16
-2.523245438615416400e+16
-8.026034005847003000e+15
4.995963345610509000e+15
1.594599566846961800e+16
2.238684208947257200e+16
2.366524446357419200e+16
2.534227469708016800e+16
1.921519727519799600e+16
1.022597649944311400e+16
4.777512285534094000e+15
4.330989660683469000e+15
4.603335252709659000e+15
7.924746583388761000e+15
1.006093911393391800e+16
1.532259784505449800e+16
2.265592919353995600e+16
2.425502030820482000e+16
2.749610877362006000e+16
2.916197818324791200e+16
2.503848989654502000e+16
2.208842552187073200e+16
1.023510102242183800e+16
6.076583891012936000e+15
-5.435643214565302000e+15
-1.620478200985173200e+16
-1.815648065981348400e+16
-2.311574903600504800e+16
-2.338761883015853200e+16
-1.951410498825887600e+16
-1.214770169603336800e+16
-1.359385397030464000e+15
5.494581785710841000e+15
1.465983702556762200e+16
2.292310652548312400e+16
2.507055703126578800e+16
2.048981590917165200e+16
1.540226642897909000e+16
5.136419579370157000e+15
-7.846574953624893000e+15
-1.686151836301718200e+16
-2.490440528018730400e+16
-3.228910823475234000e+16
-3.751779051098331200e+16
-3.720340016425772000e+16
-3.336417914028135600e+16
-2.762579070255961200e+16
-2.221247811830372000e+16
-1.333117289633292600e+16
-2.870497137711979500e+15
5.261497532399417000e+15
1.365443761416820000e+16
1.635070896761395800e+16
2.286067729449232000e+16
2.185661378692699200e+16
2.489494215721771600e+16
2.562203939670917200e+16
3.051670624298800400e+16
3.047587712387796400e+16
3.247644137548608400e+16
3.298456856854907600e+16
3.208355851991856800e+16
2.837023552100022000e+16
2.604889812738832000e+16
2.666637033410728400e+16
2.853264741359465200e+16
2.748936650838181600e+16
2.557825957574405600e+16
2.077557168389181600e+16
1.327683748833773400e+16
1.282891628885387400e+16
9.742587276924060000e+15
-1.176133698164334250e+15
-1.105992378440712600e+16
-1.871937249825008800e+16
-3.306838242796988400e+16
-3.937407387234930400e+16
-4.474774629186860800e+16
-4.149629208797040000e+16
-4.092480516931498400e+16
-3.393297325443424800e+16
-3.355417735874698800e+16
-3.150628021897864400e+16
-3.780349643313434400e+16
-4.902845362895588800e+16
-5.612276685874224000e+16
-6.989634708899836800e+16
-8.032045299079326400e+16
-8.853129113465966400e+16
-9.150210764622715200e+16
-8.867922115475316800e+16
-7.914593930602371200e+16
-6.727593226642536000e+16
-4.880394488377457600e+16
-3.780923412622841600e+16
-2.176532273001486800e+16
-1.025292091088964200e+16
8.698283647593652500e+14
1.405892441056209000e+15
-6.310414696529711000e+15
-1.598964008915723200e+16
-2.507023381808588800e+16
-2.931722997016056000e+16
-3.225755902933245200e+16
-2.029831279868679600e+16
5.794648006710174219e+13
3.244988771857494400e+16
7.598674516386246400e+16
1.260034998356748320e+17
1.739966557455341120e+17
2.169237627326623680e+17
2.473359329260413120e+17
