1.000000000000000021e-02
2.000000000000000042e-02
2.999999999999999889e-02
4.000000000000000083e-02
5.000000000000000278e-02
5.999999999999999778e-02
7.000000000000000666e-02
8.000000000000000167e-02
9.000000000000001055e-02
1.000000000000000056e-01
1.099999999999999867e-01
1.199999999999999956e-01
1.300000000000000044e-01
1.400000000000000133e-01
1.499999999999999944e-01
1.600000000000000033e-01
1.700000000000000122e-01
1.800000000000000211e-01
1.900000000000000022e-01
2.000000000000000111e-01
2.100000000000000200e-01
2.199999999999999734e-01
2.299999999999999822e-01
2.399999999999999911e-01
2.500000000000000000e-01
2.600000000000000089e-01
2.700000000000000178e-01
2.800000000000000266e-01
2.900000000000000355e-01
2.999999999999999889e-01
3.099999999999999978e-01
3.200000000000000067e-01
3.300000000000000155e-01
3.400000000000000244e-01
3.500000000000000333e-01
3.600000000000000422e-01
3.699999999999999956e-01
3.800000000000000044e-01
3.900000000000000133e-01
4.000000000000000222e-01
4.100000000000000311e-01
4.200000000000000400e-01
4.300000000000000488e-01
4.399999999999999467e-01
4.499999999999999556e-01
4.599999999999999645e-01
4.699999999999999734e-01
4.799999999999999822e-01
4.899999999999999911e-01
5.000000000000000000e-01
5.100000000000000089e-01
5.200000000000000178e-01
5.300000000000000266e-01
5.400000000000000355e-01
5.500000000000000444e-01
5.600000000000000533e-01
5.700000000000000622e-01
5.800000000000000711e-01
5.900000000000000799e-01
5.999999999999999778e-01
6.099999999999999867e-01
6.199999999999999956e-01
6.300000000000000044e-01
6.400000000000000133e-01
6.500000000000000222e-01
6.600000000000000311e-01
6.700000000000000400e-01
6.800000000000000488e-01
6.900000000000000577e-01
7.000000000000000666e-01
7.100000000000000755e-01
7.200000000000000844e-01
7.299999999999999822e-01
7.399999999999999911e-01
7.500000000000000000e-01
7.600000000000000089e-01
7.700000000000000178e-01
7.800000000000000266e-01
7.900000000000000355e-01
8.000000000000000444e-01
8.100000000000000533e-01
8.200000000000000622e-01
8.300000000000000711e-01
8.400000000000000799e-01
8.500000000000000888e-01
8.600000000000000977e-01
8.700000000000001066e-01
8.799999999999998934e-01
8.899999999999999023e-01
8.999999999999999112e-01
9.099999999999999201e-01
9.199999999999999289e-01
9.299999999999999378e-01
9.399999999999999467e-01
9.499999999999999556e-01
9.599999999999999645e-01
9.699999999999999734e-01
9.799999999999999822e-01
9.899999999999999911e-01
1.000000000000000000e+00
1.010000000000000009e+00
1.020000000000000018e+00
1.030000000000000027e+00
1.040000000000000036e+00
1.050000000000000044e+00
1.060000000000000053e+00
1.070000000000000062e+00
1.080000000000000071e+00
1.090000000000000080e+00
1.100000000000000089e+00
1.110000000000000098e+00
1.120000000000000107e+00
1.130000000000000115e+00
1.140000000000000124e+00
1.150000000000000133e+00
1.160000000000000142e+00
1.170000000000000151e+00
1.180000000000000160e+00
1.190000000000000169e+00
1.199999999999999956e+00
1.209999999999999964e+00
1.219999999999999973e+00
1.229999999999999982e+00
1.239999999999999991e+00
1.250000000000000000e+00
1.260000000000000009e+00
1.270000000000000018e+00
1.280000000000000027e+00
1.290000000000000036e+00
1.300000000000000044e+00
1.310000000000000053e+00
1.320000000000000062e+00
1.330000000000000071e+00
1.340000000000000080e+00
1.350000000000000089e+00
1.360000000000000098e+00
1.370000000000000107e+00
1.380000000000000115e+00
1.390000000000000124e+00
1.400000000000000133e+00
1.410000000000000142e+00
1.420000000000000151e+00
1.430000000000000160e+00
1.440000000000000169e+00
1.449999999999999956e+00
1.459999999999999964e+00
1.469999999999999973e+00
1.479999999999999982e+00
1.489999999999999991e+00
1.500000000000000000e+00
1.510000000000000009e+00
1.520000000000000018e+00
1.530000000000000027e+00
1.540000000000000036e+00
1.550000000000000044e+00
1.560000000000000053e+00
1.570000000000000062e+00
1.580000000000000071e+00
1.590000000000000080e+00
1.600000000000000089e+00
1.610000000000000098e+00
1.620000000000000107e+00
1.630000000000000115e+00
1.640000000000000124e+00
1.650000000000000133e+00
1.660000000000000142e+00
1.670000000000000151e+00
1.680000000000000160e+00
1.690000000000000169e+00
1.700000000000000178e+00
1.710000000000000187e+00
1.720000000000000195e+00
1.730000000000000204e+00
1.740000000000000213e+00
1.750000000000000222e+00
1.759999999999999787e+00
1.770000000000000018e+00
1.779999999999999805e+00
1.790000000000000036e+00
1.799999999999999822e+00
1.810000000000000053e+00
1.819999999999999840e+00
1.830000000000000071e+00
1.839999999999999858e+00
1.850000000000000089e+00
1.859999999999999876e+00
1.870000000000000107e+00
1.879999999999999893e+00
1.890000000000000124e+00
1.899999999999999911e+00
1.910000000000000142e+00
1.919999999999999929e+00
1.930000000000000160e+00
1.939999999999999947e+00
1.950000000000000178e+00
1.959999999999999964e+00
1.970000000000000195e+00
1.979999999999999982e+00
1.990000000000000213e+00
2.000000000000000000e+00
2.010000000000000231e+00
2.020000000000000018e+00
2.030000000000000249e+00
2.040000000000000036e+00
2.050000000000000266e+00
2.060000000000000053e+00
2.070000000000000284e+00
2.080000000000000071e+00
2.089999999999999858e+00
2.100000000000000089e+00
2.109999999999999876e+00
2.120000000000000107e+00
2.129999999999999893e+00
2.140000000000000124e+00
2.149999999999999911e+00
2.160000000000000142e+00
2.169999999999999929e+00
2.180000000000000160e+00
2.189999999999999947e+00
2.200000000000000178e+00
2.209999999999999964e+00
2.220000000000000195e+00
2.229999999999999982e+00
2.240000000000000213e+00
2.250000000000000000e+00
2.260000000000000231e+00
2.270000000000000018e+00
2.280000000000000249e+00
2.290000000000000036e+00
2.300000000000000266e+00
2.310000000000000053e+00
2.320000000000000284e+00
2.330000000000000071e+00
2.340000000000000302e+00
2.350000000000000089e+00
2.360000000000000320e+00
2.370000000000000107e+00
2.380000000000000338e+00
2.390000000000000124e+00
2.399999999999999911e+00
2.410000000000000142e+00
2.419999999999999929e+00
2.429999999999999716e+00
2.439999999999999947e+00
2.450000000000000178e+00
2.459999999999999964e+00
2.469999999999999751e+00
2.479999999999999982e+00
2.490000000000000213e+00
2.500000000000000000e+00
2.509999999999999787e+00
2.520000000000000018e+00
2.530000000000000249e+00
2.540000000000000036e+00
2.549999999999999822e+00
2.560000000000000053e+00
2.570000000000000284e+00
2.580000000000000071e+00
2.589999999999999858e+00
2.600000000000000089e+00
2.610000000000000320e+00
2.620000000000000107e+00
2.629999999999999893e+00
2.640000000000000124e+00
2.650000000000000355e+00
2.660000000000000142e+00
2.669999999999999929e+00
2.680000000000000160e+00
2.690000000000000391e+00
2.700000000000000178e+00
2.709999999999999964e+00
2.720000000000000195e+00
2.730000000000000426e+00
2.740000000000000213e+00
2.750000000000000000e+00
2.760000000000000231e+00
2.770000000000000462e+00
2.780000000000000249e+00
2.790000000000000036e+00
2.800000000000000266e+00
2.810000000000000497e+00
2.820000000000000284e+00
2.830000000000000071e+00
2.840000000000000302e+00
2.850000000000000533e+00
2.860000000000000320e+00
2.870000000000000107e+00
2.880000000000000338e+00
2.889999999999999680e+00
2.899999999999999911e+00
2.909999999999999698e+00
2.919999999999999929e+00
2.929999999999999716e+00
2.939999999999999947e+00
2.949999999999999734e+00
2.959999999999999964e+00
2.969999999999999751e+00
2.979999999999999982e+00
2.989999999999999769e+00
3.000000000000000000e+00
3.009999999999999787e+00
3.020000000000000018e+00
3.029999999999999805e+00
3.040000000000000036e+00
3.049999999999999822e+00
3.060000000000000053e+00
3.069999999999999840e+00
3.080000000000000071e+00
3.089999999999999858e+00
3.100000000000000089e+00
3.109999999999999876e+00
3.120000000000000107e+00
3.129999999999999893e+00
3.140000000000000124e+00
3.149999999999999911e+00
3.160000000000000142e+00
3.169999999999999929e+00
3.180000000000000160e+00
3.189999999999999947e+00
3.200000000000000178e+00
3.209999999999999964e+00
3.220000000000000195e+00
3.229999999999999982e+00
3.240000000000000213e+00
3.250000000000000000e+00
3.260000000000000231e+00
3.270000000000000018e+00
3.280000000000000249e+00
3.290000000000000036e+00
3.300000000000000266e+00
3.310000000000000053e+00
3.320000000000000284e+00
3.330000000000000071e+00
3.340000000000000302e+00
3.350000000000000089e+00
3.360000000000000320e+00
3.370000000000000107e+00
3.380000000000000338e+00
3.390000000000000124e+00
3.400000000000000355e+00
3.410000000000000142e+00
3.420000000000000373e+00
3.430000000000000160e+00
3.440000000000000391e+00
3.450000000000000178e+00
3.460000000000000409e+00
3.470000000000000195e+00
3.480000000000000426e+00
3.490000000000000213e+00
3.500000000000000444e+00
3.510000000000000231e+00
3.519999999999999574e+00
3.529999999999999805e+00
3.540000000000000036e+00
3.549999999999999822e+00
3.559999999999999609e+00
3.569999999999999840e+00
3.580000000000000071e+00
3.589999999999999858e+00
3.599999999999999645e+00
3.609999999999999876e+00
3.620000000000000107e+00
3.629999999999999893e+00
3.639999999999999680e+00
3.649999999999999911e+00
3.660000000000000142e+00
3.669999999999999929e+00
3.679999999999999716e+00
3.689999999999999947e+00
3.700000000000000178e+00
3.709999999999999964e+00
3.719999999999999751e+00
3.729999999999999982e+00
3.740000000000000213e+00
3.750000000000000000e+00
3.759999999999999787e+00
3.770000000000000018e+00
3.780000000000000249e+00
3.790000000000000036e+00
3.799999999999999822e+00
3.810000000000000053e+00
3.820000000000000284e+00
3.830000000000000071e+00
3.839999999999999858e+00
3.850000000000000089e+00
3.860000000000000320e+00
3.870000000000000107e+00
3.879999999999999893e+00
3.890000000000000124e+00
3.900000000000000355e+00
3.910000000000000142e+00
3.919999999999999929e+00
3.930000000000000160e+00
3.940000000000000391e+00
3.950000000000000178e+00
3.959999999999999964e+00
3.970000000000000195e+00
3.980000000000000426e+00
3.990000000000000213e+00
4.000000000000000000e+00
4.009999999999999787e+00
4.020000000000000462e+00
4.030000000000000249e+00
4.040000000000000036e+00
4.050000000000000711e+00
4.060000000000000497e+00
4.070000000000000284e+00
4.080000000000000071e+00
4.089999999999999858e+00
4.100000000000000533e+00
4.110000000000000320e+00
4.120000000000000107e+00
4.130000000000000782e+00
4.140000000000000568e+00
4.150000000000000355e+00
4.160000000000000142e+00
4.169999999999999929e+00
4.179999999999999716e+00
4.189999999999999503e+00
4.200000000000000178e+00
4.209999999999999964e+00
4.219999999999999751e+00
4.229999999999999538e+00
4.240000000000000213e+00
4.250000000000000000e+00
4.259999999999999787e+00
4.269999999999999574e+00
4.280000000000000249e+00
4.290000000000000036e+00
4.299999999999999822e+00
4.309999999999999609e+00
4.320000000000000284e+00
4.330000000000000071e+00
4.339999999999999858e+00
4.349999999999999645e+00
4.360000000000000320e+00
4.370000000000000107e+00
4.379999999999999893e+00
4.389999999999999680e+00
4.400000000000000355e+00
4.410000000000000142e+00
4.419999999999999929e+00
4.429999999999999716e+00
4.440000000000000391e+00
4.450000000000000178e+00
4.459999999999999964e+00
4.469999999999999751e+00
4.480000000000000426e+00
4.490000000000000213e+00
4.500000000000000000e+00
4.509999999999999787e+00
4.520000000000000462e+00
4.530000000000000249e+00
4.540000000000000036e+00
4.549999999999999822e+00
4.560000000000000497e+00
4.570000000000000284e+00
4.580000000000000071e+00
4.589999999999999858e+00
4.600000000000000533e+00
4.610000000000000320e+00
4.620000000000000107e+00
4.629999999999999893e+00
4.640000000000000568e+00
4.650000000000000355e+00
4.660000000000000142e+00
4.669999999999999929e+00
4.680000000000000604e+00
4.690000000000000391e+00
4.700000000000000178e+00
4.709999999999999964e+00
4.720000000000000639e+00
4.730000000000000426e+00
4.740000000000000213e+00
4.750000000000000000e+00
4.760000000000000675e+00
4.770000000000000462e+00
4.780000000000000249e+00
4.790000000000000036e+00
4.799999999999999822e+00
4.809999999999999609e+00
4.820000000000000284e+00
4.830000000000000071e+00
4.839999999999999858e+00
4.849999999999999645e+00
4.859999999999999432e+00
4.870000000000000107e+00
4.879999999999999893e+00
4.889999999999999680e+00
4.900000000000000355e+00
4.910000000000000142e+00
4.919999999999999929e+00
4.929999999999999716e+00
4.939999999999999503e+00
4.950000000000000178e+00
4.959999999999999964e+00
4.969999999999999751e+00
4.980000000000000426e+00
4.990000000000000213e+00
5.000000000000000000e+00
5.009999999999999787e+00
5.019999999999999574e+00
5.030000000000000249e+00
5.040000000000000036e+00
5.049999999999999822e+00
5.060000000000000497e+00
5.070000000000000284e+00
5.080000000000000071e+00
5.089999999999999858e+00
5.099999999999999645e+00
5.110000000000000320e+00
5.120000000000000107e+00
5.129999999999999893e+00
5.140000000000000568e+00
5.150000000000000355e+00
5.160000000000000142e+00
5.169999999999999929e+00
5.179999999999999716e+00
5.190000000000000391e+00
5.200000000000000178e+00
5.209999999999999964e+00
5.220000000000000639e+00
5.230000000000000426e+00
5.240000000000000213e+00
5.250000000000000000e+00
5.259999999999999787e+00
5.270000000000000462e+00
5.280000000000000249e+00
5.290000000000000036e+00
5.300000000000000711e+00
5.310000000000000497e+00
5.320000000000000284e+00
5.330000000000000071e+00
5.339999999999999858e+00
5.350000000000000533e+00
5.360000000000000320e+00
5.370000000000000107e+00
5.380000000000000782e+00
5.390000000000000568e+00
5.400000000000000355e+00
5.410000000000000142e+00
5.419999999999999929e+00
5.430000000000000604e+00
5.440000000000000391e+00
5.450000000000000178e+00
5.460000000000000853e+00
5.470000000000000639e+00
5.480000000000000426e+00
5.490000000000000213e+00
5.500000000000000000e+00
5.510000000000000675e+00
5.520000000000000462e+00
5.530000000000000249e+00
5.540000000000000924e+00
5.550000000000000711e+00
5.560000000000000497e+00
5.570000000000000284e+00
5.580000000000000071e+00
5.590000000000000746e+00
5.600000000000000533e+00
5.610000000000000320e+00
5.620000000000000995e+00
5.630000000000000782e+00
5.640000000000000568e+00
5.650000000000000355e+00
5.660000000000000142e+00
5.670000000000000817e+00
5.680000000000000604e+00
5.690000000000000391e+00
5.700000000000001066e+00
5.710000000000000853e+00
5.720000000000000639e+00
5.730000000000000426e+00
5.740000000000000213e+00
5.750000000000000888e+00
5.760000000000000675e+00
5.769999999999999574e+00
5.779999999999999361e+00
5.789999999999999147e+00
5.799999999999999822e+00
5.809999999999999609e+00
5.819999999999999396e+00
5.830000000000000071e+00
5.839999999999999858e+00
5.849999999999999645e+00
5.859999999999999432e+00
5.869999999999999218e+00
5.879999999999999893e+00
5.889999999999999680e+00
5.899999999999999467e+00
5.910000000000000142e+00
5.919999999999999929e+00
5.929999999999999716e+00
5.939999999999999503e+00
5.949999999999999289e+00
5.959999999999999964e+00
5.969999999999999751e+00
5.979999999999999538e+00
5.990000000000000213e+00
6.000000000000000000e+00
6.009999999999999787e+00
6.019999999999999574e+00
6.029999999999999361e+00
6.040000000000000036e+00
6.049999999999999822e+00
6.059999999999999609e+00
6.070000000000000284e+00
6.080000000000000071e+00
6.089999999999999858e+00
6.099999999999999645e+00
6.109999999999999432e+00
6.120000000000000107e+00
6.129999999999999893e+00
6.139999999999999680e+00
6.150000000000000355e+00
6.160000000000000142e+00
6.169999999999999929e+00
6.179999999999999716e+00
6.189999999999999503e+00
6.200000000000000178e+00
6.209999999999999964e+00
6.219999999999999751e+00
6.230000000000000426e+00
6.240000000000000213e+00
6.250000000000000000e+00
6.259999999999999787e+00
6.269999999999999574e+00
6.280000000000000249e+00
6.290000000000000036e+00
6.299999999999999822e+00
6.310000000000000497e+00
6.320000000000000284e+00
6.330000000000000071e+00
6.339999999999999858e+00
6.349999999999999645e+00
6.360000000000000320e+00
6.370000000000000107e+00
6.379999999999999893e+00
6.390000000000000568e+00
6.400000000000000355e+00
6.410000000000000142e+00
6.419999999999999929e+00
6.429999999999999716e+00
6.440000000000000391e+00
6.450000000000000178e+00
6.459999999999999964e+00
6.470000000000000639e+00
6.480000000000000426e+00
6.490000000000000213e+00
6.500000000000000000e+00
6.509999999999999787e+00
6.520000000000000462e+00
6.530000000000000249e+00
6.540000000000000036e+00
6.550000000000000711e+00
6.560000000000000497e+00
6.570000000000000284e+00
6.580000000000000071e+00
6.589999999999999858e+00
6.600000000000000533e+00
6.610000000000000320e+00
6.620000000000000107e+00
6.630000000000000782e+00
6.640000000000000568e+00
6.650000000000000355e+00
6.660000000000000142e+00
6.669999999999999929e+00
6.680000000000000604e+00
6.690000000000000391e+00
6.700000000000000178e+00
6.710000000000000853e+00
6.720000000000000639e+00
6.730000000000000426e+00
6.740000000000000213e+00
6.750000000000000000e+00
6.760000000000000675e+00
6.770000000000000462e+00
6.780000000000000249e+00
6.790000000000000924e+00
6.800000000000000711e+00
6.810000000000000497e+00
6.820000000000000284e+00
6.830000000000000071e+00
6.840000000000000746e+00
6.850000000000000533e+00
6.860000000000000320e+00
6.870000000000000995e+00
6.880000000000000782e+00
6.890000000000000568e+00
6.900000000000000355e+00
6.910000000000000142e+00
6.920000000000000817e+00
6.930000000000000604e+00
6.940000000000000391e+00
6.950000000000001066e+00
6.960000000000000853e+00
6.970000000000000639e+00
6.980000000000000426e+00
6.990000000000000213e+00
7.000000000000000888e+00
7.010000000000000675e+00
7.020000000000000462e+00
7.030000000000001137e+00
7.039999999999999147e+00
7.049999999999999822e+00
7.059999999999999609e+00
7.069999999999999396e+00
7.080000000000000071e+00
7.089999999999999858e+00
7.099999999999999645e+00
7.109999999999999432e+00
7.119999999999999218e+00
7.129999999999999893e+00
7.139999999999999680e+00
7.149999999999999467e+00
7.160000000000000142e+00
7.169999999999999929e+00
7.179999999999999716e+00
7.189999999999999503e+00
7.199999999999999289e+00
7.209999999999999964e+00
7.219999999999999751e+00
7.229999999999999538e+00
7.240000000000000213e+00
7.250000000000000000e+00
7.259999999999999787e+00
7.269999999999999574e+00
7.279999999999999361e+00
7.290000000000000036e+00
7.299999999999999822e+00
7.309999999999999609e+00
7.320000000000000284e+00
7.330000000000000071e+00
7.339999999999999858e+00
7.349999999999999645e+00
7.359999999999999432e+00
7.370000000000000107e+00
7.379999999999999893e+00
7.389999999999999680e+00
7.400000000000000355e+00
7.410000000000000142e+00
7.419999999999999929e+00
7.429999999999999716e+00
7.439999999999999503e+00
7.450000000000000178e+00
7.459999999999999964e+00
7.469999999999999751e+00
7.480000000000000426e+00
7.490000000000000213e+00
7.500000000000000000e+00
7.509999999999999787e+00
7.519999999999999574e+00
7.530000000000000249e+00
7.540000000000000036e+00
7.549999999999999822e+00
7.560000000000000497e+00
7.570000000000000284e+00
7.580000000000000071e+00
7.589999999999999858e+00
7.599999999999999645e+00
7.610000000000000320e+00
7.620000000000000107e+00
7.629999999999999893e+00
7.640000000000000568e+00
7.650000000000000355e+00
7.660000000000000142e+00
7.669999999999999929e+00
7.679999999999999716e+00
7.690000000000000391e+00
7.700000000000000178e+00
7.709999999999999964e+00
7.720000000000000639e+00
7.730000000000000426e+00
7.740000000000000213e+00
7.750000000000000000e+00
7.759999999999999787e+00
7.770000000000000462e+00
7.780000000000000249e+00
7.790000000000000036e+00
7.800000000000000711e+00
7.810000000000000497e+00
7.820000000000000284e+00
7.830000000000000071e+00
7.839999999999999858e+00
7.850000000000000533e+00
7.860000000000000320e+00
7.870000000000000107e+00
7.880000000000000782e+00
7.890000000000000568e+00
7.900000000000000355e+00
7.910000000000000142e+00
7.919999999999999929e+00
7.930000000000000604e+00
7.940000000000000391e+00
7.950000000000000178e+00
7.960000000000000853e+00
7.970000000000000639e+00
7.980000000000000426e+00
7.990000000000000213e+00
8.000000000000000000e+00
8.009999999999999787e+00
8.019999999999999574e+00
8.030000000000001137e+00
8.040000000000000924e+00
8.050000000000000711e+00
8.060000000000000497e+00
8.070000000000000284e+00
8.080000000000000071e+00
8.089999999999999858e+00
8.100000000000001421e+00
8.110000000000001208e+00
8.120000000000000995e+00
8.130000000000000782e+00
8.140000000000000568e+00
8.150000000000000355e+00
8.160000000000000142e+00
8.169999999999999929e+00
8.179999999999999716e+00
8.190000000000001279e+00
8.200000000000001066e+00
8.210000000000000853e+00
8.220000000000000639e+00
8.230000000000000426e+00
8.240000000000000213e+00
8.250000000000000000e+00
8.260000000000001563e+00
8.270000000000001350e+00
8.280000000000001137e+00
8.290000000000000924e+00
8.300000000000000711e+00
8.310000000000000497e+00
8.320000000000000284e+00
8.330000000000000071e+00
8.339999999999999858e+00
8.349999999999999645e+00
8.359999999999999432e+00
8.369999999999999218e+00
8.379999999999999005e+00
8.390000000000000568e+00
8.400000000000000355e+00
8.410000000000000142e+00
8.419999999999999929e+00
8.429999999999999716e+00
8.439999999999999503e+00
8.449999999999999289e+00
8.459999999999999076e+00
8.469999999999998863e+00
8.480000000000000426e+00
8.490000000000000213e+00
8.500000000000000000e+00
8.509999999999999787e+00
8.519999999999999574e+00
8.529999999999999361e+00
8.539999999999999147e+00
8.550000000000000711e+00
8.560000000000000497e+00
8.570000000000000284e+00
8.580000000000000071e+00
8.589999999999999858e+00
8.599999999999999645e+00
8.609999999999999432e+00
8.619999999999999218e+00
8.629999999999999005e+00
8.640000000000000568e+00
8.650000000000000355e+00
8.660000000000000142e+00
8.669999999999999929e+00
8.679999999999999716e+00
8.689999999999999503e+00
8.699999999999999289e+00
8.710000000000000853e+00
8.720000000000000639e+00
8.730000000000000426e+00
8.740000000000000213e+00
8.750000000000000000e+00
8.759999999999999787e+00
8.769999999999999574e+00
8.779999999999999361e+00
8.789999999999999147e+00
8.800000000000000711e+00
8.810000000000000497e+00
8.820000000000000284e+00
8.830000000000000071e+00
8.839999999999999858e+00
8.849999999999999645e+00
8.859999999999999432e+00
8.870000000000000995e+00
8.880000000000000782e+00
8.890000000000000568e+00
8.900000000000000355e+00
8.910000000000000142e+00
8.919999999999999929e+00
8.929999999999999716e+00
8.939999999999999503e+00
8.949999999999999289e+00
8.960000000000000853e+00
8.970000000000000639e+00
8.980000000000000426e+00
8.990000000000000213e+00
9.000000000000000000e+00
9.009999999999999787e+00
9.019999999999999574e+00
9.030000000000001137e+00
9.040000000000000924e+00
9.050000000000000711e+00
9.060000000000000497e+00
9.070000000000000284e+00
9.080000000000000071e+00
9.089999999999999858e+00
9.099999999999999645e+00
9.109999999999999432e+00
9.120000000000000995e+00
9.130000000000000782e+00
9.140000000000000568e+00
9.150000000000000355e+00
9.160000000000000142e+00
9.169999999999999929e+00
9.179999999999999716e+00
9.190000000000001279e+00
9.200000000000001066e+00
9.210000000000000853e+00
9.220000000000000639e+00
9.230000000000000426e+00
9.240000000000000213e+00
9.250000000000000000e+00
9.259999999999999787e+00
9.269999999999999574e+00
9.280000000000001137e+00
9.290000000000000924e+00
9.300000000000000711e+00
9.310000000000000497e+00
9.320000000000000284e+00
9.330000000000000071e+00
9.339999999999999858e+00
9.350000000000001421e+00
9.360000000000001208e+00
9.370000000000000995e+00
9.380000000000000782e+00
9.390000000000000568e+00
9.400000000000000355e+00
9.410000000000000142e+00
9.419999999999999929e+00
9.429999999999999716e+00
9.440000000000001279e+00
9.450000000000001066e+00
9.460000000000000853e+00
9.470000000000000639e+00
9.480000000000000426e+00
9.490000000000000213e+00
9.500000000000000000e+00
9.510000000000001563e+00
9.520000000000001350e+00
9.530000000000001137e+00
9.540000000000000924e+00
9.550000000000000711e+00
9.560000000000000497e+00
9.570000000000000284e+00
9.580000000000000071e+00
9.589999999999999858e+00
9.599999999999999645e+00
9.609999999999999432e+00
9.619999999999999218e+00
9.629999999999999005e+00
9.640000000000000568e+00
9.650000000000000355e+00
9.660000000000000142e+00
9.669999999999999929e+00
9.679999999999999716e+00
9.689999999999999503e+00
9.699999999999999289e+00
9.709999999999999076e+00
9.719999999999998863e+00
9.730000000000000426e+00
9.740000000000000213e+00
9.750000000000000000e+00
9.759999999999999787e+00
9.769999999999999574e+00
9.779999999999999361e+00
9.789999999999999147e+00
9.800000000000000711e+00
9.810000000000000497e+00
9.820000000000000284e+00
9.830000000000000071e+00
9.839999999999999858e+00
9.849999999999999645e+00
9.859999999999999432e+00
9.869999999999999218e+00
9.879999999999999005e+00
9.890000000000000568e+00
9.900000000000000355e+00
9.910000000000000142e+00
9.919999999999999929e+00
9.929999999999999716e+00
9.939999999999999503e+00
9.949999999999999289e+00
9.960000000000000853e+00
9.970000000000000639e+00
9.980000000000000426e+00
9.990000000000000213e+00
7.483186609049417728e+18
7.107050006878977024e+18
6.128501062509500416e+18
4.721669922496191488e+18
3.110252251003558912e+18
1.515576448599352832e+18
1.129943686778056000e+17
-9.906091581241264640e+17
-1.755814293928208384e+18
-2.196257562920177664e+18
-2.361368880040345088e+18
-2.318843564200976384e+18
-2.138331605447942656e+18
-1.880270119816312832e+18
-1.595305743364746752e+18
-1.325598350736867328e+18
-1.100071773711288832e+18
-9.270522099594696960e+17
-7.917648343267769600e+17
-6.644782134008238080e+17
-5.159003417265429760e+17
-3.298347306042506240e+17
-1.107639753816600480e+17
1.176335511436653120e+17
3.198019938023347200e+17
4.599019182382521600e+17
5.129638964225152640e+17
4.735861071502735360e+17
3.587414310319303040e+17
2.030084495392847360e+17
4.762452264225212800e+16
-7.214755974882425600e+16
-1.371732346815748160e+17
-1.492603485708370560e+17
-1.282552429574920640e+17
-9.996722324130145600e+16
-8.330431521043043200e+16
-8.345554229500995200e+16
-9.557958923548480000e+16
-1.136771060145362880e+17
-1.358674426507025440e+17
-1.631670319710215680e+17
-1.935693856282368000e+17
-2.202012249319821440e+17
-2.329484287725088000e+17
-2.234009180251316160e+17
-1.886660752618666240e+17
-1.308734900991109760e+17
-5.503016661994212000e+16
3.181605196924507200e+16
1.203683640804621920e+17
1.994880226061779200e+17
2.587304509322204800e+17
2.916415180138571520e+17
2.968875585256742400e+17
2.777570337070022400e+17
2.420220392117019520e+17
2.000179463014476800e+17
1.624126425747328960e+17
1.359790114853257920e+17
1.206856640872534720e+17
1.106790526209217600e+17
9.672506495807718400e+16
7.127851517285998400e+16
3.320349336176616000e+16
-1.096864131344822400e+16
-5.140526810084466400e+16
-8.246128980813040000e+16
-1.025145874692608000e+17
-1.077725464927800800e+17
-9.068162261521286400e+16
-4.494868171136732000e+16
2.515208313842543200e+16
1.024865967888220000e+17
1.642461486862442880e+17
1.954068082711907840e+17
1.983775670052474560e+17
1.904099187264441600e+17
1.930697641086364800e+17
2.198288613106825600e+17
2.699838224015262080e+17
3.311889318592128000e+17
3.857658781073054720e+17
4.187376556343370240e+17
4.224584095873635200e+17
3.981337756261244160e+17
3.525304837955150720e+17
2.937856997962723200e+17
2.291569039027103360e+17
1.656043751426326720e+17
1.113804072016505600e+17
7.340008557406160000e+16
4.963948017789947200e+16
2.661887787541036800e+16
-1.216279432566745400e+16
-7.601730407269318400e+16
-1.621449876818642880e+17
-2.568631228937529600e+17
-3.399075737874844160e+17
-3.904396205321907200e+17
-3.929738631442746880e+17
-3.432916587787818880e+17
-2.484693093581431040e+17
-1.224902552290290240e+17
1.921689866040084800e+16
1.617646125886157440e+17
2.907906340901934720e+17
3.918738726904900480e+17
4.507261875401176320e+17
4.574546045941273600e+17
4.099056841328275840e+17
3.150136282319603840e+17
1.869202308279249600e+17
4.356149937613816000e+16
-9.800926295974091200e+16
-2.233025425632510400e+17
-3.227865735816896640e+17
-3.909801567101264640e+17
-4.233671864918483840e+17
-4.154276016581370880e+17
-3.636559439117850240e+17
-2.711645284672743360e+17
-1.509928604720607680e+17
-2.224908705372254400e+16
9.719717974702097600e+16
1.956186583320408320e+17
2.657999420173535680e+17
3.007634917665448960e+17
2.936105956737562880e+17
2.413736824197018880e+17
1.520324937441342720e+17
4.719659563069671200e+16
-4.460807592244206400e+16
-9.863273306116275200e+16
-1.039685345522005440e+17
-6.507772720357242400e+16
3.597770266857112000e+15
8.530061430885532800e+16
1.657005846824698880e+17
2.344266996667338240e+17
2.841704753998323200e+17
3.106271193269164800e+17
3.141151441005167360e+17
3.024172376648948480e+17
2.881964905044860160e+17
2.797950827111215360e+17
2.731739851101486720e+17
2.545881882705368320e+17
2.111859428029669760e+17
1.458332426700264960e+17
7.994464156430841600e+16
4.069242301100200800e+16
4.280757409359764800e+16
7.834751324013516800e+16
1.216325290221290560e+17
1.443397114204590720e+17
1.264565414206520160e+17
6.154694437484259200e+16
-4.635065520817892800e+16
-1.855835819708253760e+17
-3.369695499034617600e+17
-4.732061447541244160e+17
-5.657550177760908800e+17
-5.969511256046819840e+17
-5.677125856204528000e+17
-4.961305016431048960e+17
-4.061048006299208960e+17
-3.133675822168614400e+17
-2.194417872443589120e+17
-1.153815802675688000e+17
8.068979756766528000e+15
1.474483624831096960e+17
2.829808999041607680e+17
3.880422949140709760e+17
4.438056189126196480e+17
4.486083600644454400e+17
4.172916523017803520e+17
3.707910650594640640e+17
3.229669310984953600e+17
2.712973262438196800e+17
2.010563053289683840e+17
1.001922079902096000e+17
-2.692915775927382400e+16
-1.567310897150910400e+17
-2.560483249846022400e+17
-2.984711888865646720e+17
-2.774188492364642880e+17
-2.066541923758826560e+17
-1.123260237194679360e+17
-2.301681864662940000e+16
3.822157680227324800e+16
6.204481922343793600e+16
5.706498026226774400e+16
4.419178662899899200e+16
4.439935384834803200e+16
6.963280093156908000e+16
1.192642505803571520e+17
1.810436763209017280e+17
2.355848079007583040e+17
2.643153976165392960e+17
2.557365934773782720e+17
2.085842130078428480e+17
1.292195279455681440e+17
2.806174951731837600e+16
-8.362675355949532800e+16
-1.955306680177877760e+17
-3.001792290076083200e+17
-3.931822731373448320e+17
-4.688299647475027200e+17
-5.172823240134400000e+17
-5.243759358290567680e+17
-4.779182402856970240e+17
-3.794026112042815360e+17
-2.477446890973593600e+17
-1.160057097235263360e+17
-1.603626723115652800e+16
3.328684995146853200e+16
3.310611878015672000e+16
-1.768268530022200000e+13
-4.317537934412064800e+16
-7.673969373772379200e+16
-9.009232472445348800e+16
-8.158238017169020800e+16
-5.974019507113732000e+16
-4.027485562568212000e+16
-3.892003287837150400e+16
-6.151386211932286400e+16
-1.000497083723327360e+17
-1.367058112101460160e+17
-1.540315796701994880e+17
-1.443944626381703680e+17
-1.147280761896132800e+17
-8.144275726110832000e+16
-5.977595645926985600e+16
-5.559348218304286400e+16
-6.222559083434142400e+16
-6.468079750910248000e+16
-4.618640079025606400e+16
6.085061355914760000e+15
9.473947136312158400e+16
2.078702249974939200e+17
3.208899964428854400e+17
4.022907490985985280e+17
4.237304343526850560e+17
3.712417958725601920e+17
2.516046532770544640e+17
9.098328485572841600e+16
-7.217721935901052800e+16
-1.973296850326383680e+17
-2.532723006792151360e+17
-2.284337762902678080e+17
-1.360085354093584640e+17
-1.047158508386776000e+16
1.058833709308003200e+17
1.776173809551528320e+17
1.853781448821360320e+17
1.302624952008190080e+17
3.207838930035076000e+16
-7.833616491692307200e+16
-1.696188611914531200e+17
-2.187064768422493120e+17
-2.167584755748896000e+17
-1.695798187399200640e+17
-9.652286696054176000e+16
-2.332548417267785600e+16
2.864069017199235200e+16
5.006701647090030400e+16
4.416196830820034400e+16
1.984643603183180800e+16
-1.642671399933313200e+16
-6.317975489918758400e+16
-1.199988131078253440e+17
-1.844706511607980480e+17
-2.507499032543973120e+17
-3.062147290395292800e+17
-3.309833577320556160e+17
-3.024020772275564160e+17
-2.068923689894821760e+17
-5.036866438864775200e+16
1.397631762927095360e+17
3.232920992392590720e+17
4.607747721986533120e+17
5.250308653888064640e+17
5.087205770149466240e+17
4.235464779275558400e+17
2.968439122802515200e+17
1.640384258782897280e+17
6.074799475591195200e+16
1.244896019714574600e+16
2.614526532686519200e+16
8.607229701846356800e+16
1.579453311762919680e+17
2.032255657860882560e+17
1.964702284791888960e+17
1.349710503168956160e+17
3.696321355430219200e+16
-6.921153520162789600e+16
-1.556168282477507520e+17
-2.030293741490282880e+17
-2.023766406871260800e+17
-1.551382663530848640e+17
-7.317225904176598400e+16
2.044006527554082000e+16
9.726628519331849600e+16
1.333637427339857120e+17
1.204329717431604480e+17
6.741521889712252800e+16
-6.184644418956441000e+15
-7.986550422439467200e+16
-1.385558974771479680e+17
-1.739303005145818880e+17
-1.842716803877728640e+17
-1.721723745087300480e+17
-1.417893233231058240e+17
-9.414460709639755200e+16
-2.721326314343186400e+16
5.645100617853075200e+16
1.423065998223889280e+17
2.077844153154623680e+17
2.352091187635945600e+17
2.254268203118068800e+17
2.014854790737281600e+17
1.981070568432771200e+17
2.412145654195459840e+17
3.294491927815297280e+17
4.330033430546236800e+17
5.117191835522508800e+17
5.376873807781402240e+17
5.064038807940204160e+17
4.311712500390042240e+17
3.307617810784899840e+17
2.226693125081896960e+17
1.249670383156492800e+17
5.585794034060288000e+16
3.051481742030117600e+16
5.206585633790579200e+16
1.055072261679532480e+17
1.606523992752774400e+17
1.869628360848078080e+17
1.693326828494704000e+17
1.133813247445992960e+17
3.758023055230967200e+16
-4.127197371164467200e+16
-1.127970194322982720e+17
-1.698378464343369600e+17
-2.021649961666236160e+17
-1.959319108604420480e+17
-1.392443763828672320e+17
-2.985160046099716800e+16
1.190293986048206720e+17
2.794229997073646720e+17
4.156672237029973760e+17
4.952462152430049280e+17
4.980578664268878720e+17
4.219176142284172800e+17
2.824245268121450240e+17
1.078161671882766720e+17
-7.122767925222992800e+16
-2.292271598092419840e+17
-3.528317523654024320e+17
-4.369575612677898240e+17
-4.790692925050115200e+17
-4.762065133545630720e+17
-4.249681488218688640e+17
-3.275694063338857600e+17
-1.969309058020026880e+17
-5.797765784530784000e+16
6.046764598044333600e+16
1.374920177624449920e+17
1.655093232515190080e+17
1.507447689023377600e+17
1.096326494829944640e+17
6.359850949444208800e+16
3.235909077696848800e+16
2.751521894188925600e+16
4.792908004729973600e+16
7.915972685718523200e+16
1.030806966356735680e+17
1.080937563459600320e+17
9.569253476549142400e+16
7.775006048687619200e+16
6.563925933066673600e+16
6.082575741852480800e+16
5.272473565795876000e+16
2.678902526395854400e+16
-2.887301602680671600e+16
-1.189114370119286720e+17
-2.406807661436065920e+17
-3.841373745582067840e+17
-5.294818853260282880e+17
-6.492724987100408320e+17
-7.161643176372079360e+17
-7.132612787312033280e+17
-6.403314759367375360e+17
-5.145768116785418240e+17
-3.614101226839327360e+17
-2.044163893816749760e+17
-6.127949292631246400e+16
5.658815069008190400e+16
1.397586573701190400e+17
1.808011459501889280e+17
1.763150643653707840e+17
1.296299368486264800e+17
5.388821737740652000e+16
-2.821953235443859200e+16
-9.102917361505033600e+16
-1.171546146444279360e+17
-1.072072994820284800e+17
-8.048025965602240000e+16
-6.358650099593815200e+16
-7.440058535822208000e+16
-1.113549707161907040e+17
-1.553272452034161600e+17
-1.825716118457716480e+17
-1.793981823292936640e+17
-1.493109072362577920e+17
-1.092307526084700160e+17
-7.760764196150123200e+16
-6.529155989038977600e+16
-7.278727608356172800e+16
-9.040460102543153600e+16
-1.017085804468116160e+17
-9.069563698921806400e+16
-5.155817321573639200e+16
7.633278369845688000e+15
7.032598442535471200e+16
1.203016260526520640e+17
1.513378302220000640e+17
1.656112118140533760e+17
1.677569510197697600e+17
1.587015413284017280e+17
1.348215207572139520e+17
8.930695566715878400e+16
1.596510604570581600e+16
-8.601476853747459200e+16
-2.065739172058325760e+17
-3.230457720630462080e+17
-4.063094587166322560e+17
-4.347823049180302720e+17
-4.035079106735002240e+17
-3.259871746178058240e+17
-2.278701174663367360e+17
-1.359408250225416640e+17
-7.034874968709844000e+16
-3.985400130847617600e+16
-4.080278211930431200e+16
-5.850126288518108000e+16
-7.147405095137108000e+16
-5.803164827354460000e+16
-4.510133944250830000e+15
8.880575606252822400e+16
2.057230163019469440e+17
3.196502573240545920e+17
4.025250815866206080e+17
4.348835876220500480e+17
4.122391372271902720e+17
3.454645814882135040e+17
2.564678509938761600e+17
1.686996500914584960e+17
9.743685349982457600e+16
4.787944374913298400e+16
1.463379568299841600e+16
-1.118643181813988000e+16
-3.455838626018819200e+16
-5.371228381476645600e+16
-6.186560453464622400e+16
-5.310991162479022400e+16
-2.493793037756850400e+16
1.939565152796808000e+16
7.192133643909936000e+16
1.205718858301352480e+17
1.541855355598368640e+17
1.662436218308956800e+17
1.581167493925328640e+17
1.396070478383253760e+17
1.255624194722633120e+17
1.288339081173253440e+17
1.524158986853371200e+17
1.860440358563545920e+17
2.109795610486841280e+17
2.098788154941518080e+17
1.745643373548246400e+17
1.113100303376089440e+17
3.849166005103728000e+16
-2.168374199556558400e+16
-5.368231647404674400e+16
-5.563058982801985600e+16
-3.724126905962536800e+16
-1.311379198973577600e+16
5.269322960837639000e+15
1.171766476988551200e+16
6.769513617596252000e+15
-5.363874071186544000e+15
-1.979212611076080000e+16
-3.534276813333270000e+16
-5.445314645649003200e+16
-8.073648371006385600e+16
-1.152015840861428640e+17
-1.519684904217533760e+17
-1.752555602331347200e+17
-1.613039873898171520e+17
-8.939857204159504000e+16
4.293115210007239200e+16
2.087603363346991360e+17
3.560490348104058240e+17
4.295118794758439680e+17
3.975922188235029120e+17
2.683580648188138560e+17
8.352672475040182400e+16
-1.014498393624859680e+17
-2.403908588093295360e+17
-3.114178139137868800e+17
-3.195786674561066240e+17
-2.870057935025694080e+17
-2.375666973640885760e+17
-1.868190744206845440e+17
-1.396326945568235520e+17
-9.448647935666017600e+16
-4.886926153454288800e+16
-2.793246621626612000e+15
3.875887300283916000e+16
6.617415407559604800e+16
6.954188880974208000e+16
4.347903317020469600e+16
-9.219533958601940000e+15
-7.628895999122451200e+16
-1.396661439344277760e+17
-1.814644591392480320e+17
-1.892210721371823360e+17
-1.575067772022834880e+17
-8.633386006991331200e+16
2.045641317052663200e+16
1.524900972534390080e+17
2.917086835961824640e+17
4.122662245045093760e+17
4.903501120033107200e+17
5.140313599533752960e+17
4.870427787747527680e+17
4.225287165571016320e+17
3.342893824399992960e+17
2.335067139006447040e+17
1.301709987003240960e+17
3.500458679673097600e+16
-4.059555310140301600e+16
-8.778282607923364800e+16
-1.030552822545364640e+17
-8.945301313754408000e+16
-5.561824846691014400e+16
-1.208020693933224800e+16
2.942905955715681600e+16
5.506916162679640000e+16
4.893052088586607200e+16
1.505855316287931000e+15
-8.136982011165870400e+16
-1.762131933892762560e+17
-2.517273376682626560e+17
-2.837191655108351360e+17
-2.653173505888997120e+17
-2.074785968036401280e+17
-1.324872926454155840e+17
-6.385034210136625600e+16
-1.890038400441850400e+16
-6.169007766003592000e+15
-2.697698243279331200e+16
-7.734371761853622400e+16
-1.474176653227002560e+17
-2.203640712347374720e+17
-2.749798981310007040e+17
-2.929997597197768960e+17
-2.670390439328722880e+17
-2.051237783209895360e+17
-1.290331082469032800e+17
-6.516882882270526400e+16
-3.256480314349810400e+16
-3.533226308596774400e+16
-6.209194411156665600e+16
-9.479127949264000000e+16
-1.151772064447184800e+17
-1.085089250370611200e+17
-6.553809929416953600e+16
1.601546919041816000e+16
1.293871285182142080e+17
2.570359598938668160e+17
3.708459172024557440e+17
4.388240914101135360e+17
4.360779723624695040e+17
3.538740272114318720e+17
2.040569810963452160e+17
1.309616230338411600e+16
-1.855709269206419520e+17
-3.574156639898681600e+17
-4.739285175117431040e+17
-5.188179943097745920e+17
-4.915081323190209280e+17
-4.044175413156550400e+17
-2.744754706352398720e+17
-1.133724961274150080e+17
7.176820349626438400e+16
2.704352482740319360e+17
4.629832437140071680e+17
6.261291696934804480e+17
7.429697182454083840e+17
8.089196413562356480e+17
8.274106613737008640e+17
8.012191236996117760e+17
7.291599101024725760e+17
6.090420316827795200e+17
4.442339939114238080e+17
2.477513495908049280e+17
4.524747781764862400e+16
-1.304599020930426240e+17
-2.500654501567191360e+17
-2.991020690669335040e+17
-2.843257408543672960e+17
-2.276547876306489600e+17
-1.556780343968411840e+17
-8.721421206324921600e+16
-2.872371599236289600e+16
2.266627098859164000e+16
7.163716298590044800e+16
1.199263932908633600e+17
1.671198254041332160e+17
2.142718739255665920e+17
2.658740812934876800e+17
3.255306696683694720e+17
3.894522706899114240e+17
4.420819133885056000e+17
4.599090262762016000e+17
4.199552455709487360e+17
3.128155085212033920e+17
1.512332651011974720e+17
-3.437995550633795600e+16
-2.085531401814059840e+17
-3.440965751256740480e+17
-4.254606656243783680e+17
-4.471178511486048640e+17
-4.090465203098186240e+17
-3.174677207977852160e+17
-1.883806131261078080e+17
-4.636300528717656000e+16
8.375757301129030400e+16
1.864682298377680000e+17
2.566160942304229760e+17
2.940629888416741120e+17
2.964643249340542720e+17
2.608337490178355200e+17
1.896232506468635200e+17
9.587924755165737600e+16
1.495618497640804000e+15
-6.954423851230068800e+16
-1.006020156733939680e+17
-8.760014972071379200e+16
-3.941537412293810400e+16
2.644470932258892000e+16
8.943273076950372800e+16
1.299803278864741120e+17
1.359608107212872960e+17
1.070662584136760640e+17
5.434743576947080000e+16
-7.393653282575364000e+15
-6.516653908966886400e+16
-1.097346385281334720e+17
-1.335436555023847040e+17
-1.322596699042791200e+17
-1.073022313003890880e+17
-6.705193650636714400e+16
-2.319489704252368000e+16
1.389390173236781200e+16
3.541271892372664800e+16
3.473324406707620000e+16
6.803796331199901000e+15
-4.766612659931947200e+16
-1.208277565432478400e+17
-1.985501332024321920e+17
-2.634042688137470720e+17
-2.981219378940950400e+17
-2.882966183271287680e+17
-2.265730556196647680e+17
-1.159232253406147200e+17
2.938750381311490400e+16
1.862639512431536320e+17
3.294356455508141440e+17
4.372101875950801920e+17
4.979974195312129280e+17
5.131143433414206720e+17
4.934963370372937600e+17
4.541002010771395200e+17
4.062712491253713280e+17
3.536400900886578560e+17
2.932824061443377920e+17
2.206703917114037760e+17
1.359813388996891680e+17
4.751765264364992000e+16
-3.121820402916136800e+16
-8.837284447073478400e+16
-1.208314329404952320e+17
-1.359032316650320960e+17
-1.457568847907001280e+17
-1.572976667706011520e+17
-1.703657622046243200e+17
-1.818929477261812800e+17
-1.932834472540599040e+17
-2.112242905197432320e+17
-2.400997165143084800e+17
-2.742401304287130560e+17
-2.978745634792230400e+17
-2.929312959393994880e+17
-2.477712395681194560e+17
-1.613855573312306240e+17
-4.239252199287921600e+16
9.239875929656259200e+16
2.207208530002844480e+17
3.188154664282815360e+17
3.666668009823827200e+17
3.525828316330119040e+17
2.752338893844076160e+17
1.438270446956410880e+17
-2.195494883443578400e+16
-1.928606340148803840e+17
-3.358344980401098240e+17
-4.238088157947967360e+17
-4.437327486133717120e+17
-4.009861383230218880e+17
-3.182489801597922560e+17
-2.267772079562179520e+17
-1.564099562869752320e+17
-1.235237152809842880e+17
-1.252975865384502240e+17
-1.433518627115312320e+17
-1.579696304029457600e+17
-1.601964721893589120e+17
-1.537537873439068160e+17
-1.480608701589754880e+17
-1.485347364770219840e+17
-1.525608409811936640e+17
-1.541483747006711680e+17
-1.502915594998045120e+17
-1.425909139578231680e+17
-1.308436610842767040e+17
-1.094419422840220480e+17
-7.141974899009332800e+16
-1.347242340046548200e+16
6.007906120535336000e+16
1.371295025010231360e+17
2.005727961811267520e+17
2.337711444547743680e+17
2.293202004746485120e+17
1.936530153361618880e+17
1.437805892786961280e+17
9.533506204104825600e+16
5.408959113147371200e+16
1.636214937127417600e+16
-2.375004676629491200e+16
-6.687005226866211200e+16
-1.075797241527379360e+17
-1.376726848562887680e+17
-1.508737411222563200e+17
-1.454167569246290560e+17
-1.231483542584073600e+17
-9.013998059740140800e+16
-5.486692538089091200e+16
-2.609544581469524000e+16
-1.175063684865330600e+16
-1.804233132369935200e+16
-4.806234441044344800e+16
-9.697521737630617600e+16
-1.501635540637157120e+17
-1.873186527244089600e+17
-1.928658737639426560e+17
-1.620821313313130560e+17
-9.686600314280291200e+16
-1.984662437795004000e+15
1.169658460852058080e+17
2.489481075242983680e+17
3.753040003185946880e+17
4.737799228339854080e+17
5.253934498741464960e+17
5.232318525026597760e+17
4.725882640383996800e+17
3.867475728690252800e+17
2.778979225967230400e+17
1.546928636858312640e+17
2.365709081688033600e+16
-1.055543917255691840e+17
-2.161237616614009920e+17
-2.898911569881724800e+17
-3.168169906898358400e+17
-2.995174873365568000e+17
-2.524698522455041280e+17
-1.952326125956659520e+17
-1.446744806679990400e+17
-1.098640967561659520e+17
-9.137373997176651200e+16
-8.565972263941662400e+16
-8.813522975110891200e+16
-9.274662288232894400e+16
-8.936791996702044800e+16
-6.402044608135622400e+16
-4.176079868025206000e+15
9.240373883399392000e+16
2.140622244116816320e+17
3.388975394572557440e+17
4.404791643631090560e+17
4.927620354061187200e+17
4.749810860597061760e+17
3.771411867636303360e+17
2.072304116811282880e+17
-7.599508574178884000e+15
-2.287765769223878400e+17
-4.173731796071348480e+17
-5.448375045274581760e+17
-5.961909551061731840e+17
-5.698983004643164160e+17
-4.765461399185659520e+17
-3.378378748562376960e+17
-1.840645262571200960e+17
-4.584677963745500000e+16
5.518378296921966400e+16
1.127900318174126720e+17
1.360370582754466240e+17
1.447167560081767360e+17
1.583374497649474880e+17
1.865329670216127040e+17
2.240430467416530240e+17
2.543847103337686400e+17
2.581908120980387520e+17
2.240557403013102720e+17
1.541616086248631360e+17
6.523110527092457600e+16
-1.501141935183688000e+16
-5.959527315171798400e+16
-5.623572388743030400e+16
-1.514776364073878800e+16
3.824943650737283200e+16
7.872509287719568000e+16
9.359150048414196800e+16
8.287066893474896000e+16
5.355831171590194400e+16
1.530289698532346400e+16
-1.950293740171007200e+16
-3.806153685560704800e+16
-3.264736160514056000e+16
-8.494942158176908000e+15
1.598874692057970800e+16
1.858432940347180000e+16
-1.337376773760642000e+16
-7.381004447900438400e+16
-1.385954522024190880e+17
-1.789342571524775680e+17
-1.763392212996927040e+17
-1.316137359644611520e+17
-6.104918737934347200e+16
1.342788814819048800e+16
7.676722928180582400e+16
1.238277262954915200e+17
1.546859408460080000e+17
1.706512002206585600e+17
1.742820341342785920e+17
1.729534154447445760e+17
1.772349852882902080e+17
1.949770378079046400e+17
2.276399454708210880e+17
2.699110444304536960e+17
3.126404865552213120e+17
3.455837729229998080e+17
3.574100469920304640e+17
3.387731161119971840e+17
2.847229189101119680e+17
1.967399542868537920e+17
8.478225874551192000e+16
-3.383702872307055200e+16
-1.358377693654785920e+17
-1.977691613686245120e+17
-2.058239411912096320e+17
-1.637044195322035520e+17
-9.185570213530080000e+16
-2.047425350853136400e+16
2.282131931389067200e+16
2.464252293765455200e+16
-9.000246532997617000e+15
-5.781962263362567200e+16
-9.903094465266782400e+16
-1.213309857986090240e+17
-1.300015911754453600e+17
-1.391007830059624320e+17
-1.574816521957792000e+17
-1.809681478548991040e+17
-1.940735225642641280e+17
-1.825654293458464000e+17
-1.436513923223447040e+17
-8.963640329394771200e+16
-4.261744413868516800e+16
-2.491847506527891200e+16
-4.634534429620212800e+16
-9.992908913125755200e+16
-1.659754573332750720e+17
-2.263998926350723840e+17
-2.758688803972800640e+17
-3.194961153307266560e+17
-3.613452751108858880e+17
-3.938792573947843840e+17
-3.989115820328517120e+17
-3.562620137307328000e+17
-2.540157024459611520e+17
-9.647056899316576000e+16
9.283102488130024000e+16
2.754254747269059840e+17
4.110821642632063360e+17
4.757885524960110720e+17
4.711786570128093440e+17
4.196998024286428800e+17
3.473667678565922560e+17
2.708735239442503680e+17
1.975174533152339840e+17
1.333928055747510400e+17
8.696976089133315200e+16
6.478935551261245600e+16
6.396845090393072800e+16
6.989027984638965600e+16
6.444010463215760000e+16
3.664849654360216000e+16
-1.194075985317707600e+16
-6.668326597682963200e+16
-1.085205452934653440e+17
-1.248564993449957600e+17
-1.177074499268347520e+17
-1.014797680935207680e+17
-9.370912501508763200e+16
-1.042691455980663680e+17
-1.304938867077679680e+17
-1.579653093002008000e+17
-1.675981892919645760e+17
-1.441421941732807680e+17
-8.389746874697849600e+16
4.295954934647361000e+15
1.022044951969766560e+17
1.868324360641977600e+17
2.374840483721411520e+17
2.441942141363121280e+17
2.135033460940643200e+17
1.642174999842659200e+17
1.166601733358715520e+17
8.109981232527571200e+16
5.389251691611467200e+16
2.421722943160621200e+16
-1.563142820874680400e+16
-6.199276189816290400e+16
-9.860997754579281600e+16
-1.029290771043628160e+17
-6.322383573240682400e+16
9.630406149176904000e+15
8.549740933165092800e+16
1.333611233328309120e+17
1.384900754326229120e+17
1.107515302408035200e+17
7.609691215944398400e+16
6.055645069960671200e+16
7.494454528893833600e+16
1.113931571436639200e+17
1.500552738779804480e+17
1.719805138128885760e+17
1.689593016968815680e+17
1.458382157932570880e+17
1.143155811284306080e+17
8.586864874862888000e+16
6.658308511019964800e+16
5.570826906528820800e+16
4.658383422124872800e+16
2.903527425700231200e+16
-5.509934211266500000e+15
-5.766043380028000800e+16
-1.156479770096885760e+17
-1.596535201165449600e+17
-1.720662988251283520e+17
-1.472465878252017600e+17
-9.412263096080912000e+16
-2.978386983346052800e+16
3.033583526761836800e+16
8.089850253251014400e+16
1.252918873179526720e+17
1.701594054542272640e+17
2.170498003876306560e+17
2.585244157476766080e+17
2.811973768896487360e+17
2.747086227148395840e+17
2.378017221049512640e+17
1.798476288533044480e+17
1.157320557932173120e+17
5.725192792876207200e+16
6.772194134168968000e+15
-4.261507205201396800e+16
-1.018213267458064960e+17
-1.760836487455520960e+17
-2.592389359441880320e+17
-3.325931592864572160e+17
-3.721311231142718720e+17
-3.587047475122695680e+17
-2.880843702336705600e+17
-1.751652709214544960e+17
-4.755763123707082400e+16
3.160141896234702848e+18
9.011513834287923200e+17
-6.852356744533770240e+17
-3.151477119752601600e+17
6.474397130826915840e+17
-4.400448897879572480e+17
-4.754012965915525120e+17
-8.038603626377379840e+17
-3.833809753758760960e+17
1.648957231865528320e+17
-1.228546216144248832e+18
1.550031432874721280e+17
1.949385518518108160e+17
-1.279571362124267520e+17
-5.703768068697620480e+17
5.977810227055820800e+17
-4.227405976195563520e+17
-1.131984661835464704e+18
2.694952595680133120e+17
-1.301285523042992128e+18
3.194606285587742720e+17
1.230779215267233792e+18
-4.708653467335393280e+17
4.929281805495173120e+17
-1.655513272417648640e+17
-1.538902376382464000e+17
-6.451086061412352000e+17
-1.172057024534937600e+16
1.538449309671538688e+18
9.567449774450278400e+17
-1.642344167484948480e+17
2.135771948294471680e+17
-6.660802902813245440e+17
4.113309220753899520e+17
4.010686883912744960e+17
7.158570625726545920e+17
1.496297370479935488e+18
-4.221121330036736000e+15
3.329906037566668800e+17
2.765240242006917120e+17
-7.626701916416901120e+17
5.542017435555880960e+17
-1.330345112968560640e+18
-8.286707845331353600e+17
-4.697326124043796480e+17
-6.419167071393546240e+17
-5.504903269213798400e+16
7.259045514173808640e+17
-2.182343353436078080e+17
-6.717521829738905600e+17
-1.728920583248773120e+17
1.067559280300212224e+18
-9.949113410242150400e+16
5.520871981994475520e+17
6.648846352228352000e+17
-4.377946550904176640e+17
-1.432289914306772992e+18
5.528003689735127040e+17
-2.354292145438064640e+17
3.917562126633533440e+17
-5.208043268925030400e+16
7.149536170955243520e+17
1.064629547512463360e+17
6.494967171886448640e+17
-9.155859258380124160e+17
4.967055472726917120e+17
2.328358700438978560e+17
6.668917960022425600e+16
5.435120707027783680e+17
-1.250252228330455040e+18
-2.063099661115719680e+17
1.698988524872335360e+17
-7.814930928055091200e+17
1.491136037124423680e+18
5.901997823289671680e+17
1.019170605410353152e+18
2.348519120235397120e+17
1.319209326078787584e+18
-1.195262736526737408e+18
-2.425959896730828800e+17
5.986373216121978880e+17
-3.690397922099200000e+17
1.535940695393566720e+17
-1.660207142789275648e+18
-2.889172984601804800e+16
7.393636456316272640e+17
-3.250829906704056320e+17
-4.021344027715307520e+17
-8.627621214176215040e+17
-4.623433976355225600e+17
2.875236380836495360e+17
3.329157797805260800e+16
-2.486696707588423680e+18
-8.708757113092505600e+17
-5.226358462847528960e+17
-6.519067268178739200e+17
-2.198428963144990720e+17
9.786153950047109120e+17
6.377255992453242880e+17
1.152676361933946880e+17
-9.694501484429312000e+17
-4.388124359800913920e+17
2.457291480669747200e+17
-2.137803503661219840e+17
-1.235238087604240384e+18
-1.270670184784838656e+18
-5.344814617203077120e+17
1.061101001337077760e+17
-3.743881521036001280e+17
-1.086660967534837760e+18
1.149524645775605760e+17
-1.361139525986942976e+18
8.552816723743211520e+17
-8.441053411451207680e+17
1.193433481746546688e+18
8.135671328588554240e+17
-3.340327961002393600e+17
5.555778981338071040e+17
-9.694369357264322560e+17
1.189227980461146112e+18
2.112968700500377600e+17
-9.488718873493504000e+15
8.628351477292072960e+17
8.425847273089925120e+17
9.204579762532515840e+17
-6.106513692840919040e+17
1.488250635806146560e+17
1.183798006685171712e+18
5.581464001356103680e+17
-1.435703161043025920e+18
-5.558906374903562240e+17
1.309255955782746112e+18
-1.631292389198692352e+18
-2.222864540246835200e+16
-1.450792840182300672e+18
-8.554146199070310400e+17
-8.307003333423267840e+17
6.686143054153482240e+17
-7.956631635935068160e+17
5.508006513263001600e+17
1.305917676401197056e+18
-7.980974392216780800e+16
-4.964748539240448000e+17
3.085491536246865920e+17
9.606740519825571840e+17
8.553772253988782080e+17
4.488610470463733760e+17
-1.113689936791207936e+18
-7.934816609114521600e+16
1.069328000447905792e+18
1.570632855418044416e+18
-2.315770386966118400e+16
-1.851941415957954560e+17
-1.238660268937183232e+18
3.715638505890283520e+17
-8.819408383771955200e+16
8.045417267032678400e+16
-3.261897825575239680e+17
-1.187128449049718784e+18
6.615087050993500160e+17
-2.265849119425167360e+17
5.786444191925534720e+17
1.843038294614343680e+17
-6.377920412347924480e+17
2.763876536522670080e+17
-6.448879665443635200e+16
-3.425444788146667520e+17
-1.785717584707420160e+17
-3.055355873606594560e+17
-4.295950328665210880e+17
2.179708491611832320e+17
1.384915626216652800e+17
-5.133673926096322560e+17
-1.950743147101880320e+17
-7.043906259153059840e+17
6.417133432610488320e+17
-5.314177380911022080e+17
3.367508860149104640e+17
4.765440396905021440e+17
7.596000132733337600e+17
-7.716532986498908160e+17
6.350818834213437440e+17
-6.902083697788190720e+17
-7.030193784726159360e+17
-5.686625912359485440e+17
4.636715364662640640e+17
3.128625796509696000e+17
-7.285495919131852800e+16
4.196637792358891520e+17
-5.013802104299847680e+17
6.985860167027916800e+16
3.880107630632632320e+17
5.517575607462707200e+16
-1.484362561167032320e+17
-1.626182242211921920e+17
-4.040652752158720000e+17
9.297768514771927040e+17
-2.694493433561088000e+17
-9.257996456779120640e+17
-1.615528897011318784e+18
4.168292602696171520e+17
-3.269185960775516160e+17
-1.076272882070044672e+18
8.146364932701552640e+17
9.381758117498224640e+17
6.393726316635750400e+17
-8.607692510233559040e+17
1.825871461473976320e+17
-6.547611099396833280e+17
-1.725434154879713280e+17
-7.775368065064960000e+17
1.176675513401606144e+18
-5.097712476160000000e+17
1.224296447690064896e+18
-1.194002675650822144e+18
1.066496839503677440e+17
6.650957857599815680e+17
-4.319607793279303680e+17
1.093356361400827904e+18
-1.837554420671184896e+18
5.190291090487173120e+17
4.431468389918310400e+16
-1.077210024403271680e+18
1.114610169061048320e+17
1.357735383813980160e+17
1.527171705847152640e+17
4.836157352394096640e+17
-5.913998418199183360e+17
-1.211098737835589632e+18
5.668998852451368960e+17
7.051169748790804480e+17
-4.931900003826401280e+17
7.645395418529628160e+17
-1.604333044057686016e+18
7.849257054119690240e+17
1.386405956440023040e+18
3.518439712944947200e+17
-1.493600512478150656e+18
-1.189669852446720000e+17
-7.196596641602600960e+17
6.693496632608030720e+17
3.363011900546744320e+17
-1.599904349581656064e+18
-5.260943449273139200e+17
-9.888880408861573120e+17
-5.158405904639590400e+17
-8.079419826831360000e+16
6.175550340933877760e+17
6.533656342933667840e+17
8.100650716496855040e+17
-1.274419536384917504e+18
-4.414484810785751040e+17
3.811846215457341440e+17
-6.801260714712104960e+17
-2.282468833033256960e+17
2.422642598220697600e+16
1.931375157558640640e+17
1.135888324799627264e+18
3.957959257250856960e+17
-1.002602006557196288e+18
-3.743307488541736960e+17
-1.548484248885657600e+18
1.782512406098083840e+17
-2.355514876259174400e+17
-5.382263270903644160e+17
-9.564983334079692800e+16
-7.867898915812147200e+16
1.144548511129681920e+17
-2.646566674827264000e+17
5.127126735911649280e+17
4.544593559044751360e+17
4.831604197284249600e+17
1.421755495032913920e+17
5.615120995002613760e+17
1.495564961453178880e+17
-1.278827886893465600e+16
1.614528207686696960e+18
5.052629581739458560e+17
-1.389242168245616640e+17
-6.520934893567344640e+17
2.886815620735959040e+17
7.461045341290496000e+16
1.107484866203484160e+17
-5.045322781545390080e+17
-9.017868545088552960e+17
-3.673221085531340800e+17
-2.842532358933708800e+17
3.604657631789383680e+17
-4.116651835311390720e+17
6.071737325741670400e+16
1.620100341884256256e+18
4.325213072044851200e+16
-1.172946252614860800e+18
1.113702449959403520e+18
1.344799832334254080e+18
6.507662398436147200e+17
3.887596414902108160e+17
-3.561598274028175360e+17
-4.837472004776919040e+17
1.327936908626558976e+18
3.041866803211141120e+17
3.703185384889057280e+17
2.068013881651200000e+17
-6.001400427152670720e+17
-1.209070708603944960e+18
-3.509753195384012800e+17
6.787745105728307200e+16
-3.124871447755407360e+17
1.900781813489991680e+17
5.100891649932001280e+17
-2.810783897387991040e+17
-3.787027286803578880e+17
3.905698742233989120e+17
-9.331588915501793280e+17
4.670209767527219200e+16
-1.286978135516119040e+17
-1.069816635533230080e+17
3.796501142490480640e+17
-1.393188570060914688e+18
-2.298503971979919360e+17
-4.343123836079964160e+17
-7.637597933722009600e+17
5.011802933800468480e+17
-1.491032105972424704e+18
1.351544745627484160e+17
-4.293436368759357440e+17
-4.284519960443289600e+17
3.760221307176222720e+17
1.054817335850041344e+18
4.799610408485519360e+17
-1.639017792976683008e+18
-4.617799419083816960e+17
-3.127813667574251520e+17
7.354970235817164800e+17
-7.802290778178048000e+17
1.967116302957936640e+17
-4.091697049312583680e+17
1.899889630985502720e+17
5.739848440425349120e+17
-4.151912866025308160e+17
1.123082090079453184e+18
5.386826368922419200e+17
6.608897939296092160e+17
-4.971639360774471680e+17
-3.931869327504875520e+17
-1.556597136048455680e+17
8.847660555649679360e+17
-2.143907557275074560e+17
-7.646120604373155840e+17
-8.609197017011322880e+17
6.635799262323015680e+17
1.165002502669598720e+17
-4.782266990822686720e+17
1.410999703588831232e+18
-9.695435067375616000e+16
1.071115036983616512e+18
-7.508956414337024000e+16
-3.464927398899875840e+17
4.191969662942576640e+17
5.624724164471029760e+17
-3.617478287973232640e+17
1.020979288329846784e+18
-1.475917116961062912e+18
1.933402553946439680e+17
-2.644301697268449280e+17
-7.381434906731970560e+17
7.056220772358881280e+17
-1.697063208568995840e+17
1.146233499847458816e+18
-6.824380668625223680e+17
2.821009276309094400e+17
-6.667716340444364800e+17
-1.306830430529454080e+18
-1.246105384708669440e+18
-3.861554827603476480e+17
-2.125962827215011840e+17
-7.883367779800186880e+17
-1.127586794701750272e+18
-6.205993714408407040e+17
-2.976831619292200960e+17
5.585856987291975680e+17
1.833268558655897600e+17
1.184958831458729984e+18
-1.032054000886087680e+18
5.586539188180746240e+17
1.041222322538414080e+17
-5.847815689172418560e+17
-3.728215087512616960e+17
-6.554095192812421120e+17
3.999073771453153280e+17
-7.709271632441180160e+17
1.572148446216454144e+18
2.184074526476206080e+17
-4.689332529174937600e+16
-3.482957848639160320e+17
-4.919305101711769600e+17
4.279836964092641280e+17
3.751531506845614080e+17
7.789595919800074240e+17
3.856272812270714880e+17
-1.285349620475887616e+18
-4.380229200694149120e+17
2.727949955460956160e+17
7.714443739679948800e+17
-1.436790852354703360e+17
-6.460398853739806720e+17
-7.298342795688181760e+17
1.636113836166344704e+18
4.607752502149447680e+17
-7.826145671556956160e+17
-2.330179032621383680e+17
1.944549618727649280e+17
1.148852274598477824e+18
-8.421229284537466880e+17
-6.751909116269035520e+17
-6.278061881764741120e+17
-3.415745429263482880e+17
-9.888653348542218240e+17
1.098096235352506368e+18
1.436147584129957888e+18
-8.789182261180497920e+17
-3.754010154058383360e+17
-1.436632744538996736e+18
3.287567492763484160e+17
1.979843779556147200e+16
3.417296196214456320e+17
1.542725804168708096e+18
9.072391306846208000e+16
-5.574901324580085760e+17
1.240247197376970752e+18
1.291734854910607360e+17
-2.145327793576345600e+17
1.714857846422159360e+17
-5.992053802362142720e+17
1.153850222654259200e+17
-4.822558104323358720e+17
-8.176336622721433600e+17
2.004976474006814720e+17
-6.254977452665139200e+17
4.375192386235269120e+17
7.498653764262297600e+16
-1.120733137549066240e+17
-6.246855161419530240e+17
6.386011621971722240e+17
2.063784083186319360e+17
9.216967093243084800e+16
3.744507687348224000e+17
-2.040582587579105280e+17
6.432485243744337920e+17
5.839115688158412800e+17
-7.488644073617162240e+17
-8.450845818075627520e+17
-1.523767514161152000e+17
-9.135438794619617280e+17
-8.266191137511178240e+17
-1.092195933867442176e+18
1.710106487228661760e+18
1.103147025589862400e+16
4.762498651855257600e+17
-4.222734616434114560e+17
7.085633219345776640e+17
-1.116359406291517440e+18
1.182484798093918208e+18
-1.202763288966791168e+18
3.730129991001702400e+17
-3.365693267768729600e+17
-3.943005356286935040e+17
5.809834409764782080e+17
-1.334412478265360384e+18
5.447086973144268800e+16
-9.870365772121210880e+17
-3.498122148699504640e+17
1.746395713294827520e+18
-2.527477273959636992e+18
-3.858435110284492800e+17
-1.307044301472858112e+18
5.174788279156736000e+16
2.041480280538152960e+17
9.870324200529387520e+17
3.300368086891233280e+17
-7.450486070350970880e+17
7.606749871905177600e+16
-5.845170550993223680e+17
1.020076398378854400e+18
-4.447505403500789760e+17
-8.664472004265246720e+17
-6.293575283748044800e+17
1.531922719604736000e+15
1.309836009929441280e+18
-3.049268414448926720e+17
1.419048422976389120e+18
-1.957819801487278080e+17
8.561158636685885440e+17
8.558252281773424640e+17
5.843965916648286720e+17
1.118222406901760000e+18
4.452448880672768000e+17
-3.644282434205777920e+17
-6.052126095627878400e+16
-1.321581068031098880e+17
1.915307608121016320e+17
-2.734138375884226560e+17
-4.918267098858127360e+17
8.315377442087239680e+17
2.939622453920399360e+17
1.749055674424295424e+18
1.203122794665181184e+18
-1.597047736516624384e+18
8.758931900813803520e+17
1.835031526184583168e+18
6.975970523570176000e+16
1.141824521841934336e+18
-6.293295805350707200e+17
1.466010715283726336e+18
-1.243293723139244032e+18
1.318848503532748800e+16
-5.831189340909731840e+17
-2.569918801804328960e+17
4.073313889734164480e+17
-7.856927076750458880e+17
-8.544823430987776000e+16
-7.065173683001753600e+17
5.932465475234856960e+17
-1.152510866717638656e+18
-5.109883895535370240e+17
8.899110550991667200e+16
-5.072561350530990080e+17
-8.440936169796157440e+17
-2.772040171103518720e+17
-7.261303077312921600e+17
1.171229885501538304e+18
-9.884425707161804800e+16
1.800800490981013504e+18
-1.056519866345717760e+17
-5.563551777966653440e+17
-1.724512645729484800e+17
7.552158667288739840e+17
-8.100491462859653120e+17
3.427656386928640000e+16
-4.101081132695552000e+16
-7.498532295435878400e+17
8.036064805225103360e+17
1.193986155388272640e+18
-4.495115155160432640e+17
2.803543534274048000e+17
3.918899988501135360e+17
-2.287128365713653760e+17
-1.630055233985970176e+18
-9.610540256586137600e+16
-8.402656156418048000e+16
-7.452094643405783040e+17
8.112411357367705600e+16
7.944144108383559680e+17
1.215048789818146816e+18
-1.612897198049198080e+17
2.356415560322580480e+17
-7.269709270608936960e+17
1.342522930643861504e+18
1.288147304702279680e+17
-2.931202698748272640e+17
1.234033250987212800e+16
5.722292701263298560e+17
-7.864609969028464640e+17
2.960873488865361920e+17
-1.770372292343234560e+17
-1.200993348372070400e+18
1.122139905231740928e+18
-6.298601791784386560e+17
1.114353951444762624e+18
1.533091183739404288e+18
7.739018752690749440e+17
-3.928372636917739520e+17
-1.118044250444595200e+18
-7.375965269105541120e+17
-7.524101297082204160e+17
7.940248461987061760e+17
6.473341747728220160e+17
-1.390625197614350336e+18
-3.288709002448076800e+17
4.670350118978846720e+17
-2.128696324036689920e+17
-8.308692637912023040e+17
1.646300603480801280e+18
2.395459798958080000e+17
5.787366961412833280e+17
1.123573545385459712e+18
-5.180614268010004480e+17
8.334714018555494400e+16
-2.601128109237862400e+17
2.049857761280000000e+17
-1.363268357176164352e+18
4.110951146968514560e+17
1.290495058055430144e+18
9.743042366421073920e+17
3.432160961505689600e+17
-1.745640985021644800e+17
-1.151562785914486784e+18
-2.744281858480537600e+16
1.010457560281821184e+18
7.924082236890808320e+17
-1.296999518429511680e+18
-7.435037718529310720e+17
3.325028530978816000e+17
-1.301227434233298944e+18
-5.656188807659827200e+17
-4.948911263875235840e+17
1.506165562209976320e+18
1.089016052832370688e+18
5.926353089362657280e+17
-4.031312870363299840e+17
1.104131573318541312e+18
-1.399358998616244224e+18
7.412660417554677760e+17
-1.354005882980794368e+18
2.411953005309493248e+18
-3.827495237138227200e+17
-5.082251265089863680e+17
1.382204722367266816e+18
-8.243973151754813440e+17
6.987330144386416640e+17
-8.932661637320212480e+17
-3.406069664948879360e+17
2.371353955324067840e+17
-4.305790367111577600e+17
-2.817653188656005120e+17
-4.206088644860313600e+17
7.318808434051645440e+17
2.609273215990005760e+17
-9.734272347299840000e+16
1.212802616866111488e+18
-5.625641684467712000e+17
-1.268882385176453120e+18
-1.842545407646433280e+17
1.899540138058842112e+18
7.516578327494656000e+15
-1.215069454885158912e+18
-1.189999742023532544e+18
7.877831319275110400e+17
6.046130215552532480e+17
-1.926170925449093120e+17
5.338190002112675840e+17
-1.148875131518386176e+18
1.194390885328650240e+18
1.968816380824780800e+17
2.484225094160547840e+17
4.021932819184517120e+17
5.029830753208893440e+17
5.224062364167700480e+17
-2.803504290573844480e+17
1.413258922194501632e+18
6.654490815620710400e+17
-6.428125614078689280e+17
-7.264221780426588160e+17
7.204764914902630400e+16
-3.833504353354383360e+17
8.475475817891594240e+17
1.446379770002931712e+18
-1.475872405498429440e+18
1.021526888702083072e+18
1.733579836955914240e+17
-3.974323675928985600e+17
6.155426927678586880e+17
3.340328193835008000e+17
3.858471608768102400e+16
-1.211813914495221760e+17
4.388736583410995200e+17
-3.923711071521341440e+17
4.449092326888734720e+17
-4.872669058563112960e+17
-1.110464048148905984e+18
-6.931383348959288320e+17
1.416289014474014720e+17
1.484004296410333184e+18
-9.696838645896642560e+17
2.574694616999526400e+17
-4.762667784910929920e+17
-4.352039549615472640e+17
-4.962975441036902400e+17
1.102042871694901248e+18
5.633205027484467200e+17
1.045186134664544256e+18
6.648228753249402880e+17
7.693695782717030400e+16
1.814826415266750464e+18
6.940858939261337600e+17
-8.642350585961512960e+17
1.321787708819308544e+18
-2.936371118403092480e+17
4.335049254409994240e+17
3.479823673754255360e+17
5.205157799159398400e+17
-7.240732344635883520e+17
6.534475414424125440e+17
1.289505868451676160e+17
-1.434111350756270080e+17
6.668670335119523840e+17
-1.848199274496000000e+15
-1.112450785860354048e+18
-5.682451332385996800e+16
-9.908277875545866240e+17
3.047659233120419840e+17
1.338281346531524608e+18
1.305265945489440768e+18
1.567240809194717184e+18
1.063464143762194432e+18
1.920041870690877440e+17
-6.359367070458859520e+17
8.465214274284748800e+17
3.628920096814366720e+17
7.430903348199424000e+17
8.972526464406528000e+15
7.763870121971548160e+17
-1.552415351887101952e+18
7.300131737507102720e+17
-1.037698952236498944e+18
-8.241720284361400320e+17
1.019653863342440448e+18
-8.429211321030942720e+17
2.678954186442342400e+17
7.022419628329533440e+17
6.786449018115522560e+17
-1.506332934870138880e+17
-8.278675911660666880e+17
3.226457544798863360e+17
-8.356785763203809280e+17
1.008565039602597888e+18
-2.719878759911505920e+17
-9.982212707487580160e+17
-9.472464227146137600e+16
1.306259005371842560e+17
1.356917342439751680e+17
-1.078240078101217280e+17
1.419661110239264768e+18
-4.778034148240998400e+17
9.000241443437281280e+17
-1.111265952491110400e+17
-1.426738073676349440e+17
3.767962119265648640e+17
1.178170293669068800e+16
8.886573420766822400e+17
-1.917869645396705280e+18
-3.362834231209492480e+17
1.079323083499153408e+18
-7.827425803501568000e+15
6.012287205636669440e+17
-7.624195018687447040e+17
-1.047872688450781184e+18
4.649904718853201920e+17
1.203834551935893504e+18
-5.586235204540825600e+17
-1.261584497467752448e+18
1.205115969241088000e+17
1.086006302522081280e+18
9.020067313955635200e+16
3.283555141695488000e+16
-7.710337093235015680e+17
-4.026773581317816320e+17
9.494362867604111360e+17
6.289792505531924480e+17
-8.168479405128744960e+17
1.323706249366241280e+18
-1.595233084743720960e+17
9.784517502429265920e+17
-5.227762322684723200e+16
1.845810854250053632e+18
6.085762738985369600e+16
1.086421240500387840e+17
2.221759588802150400e+17
6.498253680128819200e+16
1.030734304796934144e+18
-7.916384740704256000e+16
-3.775208646280151040e+17
-2.054450394766376960e+17
-1.544395150054195200e+16
6.532998922276536320e+17
2.038561521135779840e+17
-2.005836078694046720e+17
5.848587774872125440e+17
-4.618696651447336960e+17
-2.780623129039339520e+17
-8.533746743501783040e+17
-1.250470936343871488e+18
-3.554079664897392640e+17
8.533778676360151040e+17
-2.154923349839708160e+17
-5.781678467191930880e+17
-8.813220249342443520e+17
8.174808033631272960e+17
-8.483845333315420160e+17
1.977819058389647360e+17
-5.184117076970373120e+17
-7.126339689499852800e+17
1.606622188202229760e+17
-7.775236229711790080e+17
-4.394376638375116800e+17
2.339163226271907840e+17
-3.680684416282132480e+17
1.433256063652331520e+17
2.153954760446115840e+17
4.307997828536729600e+17
4.137667794292490240e+17
-4.032845786813890560e+17
-1.276157243188723712e+18
-1.136714232745558016e+18
-4.418385967679733760e+17
-1.586421512955494400e+16
1.660016396983238656e+18
-1.105949100429500416e+18
-1.073287163840802816e+18
-5.010396827662745600e+16
-1.673459155897728000e+17
-8.696666708568145920e+17
-3.612185880505221120e+17
-2.374831805974773760e+17
7.350942000562831360e+17
-1.696042177461616640e+17
-1.075987648720797696e+18
4.208549686549381120e+17
-3.505397578114990080e+17
2.132829844010434560e+17
4.642582187118428160e+17
8.459760235829002240e+17
8.852574370332672000e+17
-7.393489569822064640e+17
4.795113406312611840e+17
-8.781086277879070720e+17
-4.883656897219788800e+17
-2.877180880869130240e+17
7.706114623696732160e+17
-9.931228353871216640e+17
7.674040934337740800e+17
1.201542212476076032e+18
-1.008532614783860736e+18
4.892936157943562240e+17
-6.198130992467148800e+16
3.756743076873338880e+17
1.122685384386002944e+18
-1.212749099782830080e+17
1.884548351437045760e+17
8.698516922974208000e+15
-1.486953655798988800e+17
-4.711939193207521280e+17
6.458796867177021440e+17
4.919108173403258880e+17
1.643811857644748800e+17
4.723435802511933440e+17
6.900814261091041280e+17
-4.805938973975511040e+17
-1.203749909721841664e+18
-1.232710228232503296e+18
1.576283570145361920e+18
7.746529199911075840e+17
-4.381956988125184000e+17
-3.007106126844067840e+17
9.519103885841858560e+17
9.585248568052940800e+17
-1.055534974272618496e+18
-5.728002346609049600e+17
-3.548531168169820160e+17
7.148113073380270080e+17
-9.615653811003883520e+17
3.502966981015961600e+17
-1.205363206832128000e+17
1.528671119814492160e+17
-1.073353308109012992e+18
1.416566089340157952e+18
-6.665796162535424000e+17
-1.631980881172758528e+18
3.955500489624780800e+16
-8.572426615619584000e+17
-8.653509898181017600e+16
4.228500316861808640e+17
-1.720554599812956160e+17
1.783676549580718080e+18
-7.915990144202833920e+17
-4.113884802593587200e+17
1.790906982506496000e+17
-3.911930472466350080e+17
3.578741613342883840e+17
3.925488555153162240e+17
6.454139868794716160e+17
-8.619854587101184000e+16
2.504758028084183040e+17
3.903790343284326400e+16
1.305923478030254080e+18
9.830562630844416000e+17
9.295103269911920640e+17
1.017834298466304000e+17
1.413587354392363008e+18
-1.958498690485452800e+16
-1.385184727098720256e+18
-5.713220236436602880e+17
3.560626200285675520e+17
-7.877812309584117760e+17
-2.788618440337653760e+17
-6.709282083472670720e+17
-9.879635852408422400e+17
9.183715967290572800e+16
1.306263298770206720e+17
-2.929556247220060160e+17
-9.695773264353689600e+17
1.769451070440570880e+17
1.253095025275262976e+18
-4.879055769714032640e+17
2.802451086886174720e+17
-1.560814182026444800e+16
-8.403701817983959040e+17
9.698310424077926400e+17
2.742521924304240640e+17
-1.016774140069134336e+18
7.398525596323512320e+17
2.506449666071592960e+17
1.546277488253992960e+17
5.348417674330767360e+17
8.267039653822464000e+17
8.460909627185152000e+17
1.131614571182424064e+18
6.994846224633364480e+17
1.238911990627696640e+17
5.813389574746931200e+16
8.464955292979281920e+17
3.652909463623434240e+17
3.494079851352555520e+17
1.273788279419076608e+18
3.870503515257569280e+17
9.138570029957120000e+17
-1.327166219095101440e+17
6.168685900855132160e+17
-1.644206434205564928e+18
-1.081600461449986048e+18
2.822468890421166080e+17
2.661818807760977920e+17
1.391012047946055680e+17
-5.230908461298483200e+16
1.281383910062161920e+17
6.611356283337441280e+17
-3.526385158253445120e+17
8.898287158507274240e+17
-2.758898945942487040e+17
-3.822101766181191680e+17
-5.388389383798784000e+15
-1.363761486641233920e+17
-5.899580597766062080e+17
1.621749690112737280e+17
3.139409577037004800e+17
1.853083238662553600e+17
-8.935507096570429440e+17
4.258715859618365440e+17
3.453874546157158400e+16
-6.119734075286732800e+16
-1.831466869719941120e+17
4.649608593034444800e+16
-1.248929761712865280e+17
-3.818960205025116160e+17
-7.714073649402347520e+17
-1.325150717018648576e+18
7.604771723597404160e+17
-2.394385271893524480e+17
-9.496260955017052160e+17
-2.280956334978498560e+17
-4.538492376214077440e+17
-1.424814641654530048e+18
-1.899806156398264320e+17
5.932960219277557760e+17
9.966819618681651200e+17
1.550911507712245760e+17
-6.939372382363975680e+17
1.168952082981879808e+18
-7.459475960550400000e+17
1.481322388579532800e+18
1.021134588301336576e+18
5.463711204484055040e+17
3.700963875304243200e+17
1.491261122421653504e+18
1.691177124143431680e+18
-1.563215696030597120e+17
-3.224066899272007680e+17
2.136533678818590720e+17
-6.067414689493811200e+16
-6.695833226562764800e+17
-3.658633053785292800e+17
1.239522248844165120e+18
-1.205127454893998080e+18
4.549955619274752000e+17
-1.259418236658057216e+18
-2.708003569962844160e+17
4.456094990082375680e+17
5.381762012598753280e+17
-7.683628617067397120e+17
5.489953164344360960e+17
1.631887208223866880e+17
2.752825165348864000e+15
1.796111524794204160e+17
-7.888275293807575040e+17
5.093612144944414720e+17
6.874501205439283200e+16
1.068555945195585536e+18
-2.062575220975861760e+17
-1.090111682014707712e+18
7.583226925144965120e+17
