1.000000000000000021e-02
2.000000000000000042e-02
2.999999999999999889e-02
4.000000000000000083e-02
5.000000000000000278e-02
5.999999999999999778e-02
7.000000000000000666e-02
8.000000000000000167e-02
9.000000000000001055e-02
1.000000000000000056e-01
1.099999999999999867e-01
1.199999999999999956e-01
1.300000000000000044e-01
1.400000000000000133e-01
1.499999999999999944e-01
1.600000000000000033e-01
1.700000000000000122e-01
1.800000000000000211e-01
1.900000000000000022e-01
2.000000000000000111e-01
2.100000000000000200e-01
2.199999999999999734e-01
2.299999999999999822e-01
2.399999999999999911e-01
2.500000000000000000e-01
2.600000000000000089e-01
2.700000000000000178e-01
2.800000000000000266e-01
2.900000000000000355e-01
2.999999999999999889e-01
3.099999999999999978e-01
3.200000000000000067e-01
3.300000000000000155e-01
3.400000000000000244e-01
3.500000000000000333e-01
3.600000000000000422e-01
3.699999999999999956e-01
3.800000000000000044e-01
3.900000000000000133e-01
4.000000000000000222e-01
4.100000000000000311e-01
4.200000000000000400e-01
4.300000000000000488e-01
4.399999999999999467e-01
4.499999999999999556e-01
4.599999999999999645e-01
4.699999999999999734e-01
4.799999999999999822e-01
4.899999999999999911e-01
5.000000000000000000e-01
5.100000000000000089e-01
5.200000000000000178e-01
5.300000000000000266e-01
5.400000000000000355e-01
5.500000000000000444e-01
5.600000000000000533e-01
5.700000000000000622e-01
5.800000000000000711e-01
5.900000000000000799e-01
5.999999999999999778e-01
6.099999999999999867e-01
6.199999999999999956e-01
6.300000000000000044e-01
6.400000000000000133e-01
6.500000000000000222e-01
6.600000000000000311e-01
6.700000000000000400e-01
6.800000000000000488e-01
6.900000000000000577e-01
7.000000000000000666e-01
7.100000000000000755e-01
7.200000000000000844e-01
7.299999999999999822e-01
7.399999999999999911e-01
7.500000000000000000e-01
7.600000000000000089e-01
7.700000000000000178e-01
7.800000000000000266e-01
7.900000000000000355e-01
8.000000000000000444e-01
8.100000000000000533e-01
8.200000000000000622e-01
8.300000000000000711e-01
8.400000000000000799e-01
8.500000000000000888e-01
8.600000000000000977e-01
8.700000000000001066e-01
8.799999999999998934e-01
8.899999999999999023e-01
8.999999999999999112e-01
9.099999999999999201e-01
9.199999999999999289e-01
9.299999999999999378e-01
9.399999999999999467e-01
9.499999999999999556e-01
9.599999999999999645e-01
9.699999999999999734e-01
9.799999999999999822e-01
9.899999999999999911e-01
1.000000000000000000e+00
1.010000000000000009e+00
1.020000000000000018e+00
1.030000000000000027e+00
1.040000000000000036e+00
1.050000000000000044e+00
1.060000000000000053e+00
1.070000000000000062e+00
1.080000000000000071e+00
1.090000000000000080e+00
1.100000000000000089e+00
1.110000000000000098e+00
1.120000000000000107e+00
1.130000000000000115e+00
1.140000000000000124e+00
1.150000000000000133e+00
1.160000000000000142e+00
1.170000000000000151e+00
1.180000000000000160e+00
1.190000000000000169e+00
1.199999999999999956e+00
1.209999999999999964e+00
1.219999999999999973e+00
1.229999999999999982e+00
1.239999999999999991e+00
1.250000000000000000e+00
1.260000000000000009e+00
1.270000000000000018e+00
1.280000000000000027e+00
1.290000000000000036e+00
1.300000000000000044e+00
1.310000000000000053e+00
1.320000000000000062e+00
1.330000000000000071e+00
1.340000000000000080e+00
1.350000000000000089e+00
1.360000000000000098e+00
1.370000000000000107e+00
1.380000000000000115e+00
1.390000000000000124e+00
1.400000000000000133e+00
1.410000000000000142e+00
1.420000000000000151e+00
1.430000000000000160e+00
1.440000000000000169e+00
1.449999999999999956e+00
1.459999999999999964e+00
1.469999999999999973e+00
1.479999999999999982e+00
1.489999999999999991e+00
1.500000000000000000e+00
1.510000000000000009e+00
1.520000000000000018e+00
1.530000000000000027e+00
1.540000000000000036e+00
1.550000000000000044e+00
1.560000000000000053e+00
1.570000000000000062e+00
1.580000000000000071e+00
1.590000000000000080e+00
1.600000000000000089e+00
1.610000000000000098e+00
1.620000000000000107e+00
1.630000000000000115e+00
1.640000000000000124e+00
1.650000000000000133e+00
1.660000000000000142e+00
1.670000000000000151e+00
1.680000000000000160e+00
1.690000000000000169e+00
1.700000000000000178e+00
1.710000000000000187e+00
1.720000000000000195e+00
1.730000000000000204e+00
1.740000000000000213e+00
1.750000000000000222e+00
1.759999999999999787e+00
1.770000000000000018e+00
1.779999999999999805e+00
1.790000000000000036e+00
1.799999999999999822e+00
1.810000000000000053e+00
1.819999999999999840e+00
1.830000000000000071e+00
1.839999999999999858e+00
1.850000000000000089e+00
1.859999999999999876e+00
1.870000000000000107e+00
1.879999999999999893e+00
1.890000000000000124e+00
1.899999999999999911e+00
1.910000000000000142e+00
1.919999999999999929e+00
1.930000000000000160e+00
1.939999999999999947e+00
1.950000000000000178e+00
1.959999999999999964e+00
1.970000000000000195e+00
1.979999999999999982e+00
1.990000000000000213e+00
2.000000000000000000e+00
2.010000000000000231e+00
2.020000000000000018e+00
2.030000000000000249e+00
2.040000000000000036e+00
2.050000000000000266e+00
2.060000000000000053e+00
2.070000000000000284e+00
2.080000000000000071e+00
2.089999999999999858e+00
2.100000000000000089e+00
2.109999999999999876e+00
2.120000000000000107e+00
2.129999999999999893e+00
2.140000000000000124e+00
2.149999999999999911e+00
2.160000000000000142e+00
2.169999999999999929e+00
2.180000000000000160e+00
2.189999999999999947e+00
2.200000000000000178e+00
2.209999999999999964e+00
2.220000000000000195e+00
2.229999999999999982e+00
2.240000000000000213e+00
2.250000000000000000e+00
2.260000000000000231e+00
2.270000000000000018e+00
2.280000000000000249e+00
2.290000000000000036e+00
2.300000000000000266e+00
2.310000000000000053e+00
2.320000000000000284e+00
2.330000000000000071e+00
2.340000000000000302e+00
2.350000000000000089e+00
2.360000000000000320e+00
2.370000000000000107e+00
2.380000000000000338e+00
2.390000000000000124e+00
2.399999999999999911e+00
2.410000000000000142e+00
2.419999999999999929e+00
2.429999999999999716e+00
2.439999999999999947e+00
2.450000000000000178e+00
2.459999999999999964e+00
2.469999999999999751e+00
2.479999999999999982e+00
2.490000000000000213e+00
2.500000000000000000e+00
2.509999999999999787e+00
2.520000000000000018e+00
2.530000000000000249e+00
2.540000000000000036e+00
2.549999999999999822e+00
2.560000000000000053e+00
2.570000000000000284e+00
2.580000000000000071e+00
2.589999999999999858e+00
2.600000000000000089e+00
2.610000000000000320e+00
2.620000000000000107e+00
2.629999999999999893e+00
2.640000000000000124e+00
2.650000000000000355e+00
2.660000000000000142e+00
2.669999999999999929e+00
2.680000000000000160e+00
2.690000000000000391e+00
2.700000000000000178e+00
2.709999999999999964e+00
2.720000000000000195e+00
2.730000000000000426e+00
2.740000000000000213e+00
2.750000000000000000e+00
2.760000000000000231e+00
2.770000000000000462e+00
2.780000000000000249e+00
2.790000000000000036e+00
2.800000000000000266e+00
2.810000000000000497e+00
2.820000000000000284e+00
2.830000000000000071e+00
2.840000000000000302e+00
2.850000000000000533e+00
2.860000000000000320e+00
2.870000000000000107e+00
2.880000000000000338e+00
2.889999999999999680e+00
2.899999999999999911e+00
2.909999999999999698e+00
2.919999999999999929e+00
2.929999999999999716e+00
2.939999999999999947e+00
2.949999999999999734e+00
2.959999999999999964e+00
2.969999999999999751e+00
2.979999999999999982e+00
2.989999999999999769e+00
3.000000000000000000e+00
3.009999999999999787e+00
3.020000000000000018e+00
3.029999999999999805e+00
3.040000000000000036e+00
3.049999999999999822e+00
3.060000000000000053e+00
3.069999999999999840e+00
3.080000000000000071e+00
3.089999999999999858e+00
3.100000000000000089e+00
3.109999999999999876e+00
3.120000000000000107e+00
3.129999999999999893e+00
3.140000000000000124e+00
3.149999999999999911e+00
3.160000000000000142e+00
3.169999999999999929e+00
3.180000000000000160e+00
3.189999999999999947e+00
3.200000000000000178e+00
3.209999999999999964e+00
3.220000000000000195e+00
3.229999999999999982e+00
3.240000000000000213e+00
3.250000000000000000e+00
3.260000000000000231e+00
3.270000000000000018e+00
3.280000000000000249e+00
3.290000000000000036e+00
3.300000000000000266e+00
3.310000000000000053e+00
3.320000000000000284e+00
3.330000000000000071e+00
3.340000000000000302e+00
3.350000000000000089e+00
3.360000000000000320e+00
3.370000000000000107e+00
3.380000000000000338e+00
3.390000000000000124e+00
3.400000000000000355e+00
3.410000000000000142e+00
3.420000000000000373e+00
3.430000000000000160e+00
3.440000000000000391e+00
3.450000000000000178e+00
3.460000000000000409e+00
3.470000000000000195e+00
3.480000000000000426e+00
3.490000000000000213e+00
3.500000000000000444e+00
3.510000000000000231e+00
3.519999999999999574e+00
3.529999999999999805e+00
3.540000000000000036e+00
3.549999999999999822e+00
3.559999999999999609e+00
3.569999999999999840e+00
3.580000000000000071e+00
3.589999999999999858e+00
3.599999999999999645e+00
3.609999999999999876e+00
3.620000000000000107e+00
3.629999999999999893e+00
3.639999999999999680e+00
3.649999999999999911e+00
3.660000000000000142e+00
3.669999999999999929e+00
3.679999999999999716e+00
3.689999999999999947e+00
3.700000000000000178e+00
3.709999999999999964e+00
3.719999999999999751e+00
3.729999999999999982e+00
3.740000000000000213e+00
3.750000000000000000e+00
3.759999999999999787e+00
3.770000000000000018e+00
3.780000000000000249e+00
3.790000000000000036e+00
3.799999999999999822e+00
3.810000000000000053e+00
3.820000000000000284e+00
3.830000000000000071e+00
3.839999999999999858e+00
3.850000000000000089e+00
3.860000000000000320e+00
3.870000000000000107e+00
3.879999999999999893e+00
3.890000000000000124e+00
3.900000000000000355e+00
3.910000000000000142e+00
3.919999999999999929e+00
3.930000000000000160e+00
3.940000000000000391e+00
3.950000000000000178e+00
3.959999999999999964e+00
3.970000000000000195e+00
3.980000000000000426e+00
3.990000000000000213e+00
4.000000000000000000e+00
4.009999999999999787e+00
4.020000000000000462e+00
4.030000000000000249e+00
4.040000000000000036e+00
4.050000000000000711e+00
4.060000000000000497e+00
4.070000000000000284e+00
4.080000000000000071e+00
4.089999999999999858e+00
4.100000000000000533e+00
4.110000000000000320e+00
4.120000000000000107e+00
4.130000000000000782e+00
4.140000000000000568e+00
4.150000000000000355e+00
4.160000000000000142e+00
4.169999999999999929e+00
4.179999999999999716e+00
4.189999999999999503e+00
4.200000000000000178e+00
4.209999999999999964e+00
4.219999999999999751e+00
4.229999999999999538e+00
4.240000000000000213e+00
4.250000000000000000e+00
4.259999999999999787e+00
4.269999999999999574e+00
4.280000000000000249e+00
4.290000000000000036e+00
4.299999999999999822e+00
4.309999999999999609e+00
4.320000000000000284e+00
4.330000000000000071e+00
4.339999999999999858e+00
4.349999999999999645e+00
4.360000000000000320e+00
4.370000000000000107e+00
4.379999999999999893e+00
4.389999999999999680e+00
4.400000000000000355e+00
4.410000000000000142e+00
4.419999999999999929e+00
4.429999999999999716e+00
4.440000000000000391e+00
4.450000000000000178e+00
4.459999999999999964e+00
4.469999999999999751e+00
4.480000000000000426e+00
4.490000000000000213e+00
4.500000000000000000e+00
4.509999999999999787e+00
4.520000000000000462e+00
4.530000000000000249e+00
4.540000000000000036e+00
4.549999999999999822e+00
4.560000000000000497e+00
4.570000000000000284e+00
4.580000000000000071e+00
4.589999999999999858e+00
4.600000000000000533e+00
4.610000000000000320e+00
4.620000000000000107e+00
4.629999999999999893e+00
4.640000000000000568e+00
4.650000000000000355e+00
4.660000000000000142e+00
4.669999999999999929e+00
4.680000000000000604e+00
4.690000000000000391e+00
4.700000000000000178e+00
4.709999999999999964e+00
4.720000000000000639e+00
4.730000000000000426e+00
4.740000000000000213e+00
4.750000000000000000e+00
4.760000000000000675e+00
4.770000000000000462e+00
4.780000000000000249e+00
4.790000000000000036e+00
4.799999999999999822e+00
4.809999999999999609e+00
4.820000000000000284e+00
4.830000000000000071e+00
4.839999999999999858e+00
4.849999999999999645e+00
4.859999999999999432e+00
4.870000000000000107e+00
4.879999999999999893e+00
4.889999999999999680e+00
4.900000000000000355e+00
4.910000000000000142e+00
4.919999999999999929e+00
4.929999999999999716e+00
4.939999999999999503e+00
4.950000000000000178e+00
4.959999999999999964e+00
4.969999999999999751e+00
4.980000000000000426e+00
4.990000000000000213e+00
5.000000000000000000e+00
5.009999999999999787e+00
5.019999999999999574e+00
5.030000000000000249e+00
5.040000000000000036e+00
5.049999999999999822e+00
5.060000000000000497e+00
5.070000000000000284e+00
5.080000000000000071e+00
5.089999999999999858e+00
5.099999999999999645e+00
5.110000000000000320e+00
5.120000000000000107e+00
5.129999999999999893e+00
5.140000000000000568e+00
5.150000000000000355e+00
5.160000000000000142e+00
5.169999999999999929e+00
5.179999999999999716e+00
5.190000000000000391e+00
5.200000000000000178e+00
5.209999999999999964e+00
5.220000000000000639e+00
5.230000000000000426e+00
5.240000000000000213e+00
5.250000000000000000e+00
5.259999999999999787e+00
5.270000000000000462e+00
5.280000000000000249e+00
5.290000000000000036e+00
5.300000000000000711e+00
5.310000000000000497e+00
5.320000000000000284e+00
5.330000000000000071e+00
5.339999999999999858e+00
5.350000000000000533e+00
5.360000000000000320e+00
5.370000000000000107e+00
5.380000000000000782e+00
5.390000000000000568e+00
5.400000000000000355e+00
5.410000000000000142e+00
5.419999999999999929e+00
5.430000000000000604e+00
5.440000000000000391e+00
5.450000000000000178e+00
5.460000000000000853e+00
5.470000000000000639e+00
5.480000000000000426e+00
5.490000000000000213e+00
5.500000000000000000e+00
5.510000000000000675e+00
5.520000000000000462e+00
5.530000000000000249e+00
5.540000000000000924e+00
5.550000000000000711e+00
5.560000000000000497e+00
5.570000000000000284e+00
5.580000000000000071e+00
5.590000000000000746e+00
5.600000000000000533e+00
5.610000000000000320e+00
5.620000000000000995e+00
5.630000000000000782e+00
5.640000000000000568e+00
5.650000000000000355e+00
5.660000000000000142e+00
5.670000000000000817e+00
5.680000000000000604e+00
5.690000000000000391e+00
5.700000000000001066e+00
5.710000000000000853e+00
5.720000000000000639e+00
5.730000000000000426e+00
5.740000000000000213e+00
5.750000000000000888e+00
5.760000000000000675e+00
5.769999999999999574e+00
5.779999999999999361e+00
5.789999999999999147e+00
5.799999999999999822e+00
5.809999999999999609e+00
5.819999999999999396e+00
5.830000000000000071e+00
5.839999999999999858e+00
5.849999999999999645e+00
5.859999999999999432e+00
5.869999999999999218e+00
5.879999999999999893e+00
5.889999999999999680e+00
5.899999999999999467e+00
5.910000000000000142e+00
5.919999999999999929e+00
5.929999999999999716e+00
5.939999999999999503e+00
5.949999999999999289e+00
5.959999999999999964e+00
5.969999999999999751e+00
5.979999999999999538e+00
5.990000000000000213e+00
6.000000000000000000e+00
6.009999999999999787e+00
6.019999999999999574e+00
6.029999999999999361e+00
6.040000000000000036e+00
6.049999999999999822e+00
6.059999999999999609e+00
6.070000000000000284e+00
6.080000000000000071e+00
6.089999999999999858e+00
6.099999999999999645e+00
6.109999999999999432e+00
6.120000000000000107e+00
6.129999999999999893e+00
6.139999999999999680e+00
6.150000000000000355e+00
6.160000000000000142e+00
6.169999999999999929e+00
6.179999999999999716e+00
6.189999999999999503e+00
6.200000000000000178e+00
6.209999999999999964e+00
6.219999999999999751e+00
6.230000000000000426e+00
6.240000000000000213e+00
6.250000000000000000e+00
6.259999999999999787e+00
6.269999999999999574e+00
6.280000000000000249e+00
6.290000000000000036e+00
6.299999999999999822e+00
6.310000000000000497e+00
6.320000000000000284e+00
6.330000000000000071e+00
6.339999999999999858e+00
6.349999999999999645e+00
6.360000000000000320e+00
6.370000000000000107e+00
6.379999999999999893e+00
6.390000000000000568e+00
6.400000000000000355e+00
6.410000000000000142e+00
6.419999999999999929e+00
6.429999999999999716e+00
6.440000000000000391e+00
6.450000000000000178e+00
6.459999999999999964e+00
6.470000000000000639e+00
6.480000000000000426e+00
6.490000000000000213e+00
6.500000000000000000e+00
6.509999999999999787e+00
6.520000000000000462e+00
6.530000000000000249e+00
6.540000000000000036e+00
6.550000000000000711e+00
6.560000000000000497e+00
6.570000000000000284e+00
6.580000000000000071e+00
6.589999999999999858e+00
6.600000000000000533e+00
6.610000000000000320e+00
6.620000000000000107e+00
6.630000000000000782e+00
6.640000000000000568e+00
6.650000000000000355e+00
6.660000000000000142e+00
6.669999999999999929e+00
6.680000000000000604e+00
6.690000000000000391e+00
6.700000000000000178e+00
6.710000000000000853e+00
6.720000000000000639e+00
6.730000000000000426e+00
6.740000000000000213e+00
6.750000000000000000e+00
6.760000000000000675e+00
6.770000000000000462e+00
6.780000000000000249e+00
6.790000000000000924e+00
6.800000000000000711e+00
6.810000000000000497e+00
6.820000000000000284e+00
6.830000000000000071e+00
6.840000000000000746e+00
6.850000000000000533e+00
6.860000000000000320e+00
6.870000000000000995e+00
6.880000000000000782e+00
6.890000000000000568e+00
6.900000000000000355e+00
6.910000000000000142e+00
6.920000000000000817e+00
6.930000000000000604e+00
6.940000000000000391e+00
6.950000000000001066e+00
6.960000000000000853e+00
6.970000000000000639e+00
6.980000000000000426e+00
6.990000000000000213e+00
7.000000000000000888e+00
7.010000000000000675e+00
7.020000000000000462e+00
7.030000000000001137e+00
7.039999999999999147e+00
7.049999999999999822e+00
7.059999999999999609e+00
7.069999999999999396e+00
7.080000000000000071e+00
7.089999999999999858e+00
7.099999999999999645e+00
7.109999999999999432e+00
7.119999999999999218e+00
7.129999999999999893e+00
7.139999999999999680e+00
7.149999999999999467e+00
7.160000000000000142e+00
7.169999999999999929e+00
7.179999999999999716e+00
7.189999999999999503e+00
7.199999999999999289e+00
7.209999999999999964e+00
7.219999999999999751e+00
7.229999999999999538e+00
7.240000000000000213e+00
7.250000000000000000e+00
7.259999999999999787e+00
7.269999999999999574e+00
7.279999999999999361e+00
7.290000000000000036e+00
7.299999999999999822e+00
7.309999999999999609e+00
7.320000000000000284e+00
7.330000000000000071e+00
7.339999999999999858e+00
7.349999999999999645e+00
7.359999999999999432e+00
7.370000000000000107e+00
7.379999999999999893e+00
7.389999999999999680e+00
7.400000000000000355e+00
7.410000000000000142e+00
7.419999999999999929e+00
7.429999999999999716e+00
7.439999999999999503e+00
7.450000000000000178e+00
7.459999999999999964e+00
7.469999999999999751e+00
7.480000000000000426e+00
7.490000000000000213e+00
7.500000000000000000e+00
7.509999999999999787e+00
7.519999999999999574e+00
7.530000000000000249e+00
7.540000000000000036e+00
7.549999999999999822e+00
7.560000000000000497e+00
7.570000000000000284e+00
7.580000000000000071e+00
7.589999999999999858e+00
7.599999999999999645e+00
7.610000000000000320e+00
7.620000000000000107e+00
7.629999999999999893e+00
7.640000000000000568e+00
7.650000000000000355e+00
7.660000000000000142e+00
7.669999999999999929e+00
7.679999999999999716e+00
7.690000000000000391e+00
7.700000000000000178e+00
7.709999999999999964e+00
7.720000000000000639e+00
7.730000000000000426e+00
7.740000000000000213e+00
7.750000000000000000e+00
7.759999999999999787e+00
7.770000000000000462e+00
7.780000000000000249e+00
7.790000000000000036e+00
7.800000000000000711e+00
7.810000000000000497e+00
7.820000000000000284e+00
7.830000000000000071e+00
7.839999999999999858e+00
7.850000000000000533e+00
7.860000000000000320e+00
7.870000000000000107e+00
7.880000000000000782e+00
7.890000000000000568e+00
7.900000000000000355e+00
7.910000000000000142e+00
7.919999999999999929e+00
7.930000000000000604e+00
7.940000000000000391e+00
7.950000000000000178e+00
7.960000000000000853e+00
7.970000000000000639e+00
7.980000000000000426e+00
7.990000000000000213e+00
8.000000000000000000e+00
8.009999999999999787e+00
8.019999999999999574e+00
8.030000000000001137e+00
8.040000000000000924e+00
8.050000000000000711e+00
8.060000000000000497e+00
8.070000000000000284e+00
8.080000000000000071e+00
8.089999999999999858e+00
8.100000000000001421e+00
8.110000000000001208e+00
8.120000000000000995e+00
8.130000000000000782e+00
8.140000000000000568e+00
8.150000000000000355e+00
8.160000000000000142e+00
8.169999999999999929e+00
8.179999999999999716e+00
8.190000000000001279e+00
8.200000000000001066e+00
8.210000000000000853e+00
8.220000000000000639e+00
8.230000000000000426e+00
8.240000000000000213e+00
8.250000000000000000e+00
8.260000000000001563e+00
8.270000000000001350e+00
8.280000000000001137e+00
8.290000000000000924e+00
8.300000000000000711e+00
8.310000000000000497e+00
8.320000000000000284e+00
8.330000000000000071e+00
8.339999999999999858e+00
8.349999999999999645e+00
8.359999999999999432e+00
8.369999999999999218e+00
8.379999999999999005e+00
8.390000000000000568e+00
8.400000000000000355e+00
8.410000000000000142e+00
8.419999999999999929e+00
8.429999999999999716e+00
8.439999999999999503e+00
8.449999999999999289e+00
8.459999999999999076e+00
8.469999999999998863e+00
8.480000000000000426e+00
8.490000000000000213e+00
8.500000000000000000e+00
8.509999999999999787e+00
8.519999999999999574e+00
8.529999999999999361e+00
8.539999999999999147e+00
8.550000000000000711e+00
8.560000000000000497e+00
8.570000000000000284e+00
8.580000000000000071e+00
8.589999999999999858e+00
8.599999999999999645e+00
8.609999999999999432e+00
8.619999999999999218e+00
8.629999999999999005e+00
8.640000000000000568e+00
8.650000000000000355e+00
8.660000000000000142e+00
8.669999999999999929e+00
8.679999999999999716e+00
8.689999999999999503e+00
8.699999999999999289e+00
8.710000000000000853e+00
8.720000000000000639e+00
8.730000000000000426e+00
8.740000000000000213e+00
8.750000000000000000e+00
8.759999999999999787e+00
8.769999999999999574e+00
8.779999999999999361e+00
8.789999999999999147e+00
8.800000000000000711e+00
8.810000000000000497e+00
8.820000000000000284e+00
8.830000000000000071e+00
8.839999999999999858e+00
8.849999999999999645e+00
8.859999999999999432e+00
8.870000000000000995e+00
8.880000000000000782e+00
8.890000000000000568e+00
8.900000000000000355e+00
8.910000000000000142e+00
8.919999999999999929e+00
8.929999999999999716e+00
8.939999999999999503e+00
8.949999999999999289e+00
8.960000000000000853e+00
8.970000000000000639e+00
8.980000000000000426e+00
8.990000000000000213e+00
9.000000000000000000e+00
9.009999999999999787e+00
9.019999999999999574e+00
9.030000000000001137e+00
9.040000000000000924e+00
9.050000000000000711e+00
9.060000000000000497e+00
9.070000000000000284e+00
9.080000000000000071e+00
9.089999999999999858e+00
9.099999999999999645e+00
9.109999999999999432e+00
9.120000000000000995e+00
9.130000000000000782e+00
9.140000000000000568e+00
9.150000000000000355e+00
9.160000000000000142e+00
9.169999999999999929e+00
9.179999999999999716e+00
9.190000000000001279e+00
9.200000000000001066e+00
9.210000000000000853e+00
9.220000000000000639e+00
9.230000000000000426e+00
9.240000000000000213e+00
9.250000000000000000e+00
9.259999999999999787e+00
9.269999999999999574e+00
9.280000000000001137e+00
9.290000000000000924e+00
9.300000000000000711e+00
9.310000000000000497e+00
9.320000000000000284e+00
9.330000000000000071e+00
9.339999999999999858e+00
9.350000000000001421e+00
9.360000000000001208e+00
9.370000000000000995e+00
9.380000000000000782e+00
9.390000000000000568e+00
9.400000000000000355e+00
9.410000000000000142e+00
9.419999999999999929e+00
9.429999999999999716e+00
9.440000000000001279e+00
9.450000000000001066e+00
9.460000000000000853e+00
9.470000000000000639e+00
9.480000000000000426e+00
9.490000000000000213e+00
9.500000000000000000e+00
9.510000000000001563e+00
9.520000000000001350e+00
9.530000000000001137e+00
9.540000000000000924e+00
9.550000000000000711e+00
9.560000000000000497e+00
9.570000000000000284e+00
9.580000000000000071e+00
9.589999999999999858e+00
9.599999999999999645e+00
9.609999999999999432e+00
9.619999999999999218e+00
9.629999999999999005e+00
9.640000000000000568e+00
9.650000000000000355e+00
9.660000000000000142e+00
9.669999999999999929e+00
9.679999999999999716e+00
9.689999999999999503e+00
9.699999999999999289e+00
9.709999999999999076e+00
9.719999999999998863e+00
9.730000000000000426e+00
9.740000000000000213e+00
9.750000000000000000e+00
9.759999999999999787e+00
9.769999999999999574e+00
9.779999999999999361e+00
9.789999999999999147e+00
9.800000000000000711e+00
9.810000000000000497e+00
9.820000000000000284e+00
9.830000000000000071e+00
9.839999999999999858e+00
9.849999999999999645e+00
9.859999999999999432e+00
9.869999999999999218e+00
9.879999999999999005e+00
9.890000000000000568e+00
9.900000000000000355e+00
9.910000000000000142e+00
9.919999999999999929e+00
9.929999999999999716e+00
9.939999999999999503e+00
9.949999999999999289e+00
9.960000000000000853e+00
9.970000000000000639e+00
9.980000000000000426e+00
9.990000000000000213e+00
7.254970428588040192e+18
6.914288446484546560e+18
5.951175124564917248e+18
4.532529506405817856e+18
2.887772770198757376e+18
1.252830584266015744e+18
-1.790195063728333440e+17
-1.285829837626215168e+18
-2.023019893502028032e+18
-2.411946553747920384e+18
-2.517935289885951488e+18
-2.424855245854091264e+18
-2.212960658822775552e+18
-1.944961225844219904e+18
-1.660807263215805696e+18
-1.379507896664597248e+18
-1.105609240583415424e+18
-8.374631152867477760e+17
-5.749240369533262720e+17
-3.229605698208540160e+17
-9.166488444330299200e+16
1.063659202872380640e+17
2.596099572117486720e+17
3.605668834535264640e+17
4.081833391895044480e+17
4.079661915184305280e+17
3.703369174175413120e+17
3.079252163759900800e+17
2.327267026292420480e+17
1.545375796090562240e+17
8.055342150965926400e+16
1.519995545223982600e+16
-3.974930317122649600e+16
-8.463239729855313600e+16
-1.205585173415089760e+17
-1.480215034474205760e+17
-1.661524841273600640e+17
-1.731446133963573440e+17
-1.676244492181665280e+17
-1.496874205908042240e+17
-1.218521026750184800e+17
-8.849261729068560000e+16
-5.444991535980420000e+16
-2.369242291255297600e+16
1.686855591359312500e+15
2.201701622462024800e+16
3.959161807899805600e+16
5.808390076227670400e+16
8.047545948132003200e+16
1.071402860757624320e+17
1.349604254830768480e+17
1.576552066189164800e+17
1.679730228613865280e+17
1.607830047796157760e+17
1.358011973105033760e+17
9.824317552524924800e+16
5.711456454423755200e+16
2.159604443490007200e+16
-2.462213055527958000e+15
-1.433680025011173400e+16
-1.751310687940688000e+16
-1.712686243489129200e+16
-1.747803920643353800e+16
-2.032555041487661600e+16
-2.506299207764150400e+16
-3.033024682317148000e+16
-3.559920581939475600e+16
-4.101586155523863200e+16
-4.569565911907449600e+16
-4.667823265050688800e+16
-3.998909502929146400e+16
-2.341075910679530400e+16
1.878000062668125500e+15
3.107778362561318400e+16
5.677485081583284000e+16
7.138922942496180800e+16
6.949795448782847200e+16
5.064757491426718400e+16
2.027925170311906800e+16
-1.226450657479142600e+16
-3.775238970129357600e+16
-5.102098089350819200e+16
-5.262627568599522400e+16
-4.721137212406206400e+16
-4.034106425236216800e+16
-3.517727717010033600e+16
-3.142316010818652400e+16
-2.695734556912589600e+16
-1.973703415243674400e+16
-8.819699440388810000e+15
5.393505089426781000e+15
2.140979947937011200e+16
3.682141666084676800e+16
4.877430311050832800e+16
5.533064837138691200e+16
5.610805069067770400e+16
5.266375953091062400e+16
4.769175305837634400e+16
4.322154345648297600e+16
3.978609359277964000e+16
3.671511261407272000e+16
3.274879087450171600e+16
2.666707976067508800e+16
1.757807015030004200e+16
5.567801065374033000e+15
-8.098123637025770000e+15
-2.141937820821826000e+16
-3.260599940075902800e+16
-4.016949757291408800e+16
-4.249927987178783200e+16
-3.816696592569456000e+16
-2.677082244665707200e+16
-9.740467201388170000e+15
9.763530904673730000e+15
2.747258578883648800e+16
3.885383236756258400e+16
4.086027861386460000e+16
3.356262938644428800e+16
1.986829865703840400e+16
3.744823016714018000e+15
-1.156705606890009600e+16
-2.446224799334995200e+16
-3.466550958381784000e+16
-4.214181228452088800e+16
-4.655393159213027200e+16
-4.726376875980278400e+16
-4.366596585635936800e+16
-3.616329582445155200e+16
-2.645057699516236000e+16
-1.670100018437673200e+16
-8.613240165572843000e+15
-2.511162256642624500e+15
2.065381857237183000e+15
5.527086004563675000e+15
7.930454605223606000e+15
9.254412995569336000e+15
1.003232602539101000e+16
1.106353482781087600e+16
1.293822829432908600e+16
1.486062477184779800e+16
1.529006905113833600e+16
1.343191872519321800e+16
1.087735226088416200e+16
1.084457072236955200e+16
1.590594302559179600e+16
2.531325874421866400e+16
3.462578192551250000e+16
3.829967435753787200e+16
3.249496021929850000e+16
1.691337896929647000e+16
-5.443593239277461000e+15
-3.027418937348017600e+16
-5.399906586323705600e+16
-7.433333597179977600e+16
-8.983513658694110400e+16
-9.963977417361422400e+16
-1.037302400021931520e+17
-1.032141336170632160e+17
-1.000898302765083680e+17
-9.627406408315612800e+16
-9.271041250890620800e+16
-8.907045720618432000e+16
-8.473051195098020800e+16
-7.955566780887116800e+16
-7.390204714418896000e+16
-6.858693521143293600e+16
-6.416515930232521600e+16
-6.009302427378877600e+16
-5.430239770653506400e+16
-4.431216073128868800e+16
-2.901525071876444800e+16
-1.005302942698646000e+16
8.968952973685706000e+15
2.440117614507872400e+16
3.431709245516489200e+16
3.875828695091690400e+16
3.885992791678942400e+16
3.562405214004108800e+16
2.992088029503934400e+16
2.297691886048759200e+16
1.626505997428397400e+16
1.106270395181147800e+16
7.749027114729737000e+15
6.034457894547880000e+15
5.343320531402843000e+15
5.074545239475907000e+15
4.681159703986071000e+15
4.210217746608016500e+15
4.756618899838992000e+15
7.873604543093226000e+15
1.471646143676133200e+16
2.501422072454660400e+16
3.704190358736524800e+16
4.804516026297128000e+16
5.545412483003168800e+16
5.799673121327080000e+16
5.593427026119572000e+16
5.027955715374474400e+16
4.211925942857040000e+16
3.277447579834703200e+16
2.395961330601568000e+16
1.740482022813500200e+16
1.352393337848047400e+16
1.056702814569661400e+16
5.288635306925836000e+15
-4.529694467344874000e+15
-1.810561692913999600e+16
-3.113435410335974000e+16
-3.754590042926563200e+16
-3.247215217021328800e+16
-1.440614471284248600e+16
1.391177815687501600e+16
4.631704103509480800e+16
7.526718691611851200e+16
9.388875324772214400e+16
9.764910579439942400e+16
8.537487504681196800e+16
5.951085729529625600e+16
2.592140925547750400e+16
-7.695506917595396000e+15
-3.427927961898844000e+16
-4.961817128457831200e+16
-5.308381980103203200e+16
-4.732789869775374400e+16
-3.656088665041704000e+16
-2.470027817394767600e+16
-1.365932779701575000e+16
-3.578430587004502500e+15
6.386565045222783000e+15
1.678818534422886800e+16
2.699777190005099200e+16
3.545602163018493600e+16
4.039324408118682400e+16
4.037591600521416000e+16
3.412128774981282800e+16
2.171112682160485600e+16
5.717578784937489000e+15
-9.150049314763230000e+15
-1.795377627351957200e+16
-1.733349543889900800e+16
-6.589629834488654000e+15
1.227284940755792000e+16
3.485408077239454800e+16
5.492344206779422400e+16
6.642740617066762400e+16
6.563707774919378400e+16
5.273928370486654400e+16
3.170108545799913600e+16
8.236442280131815000e+15
-1.219671069396842200e+16
-2.515252577877930000e+16
-2.767739240698222000e+16
-1.877054000779540800e+16
-8.136259517979285000e+14
2.003812052180471200e+16
3.550360716804652000e+16
3.896947618083629600e+16
2.913981490582768000e+16
1.038265290882260400e+16
-1.007715606993161200e+16
-2.630369881335792800e+16
-3.598782113794225200e+16
-4.023089393550073600e+16
-4.140973845037400000e+16
-4.100099609590883200e+16
-3.912472017573744000e+16
-3.500596759662715200e+16
-2.780764632372701600e+16
-1.680347963327646800e+16
-1.889217026090212000e+15
1.587568351525762600e+16
3.416635679962110000e+16
4.984105908968746400e+16
5.974331769185168800e+16
6.163400439346859200e+16
5.552987122744120000e+16
4.408707166966002400e+16
3.149138213299830800e+16
2.153258806319408400e+16
1.534548098673165200e+16
1.132241776870477400e+16
6.426032193689117000e+15
-1.763736745043418500e+15
-1.327837922587024600e+16
-2.560012186128262400e+16
-3.515749900039643600e+16
-3.967754996405395200e+16
-3.868191345398147200e+16
-3.318479412015539600e+16
-2.472200322400580800e+16
-1.483303126061159600e+16
-5.129271090397253000e+15
2.636866109903481000e+15
6.954778154388558000e+15
6.901885419536479000e+15
2.438859762462172000e+15
-5.437974350606840000e+15
-1.453895405513149200e+16
-2.141959681200387200e+16
-2.255088611494449600e+16
-1.650082187022732200e+16
-4.701891684572577000e+15
8.973825502233588000e+15
2.065273178622469600e+16
2.853769482561173600e+16
3.314114246497090800e+16
3.595471515892300000e+16
3.808413443028800800e+16
3.957022119175974400e+16
4.003153222101755200e+16
3.888146447506313600e+16
3.563557157071814400e+16
3.073966210372057200e+16
2.568091743758118800e+16
2.247351031445232000e+16
2.212166214556340800e+16
2.391847030887767200e+16
2.565509706533666000e+16
2.498670912283643200e+16
2.065043543753785200e+16
1.326751555952624000e+16
5.418770326000685000e+15
5.643579269431065000e+14
6.458219585038265000e+14
4.398184464798449000e+15
7.789640575893737000e+15
7.276433301314160000e+15
2.242173210943471500e+15
-5.024868556603533000e+15
-1.161391907639724600e+16
-1.575268672393772200e+16
-1.686567858055473400e+16
-1.462426267904257600e+16
-8.139784871018843000e+15
3.799970726408175000e+15
2.178848591025601600e+16
4.461121011556317600e+16
6.885111996164430400e+16
9.018652531030096000e+16
1.050276948878373280e+17
1.117994110648279520e+17
1.109073981891334560e+17
1.034650049727018240e+17
9.088896274601617600e+16
7.491830789345886400e+16
5.734279798584659200e+16
3.928995967730180800e+16
2.135975785161598400e+16
4.174743946106496000e+15
-1.079612742707750800e+16
-2.117096339162448000e+16
-2.476407744713379600e+16
-2.080244000364867200e+16
-1.083011535585144000e+16
1.290006451423162500e+15
1.112028208671683600e+16
1.539462879057982800e+16
1.361446778157542000e+16
8.171289987423556000e+15
2.938168132800824000e+15
1.362073111929973000e+15
4.825101326039812000e+15
1.231653841201051200e+16
2.121816764525252000e+16
2.840456377316522800e+16
3.110363342807333600e+16
2.764447189591447600e+16
1.772422851700296400e+16
3.062311937781590000e+15
-1.289583865174087600e+16
-2.590853489828037600e+16
-3.267813058674061600e+16
-3.200799353156357200e+16
-2.497708980797759600e+16
-1.446229368791283000e+16
-4.038254644839567000e+15
2.985506990048309500e+15
5.182369042986811000e+15
4.036397937747453000e+15
2.943520152493586000e+15
4.722209126635741000e+15
9.699587613235580000e+15
1.550135053075897000e+16
1.823092918653138400e+16
1.442766594348474400e+16
2.494496272916592000e+15
-1.652449683575825600e+16
-3.984993306798513600e+16
-6.397675644124620800e+16
-8.549953917535425600e+16
-1.020684815031135360e+17
-1.123214328312224000e+17
-1.158747222424304800e+17
-1.129837383690410400e+17
-1.048599621758219680e+17
-9.313209915438380800e+16
-7.951883719697003200e+16
-6.601544024124979200e+16
-5.439195270054186400e+16
-4.574645109377134400e+16
-3.975195698178088800e+16
-3.452716808302044000e+16
-2.761421806789476000e+16
-1.718501597080975400e+16
-3.057277803639607000e+15
1.302941498947530000e+16
2.816693441890250000e+16
3.831499599740777600e+16
3.939401234608914400e+16
2.909131227366790000e+16
8.819010873303134000e+15
-1.616877793652357400e+16
-3.865388842410844000e+16
-5.257184054306144000e+16
-5.531186012616201600e+16
-4.763889022360003200e+16
-3.267396836081796400e+16
-1.464692671827358000e+16
1.990765223772868500e+15
1.354182443616476400e+16
1.841950486063574400e+16
1.775788155905224400e+16
1.532327849907519200e+16
1.615085458570115200e+16
2.398268716406688800e+16
3.881166962537459200e+16
5.655362317955892800e+16
7.084649079414205600e+16
7.605584242248387200e+16
6.934958922416392000e+16
5.154917697284252800e+16
2.669060857409358000e+16
2.776906874897810000e+14
-2.273089281309435200e+16
-3.898760665235560000e+16
-4.717624408273820000e+16
-4.715365116529674400e+16
-3.964069094460117600e+16
-2.627499161664854400e+16
-9.894856411550846000e+15
6.111334359564739000e+15
1.923376672040752000e+16
2.873729218053474400e+16
3.564044515850468800e+16
4.120538480632414400e+16
4.547739494356079200e+16
4.713719427406143200e+16
4.472534797834345600e+16
3.826012029602576000e+16
2.991721942990845200e+16
2.312391649643628000e+16
2.126199982958515600e+16
2.552467462550706400e+16
3.421386885633314400e+16
4.287693356578723200e+16
4.643723700870941600e+16
4.166156607792752800e+16
2.891695703274615200e+16
1.214482625007854400e+16
-3.187060724058306500e+15
-1.216860806661668400e+16
-1.224711035002301000e+16
-4.187569575161173000e+15
8.572014859855795000e+15
2.112128519659324800e+16
2.842005352286089600e+16
2.697363328184518000e+16
1.583654577188341400e+16
-2.870806165621787000e+15
-2.438409412278456800e+16
-4.326990914450155200e+16
-5.545670024948621600e+16
-5.932682602791631200e+16
-5.557870478627890400e+16
-4.605335780074499200e+16
-3.269898300976472000e+16
-1.690584197764270000e+16
5.723097875987390000e+14
1.940628642920044000e+16
3.931312583317713600e+16
5.973799809598852800e+16
7.944338402049244800e+16
9.635251920474953600e+16
1.080266045121514880e+17
1.124121385177023840e+17
1.086363844912758400e+17
9.760072834697131200e+16
8.165901788996152000e+16
6.425113774094365600e+16
4.899152417621252800e+16
3.819700776360795200e+16
3.194356355956357200e+16
2.795578975524688000e+16
2.301834066764704800e+16
1.455183374123370200e+16
2.636292056108093000e+15
-9.957600416766510000e+15
-1.959999168282420000e+16
-2.409016276732036400e+16
-2.326801554541985200e+16
-1.843679344825936800e+16
-1.173372352573574200e+16
-5.258134905997970000e+15
-5.509552037509150000e+14
1.609731231000240500e+15
7.350232482347745000e+14
-3.510409860547413000e+15
-1.068697318282875600e+16
-1.868097929854574800e+16
-2.352220440635584800e+16
-2.061470069747398800e+16
-7.075678196276006000e+15
1.649434504976707400e+16
4.581887133038672000e+16
7.463918747979244800e+16
9.664600057095750400e+16
1.068206152868433920e+17
1.020187319057083200e+17
8.053118549818849600e+16
4.293649368041009600e+16
-6.735700215072195000e+15
-5.992438124460044800e+16
-1.047963287500471200e+17
-1.300564808982706080e+17
-1.296941523999051200e+17
-1.056915428806158240e+17
-6.698027013923395200e+16
-2.520348101075046400e+16
1.067983351547603200e+16
3.749488914782516800e+16
5.686535958577922400e+16
7.190745683850562400e+16
8.435402324459332800e+16
9.409544054612489600e+16
1.003281212897529440e+17
1.030536710860869920e+17
1.034927252244792000e+17
1.029769820428812960e+17
1.017747855324391520e+17
9.895995193775648000e+16
9.342634493875593600e+16
8.450418940846601600e+16
7.224777078600292800e+16
5.775446871621909600e+16
4.354169843498046400e+16
3.298399307027853600e+16
2.864615224667625600e+16
3.065720593035004400e+16
3.632082941521545600e+16
4.100707490133681600e+16
3.966311705305866400e+16
2.834373229373970400e+16
6.119341548508329000e+15
-2.379886507613936000e+16
-5.487466228125980800e+16
-8.020673818061184000e+16
-9.536684282380182400e+16
-9.985677208885723200e+16
-9.623986877974560000e+16
-8.858675119403360000e+16
-8.064294666190054400e+16
-7.493872038213038400e+16
-7.188635988138254400e+16
-7.044797035878911200e+16
-6.963748465536816800e+16
-6.934228482970976000e+16
-7.004023155323716800e+16
-7.154979828380952800e+16
-7.233099487234489600e+16
-6.975013408089912800e+16
-6.136052387503790400e+16
-4.623328333798359200e+16
-2.553403081097705200e+16
-2.758369996770371000e+15
1.725625116489559200e+16
3.084811681027555200e+16
3.763754445440888800e+16
4.057263171144760000e+16
4.389240092874905600e+16
5.008854716709574400e+16
5.876137340843755200e+16
6.669125650890132000e+16
6.972284201276718400e+16
6.514244036167640000e+16
5.313994998354494400e+16
3.727102221799500800e+16
2.302956644581900800e+16
1.499022229329456200e+16
1.418456343396715800e+16
1.747853528728068400e+16
1.999718413902074000e+16
1.810328934919987200e+16
1.098687338710659600e+16
4.717720637538923125e+14
-1.073825989386763600e+16
-2.071823908946842800e+16
-2.854884725214547200e+16
-3.407260446792334400e+16
-3.744182191030064000e+16
-3.853030686165861600e+16
-3.708557115423426400e+16
-3.330281431391956800e+16
-2.826963757095886400e+16
-2.362637777831004800e+16
-2.039448278560668000e+16
-1.820054364164804400e+16
-1.572350137158256800e+16
-1.164337393692393600e+16
-5.220556564035726000e+15
3.610814781255845500e+15
1.411977598845586400e+16
2.510752507510812400e+16
3.514055485005893600e+16
4.338776135647130400e+16
5.036741684677812800e+16
5.786143851250331200e+16
6.848218343422801600e+16
8.347164808376843200e+16
1.005922908696513280e+17
1.138576317138724640e+17
1.157428590018861760e+17
1.005513189459010560e+17
6.793424693500246400e+16
2.374704335611732800e+16
-2.218199716999537200e+16
-5.989201100151924800e+16
-8.272046731666340800e+16
-8.929881537408049600e+16
-8.304672834594204800e+16
-7.027504687845296000e+16
-5.696911535816152800e+16
-4.679469385783875200e+16
-4.023796433964107200e+16
-3.577640075387779200e+16
-3.105413096195929200e+16
-2.398557025111774400e+16
-1.359877327280319000e+16
-3.782252540412145000e+14
1.398086940525180800e+16
2.705874816832573200e+16
3.657461359938373600e+16
4.120185436456655200e+16
4.081438785315880000e+16
3.600149510471188000e+16
2.777799765187034400e+16
1.769386952286949400e+16
7.730452287717939000e+15
-8.147211872411181250e+14
-7.972791150973546000e+15
-1.444184272209096200e+16
-2.006524060788908000e+16
-2.376163613353840800e+16
-2.458840035763549200e+16
-2.280530241913523200e+16
-1.933688423267444000e+16
-1.452964681019401400e+16
-7.607164124870493000e+15
1.957833972743831000e+15
1.369752723293501800e+16
2.604090998246474400e+16
3.732194487809176800e+16
4.702326275197884000e+16
5.550780607749808000e+16
6.297068095530255200e+16
6.820486241442984800e+16
6.804118763621054400e+16
5.888512296223130400e+16
3.858408314594982400e+16
8.760254780689653000e+15
-2.491788776463186400e+16
-5.422415071219438400e+16
-7.155996559063437600e+16
-7.363706511377771200e+16
-6.311404237793289600e+16
-4.699454693136489600e+16
-3.238996799527379600e+16
-2.288003035873820800e+16
-1.856106938967359200e+16
-1.749848775889486000e+16
-1.749712363760552200e+16
-1.693653697130734000e+16
-1.483693918347277400e+16
-1.129183608562999200e+16
-6.985663013720609000e+15
-2.391072226776475000e+15
3.287153828438849000e+15
1.192255414957649600e+16
2.479926829415617600e+16
4.074923382663464000e+16
5.619766636331017600e+16
6.689274046430635200e+16
7.024192912558908000e+16
6.643015156519331200e+16
5.785011072839648000e+16
4.839475478380422400e+16
4.132404072437060000e+16
3.787387799559828000e+16
3.622719012180858400e+16
3.288634785762698800e+16
2.549381864335713600e+16
1.464357101375568800e+16
3.339547440734003500e+15
-5.158934696026200000e+15
-9.236264820413040000e+15
-9.286569401729994000e+15
-6.946846178766082000e+15
-3.933852392123783000e+15
-1.474104072231953000e+15
1.759387813867792500e+14
1.494835312123632500e+15
2.992515801196030500e+15
4.278799777800659000e+15
3.589193171627883000e+15
-1.694602297446061500e+15
-1.387202567471219200e+16
-3.308770322599874000e+16
-5.603287480160256800e+16
-7.673358206363876800e+16
-8.901897955796393600e+16
-8.960501772138553600e+16
-7.910074491304888000e+16
-6.081290452979706400e+16
-3.908111486380424000e+16
-1.838230361945854000e+16
-2.762429529334294000e+15
4.532205682722703000e+15
2.185261912405971500e+15
-8.195227731264172000e+15
-2.184452573313943200e+16
-3.251245719334243200e+16
-3.557621148701264800e+16
-3.038550274945049600e+16
-1.938425627586561200e+16
-5.687406940059332000e+15
9.128846642541156000e+15
2.483328130377492000e+16
4.108184298938236800e+16
5.702504036276532800e+16
7.095025307376940800e+16
8.064038903893523200e+16
8.380829389113364800e+16
7.919764801910897600e+16
6.763240660327528000e+16
5.210697595138676800e+16
3.663867695054734400e+16
2.501262825824712400e+16
1.928143257908809600e+16
1.906700801919392400e+16
2.175044890375563600e+16
2.350963190063328400e+16
2.095031985453352000e+16
1.226763327443723200e+16
-1.893810930319930000e+15
-1.859534606848833600e+16
-3.388912750220550400e+16
-4.463759504852568800e+16
-4.944117733639671200e+16
-4.871078479247029600e+16
-4.337191327769909600e+16
-3.401491450606916800e+16
-2.107455530004048800e+16
-5.729582926905910000e+15
9.519199787146368000e+15
2.125797152721684000e+16
2.621848732637522000e+16
2.271876119993956800e+16
1.203379189474619000e+16
-1.411092936348443500e+15
-1.177942246987781800e+16
-1.453088434891686800e+16
-7.829173009185561000e+15
6.728735333831799000e+15
2.528214251145386400e+16
4.369014134203968000e+16
5.949952987290611200e+16
7.225789312038190400e+16
8.234943444339886400e+16
8.982667507616315200e+16
9.367728602972360000e+16
9.216206610363174400e+16
8.332135444511548800e+16
6.578204820103820800e+16
3.944428214886550400e+16
7.049789691158712000e+15
-2.525115107901388800e+16
-5.021715703788108800e+16
-6.267374746144182400e+16
-6.188061627147193600e+16
-5.137888111175164000e+16
-3.711428666939035200e+16
-2.481700350886264000e+16
-1.820611512248158800e+16
-1.794067324239962800e+16
-2.243757139702388800e+16
-2.905111178976890400e+16
-3.499930531604007200e+16
-3.798688004949265600e+16
-3.699495410143499200e+16
-3.244695614752063600e+16
-2.610659132486921200e+16
-2.011355314056876800e+16
-1.655029722523353000e+16
-1.677943901014045600e+16
-1.999875478972431200e+16
-2.274447386900335200e+16
-2.030629096314083200e+16
-9.684658339648880000e+15
8.828399691608075000e+15
3.187865139637672400e+16
5.458635358101000000e+16
7.230815514386604800e+16
8.204309198210451200e+16
8.322839699734307200e+16
7.758827129927811200e+16
6.768296784298731200e+16
5.549235917570349600e+16
4.215746712801164800e+16
2.833893360587627600e+16
1.536227298241889800e+16
5.364275850311720000e+15
4.408413463780498750e+14
1.053078212896795000e+15
5.289418382997994000e+15
9.283536947867206000e+15
9.150736226401094000e+15
2.907135488564646000e+15
-8.561080729712554000e+15
-2.233633720036718400e+16
-3.464046940619325200e+16
-4.201803267406763200e+16
-4.205973304160205600e+16
-3.391780690096773600e+16
-1.843738417413239200e+16
2.014822014725546500e+15
2.402190406128452800e+16
4.374393925611390400e+16
5.745146355648297600e+16
6.214988816696688800e+16
5.660097034891803200e+16
4.217008566632124800e+16
2.240296866603950400e+16
1.638238520109034500e+15
-1.688524933843160200e+16
-3.184875160448426400e+16
-4.346159649774408800e+16
-5.241899850939540800e+16
-5.811631858267057600e+16
-5.818276160826906400e+16
-4.952439484990760800e+16
-3.060400606418934800e+16
-3.258063282990487500e+15
2.737827223593120800e+16
5.543231160596704800e+16
7.699098870114408000e+16
9.118508040813288000e+16
9.876066331568112000e+16
1.006208185579580960e+17
9.705313815445753600e+16
8.850470763366449600e+16
7.596887450127480000e+16
6.086451286448308800e+16
4.449451652293187200e+16
2.816831434109724400e+16
1.296563219690262000e+16
-3.423780511700435000e+14
-1.106933150236611800e+16
-1.838434817435456400e+16
-2.138534548613654400e+16
-1.918005332989390800e+16
-1.165866658274823800e+16
-4.091841102430520000e+14
1.132156810818700200e+16
2.006871558582564000e+16
2.417573249582316000e+16
2.411899714845787600e+16
2.089188028815219200e+16
1.410383360140689000e+16
2.377829026946955500e+15
-1.377721767656989800e+16
-3.028883745807992800e+16
-4.093815307567474400e+16
-4.092155642857094400e+16
-2.976424338172470400e+16
-1.106096442247786400e+16
9.666698662689466000e+15
2.732404953764376400e+16
3.845642209106912000e+16
4.148939419409428800e+16
3.593522063435760800e+16
2.226059046695862800e+16
2.161862175269963500e+15
-2.130577168583479200e+16
-4.458849418764776000e+16
-6.452592065391840000e+16
-7.861048514532486400e+16
-8.473707586645636800e+16
-8.176347042417574400e+16
-7.100744403368796000e+16
-5.677305366797548800e+16
-4.479296200514349600e+16
-3.961121465095984000e+16
-4.216760198884704000e+16
-4.881954376034481600e+16
-5.256030396358014400e+16
-4.651440303589714400e+16
-2.748598898374517600e+16
2.109057545030937500e+15
3.503457768429050400e+16
6.258417619212469600e+16
7.812006065234153600e+16
7.930849481271984000e+16
6.830144125142766400e+16
5.005585757942304800e+16
3.038107064117996400e+16
1.418694396332852800e+16
4.327205657951306000e+15
7.917183657014380000e+14
1.774105203354079000e+15
4.289919481828899000e+15
5.565032153532653000e+15
3.442425175933400000e+15
-2.797115155610295000e+15
-1.168162535400122600e+16
-1.959011478671210400e+16
-2.212115586552782400e+16
-1.643691463234647400e+16
-3.071060423462705500e+15
1.384847471456265000e+16
2.898183222492825600e+16
3.808306984941926400e+16
3.911925372657556800e+16
3.212125259304552000e+16
1.868666919345776400e+16
1.000056717741507000e+15
-1.877347370712236000e+16
-3.876113171502002400e+16
-5.768977157714064800e+16
-7.421903996018369600e+16
-8.632206439451030400e+16
-9.128298177612208000e+16
-8.700421465312812800e+16
-7.344779228669590400e+16
-5.352606420780144800e+16
-3.256684456569387200e+16
-1.632073303534930000e+16
-8.271574382713457000e+15
-8.190249747036107000e+15
-1.269094513625939400e+16
-1.716871548089106000e+16
-1.819426378615576800e+16
-1.464393553061449600e+16
-6.716400111825192000e+15
5.440398722545057000e+15
2.174850250301119600e+16
4.125815968924322400e+16
6.020755881080972800e+16
7.274118873106769600e+16
7.411310501479281600e+16
6.346791032588107200e+16
4.418185639788732000e+16
2.198819399851415600e+16
2.476760804331897500e+15
-1.089087386426903600e+16
-1.751046245315360200e+16
-1.951622557256877200e+16
-2.072022208401028800e+16
-2.549082837842488800e+16
-3.675884038383191200e+16
-5.480270082350343200e+16
-7.661060627857758400e+16
-9.662372583387680000e+16
-1.083848855113193760e+17
-1.067655202797132000e+17
-8.986884133057200000e+16
-5.985987393384820800e+16
-2.225778060323756800e+16
1.592013372757306800e+16
4.829809605121436800e+16
7.081696662623374400e+16
8.234497222326945600e+16
8.462720728290110400e+16
8.109148562665976000e+16
7.517505055316065600e+16
6.876670730712064000e+16
6.184262647816718400e+16
5.333306659087960800e+16
4.277109493446540800e+16
3.126857601213026800e+16
2.114931287634236000e+16
1.482380961630600800e+16
1.284220089727241800e+16
1.319691831321084800e+16
1.235777424888256200e+16
7.926175928284013000e+15
3.551269534483595000e+14
-6.899215786603273000e+15
-9.563190016472246000e+15
-5.432080216728618000e+15
4.477070621745593500e+15
1.637740283870803800e+16
3.129331702516862976e+18
8.754418751751301120e+17
-6.531432044659261440e+17
-2.900396675694664960e+17
6.683682203657208320e+17
-4.102501981773443840e+17
-4.636429373685985280e+17
-7.948103297620216320e+17
-3.625800200866365440e+17
1.467317298414648960e+17
-1.208958334638762496e+18
1.658767378826956480e+17
1.953176511420657600e+17
-8.320138415440328000e+16
-5.767271404746805760e+17
5.758187448983873920e+17
-3.968505298454931200e+17
-1.142225550250360320e+18
2.975239999084991360e+17
-1.282604655673885440e+18
2.953520037771797120e+17
1.209610395932598272e+18
-4.899327997277582720e+17
5.061717460238256640e+17
-1.746533212740463360e+17
-1.378561594583671680e+17
-6.510582498698565120e+17
-2.801212273377785600e+16
1.507854868627759104e+18
9.706899989621681920e+17
-1.441547195029278720e+17
1.949347974764062400e+17
-6.688333212826190080e+17
3.975784173170500480e+17
4.026697522233684480e+17
6.973393330424083200e+17
1.490252517886012672e+18
-9.050603349347680000e+14
3.332508457566964480e+17
2.623334893481686400e+17
-7.523775698094694400e+17
5.383090234616231680e+17
-1.327735092748066816e+18
-7.980140292450478080e+17
-4.797650895230258560e+17
-6.496686170304280320e+17
-8.475421706273614400e+16
7.307785943738374400e+17
-2.221591104632575360e+17
-6.833843339394254080e+17
-1.748636807586040960e+17
1.067530352148576256e+18
-1.056547001485964800e+17
5.775579926451223040e+17
6.630762059532093440e+17
-4.533945324560720640e+17
-1.398399153938840064e+18
5.460560369895489920e+17
-2.433070756479532800e+17
3.987709062278423040e+17
-3.498809597195622400e+16
7.041235366298211840e+17
9.688900618772032000e+16
6.428154860191953920e+17
-9.184839161366676480e+17
4.777386101937585920e+17
2.267706563737603840e+17
5.942186117032924800e+16
5.311493668195491200e+17
-1.261291828185857792e+18
-2.250592149475514880e+17
1.651955696924035520e+17
-7.996171593539873280e+17
1.458703955428729088e+18
5.923724915440322560e+17
1.002620956766406656e+18
2.263442768011612480e+17
1.302891853833478912e+18
-1.177200656554864640e+18
-2.263288652776144640e+17
5.531297427907625600e+17
-3.882783195452666880e+17
1.458370295183623680e+17
-1.635724110148315136e+18
-9.775421442050528000e+15
7.230931571469383680e+17
-3.268333833467585920e+17
-4.155185517631437440e+17
-8.617464237782945280e+17
-4.511895877319793920e+17
2.768346851074456320e+17
1.529424611971616000e+16
-2.440715914609167872e+18
-8.734058341420771840e+17
-5.204649959494173440e+17
-6.638080750992970240e+17
-2.027366192249603840e+17
1.017692556773164928e+18
6.446323361876724480e+17
1.244003546076993280e+17
-9.658867129002329600e+17
-4.301637212502773120e+17
2.032219461852693760e+17
-1.979018255578169600e+17
-1.211745880562969088e+18
-1.223764021889721600e+18
-5.396164721245445120e+17
8.362917416210515200e+16
-3.473463852786748160e+17
-1.073168903452540160e+18
1.130791832930490560e+17
-1.372198034761009152e+18
8.378999140186984960e+17
-8.725335761327348480e+17
1.193393334364042752e+18
8.077896941915233280e+17
-3.309945998710086400e+17
5.561481544344515200e+17
-9.517564027379270400e+17
1.183410675746036224e+18
1.865297920562501120e+17
-4.497679815295104000e+15
8.818016441892055040e+17
8.347570885529593600e+17
9.254033053672476160e+17
-6.315910455838023680e+17
1.207744693131261440e+17
1.194772477028035584e+18
5.426490466115884800e+17
-1.456589582009471488e+18
-5.451701122705698560e+17
1.302363878217277952e+18
-1.614340371275077888e+18
-1.514449303211982200e+16
-1.439703122336293120e+18
-8.691486835009345280e+17
-8.352734938807264000e+17
6.488602796090506240e+17
-8.069502122385301760e+17
5.175912536609579520e+17
1.295681095692800256e+18
-8.767197107203027200e+16
-5.066958763631523840e+17
3.152819351626865920e+17
9.366984853192995840e+17
8.481760869340971520e+17
4.361044450169792640e+17
-1.094285471109129344e+18
-9.628669877179321600e+16
1.044365481613662336e+18
1.542619226554642176e+18
-2.382714689712732800e+16
-1.729873757784249920e+17
-1.234024483127330560e+18
3.613361013527162240e+17
-5.072399387464660800e+16
4.975941724505057600e+16
-3.365781604255896320e+17
-1.180863250373879808e+18
6.446942430075740160e+17
-2.184228434078014080e+17
5.911514678150033920e+17
1.967327112483519040e+17
-6.400277469678959360e+17
2.424871617498872320e+17
-6.392893257192048000e+16
-3.287659140428787840e+17
-2.228626246406392320e+17
-2.829397977153643520e+17
-4.226690394600657920e+17
1.777819031735568960e+17
1.079979531247124320e+17
-5.048111213988581120e+17
-1.536415732380478080e+17
-6.926104917200981760e+17
6.212818257960020480e+17
-5.390384213700942720e+17
3.401493089620032000e+17
4.464322671469104640e+17
7.489018526700990720e+17
-7.439716377976336640e+17
6.415742873833899520e+17
-7.063409067584778240e+17
-7.146647888365689600e+17
-5.543488476650003200e+17
4.827769568597361280e+17
3.148555632056451840e+17
-8.376077469036588800e+16
4.212020143480418560e+17
-5.046605253362225280e+17
5.238398634669337600e+16
3.752520062948712320e+17
4.634356349605868800e+16
-1.290726314024618240e+17
-1.727547426615195520e+17
-4.140299884372150400e+17
8.799730097396508160e+17
-2.752013507696352000e+17
-9.104645318653980160e+17
-1.638249426709392128e+18
3.985610792558600320e+17
-3.400388549542602880e+17
-1.052767344757440256e+18
7.880179966590457600e+17
9.299065692757335040e+17
6.496205658611429120e+17
-8.475706294938488320e+17
1.544499867526004480e+17
-6.485227223222213120e+17
-1.766963935866331200e+17
-7.174558970097780480e+17
1.156413253206367744e+18
-4.996905516030565120e+17
1.222721173422476288e+18
-1.150156278772712704e+18
8.719709016641054400e+16
6.819210620828572160e+17
-4.296567192626013440e+17
1.076982469111314176e+18
-1.830444334895387136e+18
5.219673291761272960e+17
3.497001604582121600e+16
-1.062113853801454336e+18
8.834920453821942400e+16
1.207427802936883840e+17
1.569385163473075200e+17
4.720942064397009280e+17
-5.919555027243184640e+17
-1.211839585735251456e+18
5.464243863769117440e+17
6.721656946720844800e+17
-4.697641223153068800e+17
7.354955637803633920e+17
-1.597395221288014080e+18
7.902449058753363200e+17
1.382001548461174016e+18
3.328057719698490880e+17
-1.497734935553249536e+18
-1.050835504634704000e+17
-7.067068698844039680e+17
6.614776728384558080e+17
3.153155408527714560e+17
-1.522373548021464576e+18
-5.234531665086133120e+17
-9.712517665156349440e+17
-5.074716906412252160e+17
-7.141343351417893600e+16
6.135513156730179840e+17
6.578261173397169920e+17
8.149077867037386240e+17
-1.251403519679659264e+18
-4.731057830495718400e+17
3.451465211884912640e+17
-6.746896687325824000e+17
-1.822414162158984640e+17
2.540557265632444800e+16
2.262537877477557760e+17
1.088626099771856768e+18
3.746917944476173440e+17
-9.882426656317393920e+17
-3.773773507079651840e+17
-1.527140432971461120e+18
1.701823081857508480e+17
-1.949013083512595520e+17
-5.288090947956738560e+17
-1.019068643522127840e+17
-8.273699768395004800e+16
1.431839065824726720e+17
-2.537401228087614720e+17
4.857055081612228480e+17
4.588637714251409920e+17
4.903352341900286720e+17
1.572485936647658240e+17
5.804786831946251520e+17
1.625180649070491520e+17
1.678004577866267200e+16
1.579874373836487680e+18
5.029140616715642880e+17
-1.529873286798703360e+17
-6.622738460906007040e+17
2.996028766385717120e+17
8.856106869879638400e+16
1.246127715814953600e+17
-5.098736189847365120e+17
-9.089168059970973440e+17
-3.534234610176411520e+17
-2.572917429031521920e+17
3.206960246604179200e+17
-4.359871328859192960e+17
1.048136138378550400e+16
1.603887480177047296e+18
5.830887408281601600e+16
-1.165627328872262656e+18
1.108516851131922304e+18
1.341081894975542272e+18
6.579186670237158400e+17
3.922003615648815360e+17
-3.634528375566200320e+17
-5.250056175412278400e+17
1.301807518557615616e+18
3.031115844352512640e+17
3.750288490510817280e+17
1.781507619430001280e+17
-5.823454512748083200e+17
-1.197089132217487104e+18
-3.169861478131109760e+17
7.731439459381369600e+16
-3.499938114612133120e+17
1.642117653627117120e+17
4.936859380153571200e+17
-2.865023128221150720e+17
-3.748503335254813440e+17
3.546365202908633600e+17
-8.941496325517900800e+17
3.288946561120096000e+15
-1.090871065873458240e+17
-9.720364657466393600e+16
3.747003878254019200e+17
-1.367244449050938624e+18
-2.567615456466097920e+17
-4.210443052043842560e+17
-7.526379386015379200e+17
5.212703079544109440e+17
-1.463639519536780032e+18
1.433654784629493120e+17
-4.353376332469305600e+17
-4.357920907092313600e+17
3.454572334522805760e+17
1.080340519336522624e+18
4.697227287682416000e+17
-1.615208754400465920e+18
-4.649928694594926080e+17
-2.982272608904276480e+17
7.309322503250273280e+17
-7.564882783266603520e+17
2.388633624257899840e+17
-3.700028551008913280e+17
1.742020106433568000e+17
6.090183845331225600e+17
-4.286367437354227840e+17
1.099887016773529088e+18
5.303912005467655040e+17
6.217402850425386240e+17
-4.633537435020332800e+17
-3.951767879221633280e+17
-1.839795262015736960e+17
8.337306964084288000e+17
-1.824291392326730240e+17
-7.490223951790856960e+17
-8.465671981177651200e+17
6.589336983386324480e+17
1.563606316327809280e+17
-4.299264250018835200e+17
1.372316760500251904e+18
-1.160838544453147840e+17
1.077117140807457024e+18
-8.903237419389987200e+16
-3.629848428568913920e+17
4.394840485298464000e+17
5.956267340486033920e+17
-3.182535845257464960e+17
9.962571786092943360e+17
-1.453254916471326208e+18
2.176642267387785600e+17
-2.313947540926370560e+17
-7.414898159366906880e+17
7.146804802323381760e+17
-1.544557851225353600e+17
1.110066476973328256e+18
-7.232359219148363520e+17
2.610801639713902400e+17
-6.818784624571645440e+17
-1.309743961416385792e+18
-1.221439288609607680e+18
-3.854070507357509760e+17
-1.986673211372191680e+17
-7.610551517826547200e+17
-1.076919014060799872e+18
-6.300445605596268800e+17
-3.112643865873073920e+17
5.203152117122752000e+17
1.530111379607200000e+17
1.172224391171809024e+18
-1.011151209725658624e+18
5.346112098910520320e+17
1.063194392506294080e+17
-6.062425542286458880e+17
-3.678215315998600960e+17
-6.350943744241387520e+17
4.081073047184215040e+17
-7.592511946349337600e+17
1.558211154956098048e+18
2.205033056284062400e+17
-7.047039743432822400e+16
-3.468162192855654400e+17
-4.908549085479744000e+17
4.211539761942679040e+17
3.736715726768202240e+17
7.702431183787857920e+17
3.993079614537671040e+17
-1.273563495280114944e+18
-4.315081570680844160e+17
2.580336310546867840e+17
7.809843934561200640e+17
-1.743485255649207040e+17
-6.844584689591051520e+17
-7.421602210214464000e+17
1.600002033270518528e+18
4.371399114007555840e+17
-7.782032948127130880e+17
-2.183973396151052480e+17
2.048125036074206720e+17
1.119763939006641664e+18
-8.480030071136901120e+17
-6.500675122595938560e+17
-6.472490863309463040e+17
-3.160077486685253120e+17
-9.367985930354737920e+17
1.069711773614497664e+18
1.416987331653922304e+18
-8.617818582412738560e+17
-3.836652928204702720e+17
-1.418289803383759616e+18
3.108884182075304960e+17
3.663612824562824000e+16
3.391248747166641920e+17
1.509655851474208256e+18
8.607915275104576000e+16
-5.499790432172186880e+17
1.201813195888855808e+18
1.024350279326200960e+17
-1.998066716906715520e+17
1.454962979070526720e+17
-5.939429128905583360e+17
1.050452702159571520e+17
-4.754148261200051200e+17
-8.193387280967207680e+17
1.673987939308746880e+17
-6.709851793114497280e+17
4.494244875601849600e+17
9.884138846561171200e+16
-1.113963837674750720e+17
-6.019090602473180160e+17
6.436849882742280960e+17
1.954688318072388480e+17
9.964802888415129600e+16
3.807430172815460480e+17
-2.067353059212434560e+17
6.495253845694151680e+17
5.578719306098710400e+17
-7.386075234475896320e+17
-8.361169946320851200e+17
-1.909517567784913600e+17
-9.098128056237260800e+17
-7.757964769164363520e+17
-1.073076631628900736e+18
1.697794635716513024e+18
-1.322544399466292800e+16
4.457870907250664960e+17
-4.040247388862472960e+17
6.960904678803816960e+17
-1.087976382808531328e+18
1.169064337998370816e+18
-1.197267230068444672e+18
3.557996557562041600e+17
-3.191874228358836480e+17
-3.984298909618523520e+17
5.813090012676226560e+17
-1.315563847805802752e+18
5.488307057930822400e+16
-9.804350657659386880e+17
-3.361967499442483840e+17
1.724344195556680192e+18
-2.475144841561088000e+18
-3.754269822769806080e+17
-1.297445608173838336e+18
5.427001342210428800e+16
1.876291749863016640e+17
1.007514695729341056e+18
3.326681998496825600e+17
-7.344926452971918080e+17
9.276827760139801600e+16
-6.025630626506618880e+17
9.877812525021189120e+17
-4.176479928589654400e+17
-8.822705750373094400e+17
-6.034845725188650240e+17
7.750344520766252000e+15
1.316793630465773056e+18
-2.861064978638738880e+17
1.406556233259385344e+18
-2.050131551826780160e+17
8.308289429086461440e+17
8.759476841470970880e+17
5.812743284209845760e+17
1.085582852472251264e+18
4.368309920855814400e+17
-3.250612235040300800e+17
-4.815389965312897600e+16
-1.237138202858530560e+17
1.861809831641402240e+17
-2.745099016520414720e+17
-4.493899924873184000e+17
7.964426115309107200e+17
3.067933161711411200e+17
1.756309966618927616e+18
1.164317360638529536e+18
-1.609382380566553088e+18
8.828643535674755840e+17
1.824559547723377152e+18
8.365100044891774400e+16
1.161371922591136768e+18
-5.859770919187539200e+17
1.479832132651139328e+18
-1.263215132708351488e+18
1.336088627080539200e+16
-5.588833924688561280e+17
-2.641091000898728000e+17
4.120554172040747520e+17
-8.294538810167157760e+17
-1.247308231891791040e+17
-7.056212705146611200e+17
6.041193357506426880e+17
-1.147089010246518272e+18
-5.057963422187902720e+17
9.299059278672112000e+16
-4.941830573857512960e+17
-8.112002113266115840e+17
-2.805369887888629440e+17
-7.068967543546549760e+17
1.143668325225044096e+18
-1.130323204154187040e+17
1.778869244030536960e+18
-1.153430011622997120e+17
-5.188062044419205120e+17
-1.584892883064496640e+17
7.587204790084883200e+17
-8.078896450492460800e+17
5.944606633860653600e+16
-4.824043797735760800e+16
-7.386617504177633280e+17
7.813336527277568000e+17
1.124961879909135488e+18
-4.539787901749502080e+17
2.461910708109842560e+17
3.733273926385317120e+17
-2.290405514052662400e+17
-1.619604188928220160e+18
-9.131896036504102400e+16
-1.170010148723976000e+17
-7.472638494924180480e+17
7.402559008460281600e+16
7.946333037202767360e+17
1.187581045384611840e+18
-1.620438351404074880e+17
2.019490226358526400e+17
-7.200080773381082880e+17
1.309535098804423680e+18
9.856498796372635200e+16
-2.657439949950823680e+17
3.215373012186515200e+16
5.533836645926836480e+17
-8.367456776374023680e+17
3.311849942028227840e+17
-2.075692936421196160e+17
-1.216077592810583040e+18
1.123806799626561536e+18
-5.853843468281899520e+17
1.082887238023716224e+18
1.529527649717085696e+18
7.928228710069704960e+17
-3.930876451155873280e+17
-1.071405109563784064e+18
-7.561189911811084800e+17
-7.486582900562504960e+17
7.913721851276561920e+17
6.325426675815304960e+17
-1.384376819223144704e+18
-3.026885013912797440e+17
3.992553124896459520e+17
-2.278436643502658240e+17
-8.192286490477537280e+17
1.639599028914276096e+18
2.050884444476398080e+17
5.548939619123120640e+17
1.120052971266598016e+18
-5.279394082779595520e+17
4.163029688305632000e+16
-2.671909672805393280e+17
2.058276529086919360e+17
-1.349212903894525440e+18
4.264474224084225280e+17
1.281459930969750272e+18
9.561216342153845760e+17
3.369966033083458560e+17
-1.598437066891644160e+17
-1.132957134859174528e+18
-4.171686013103059200e+16
9.980146989634083840e+17
7.784960837034401280e+17
-1.287810744697245184e+18
-7.368173454692505600e+17
3.139838299568288000e+17
-1.293168812141396736e+18
-5.527375011171117440e+17
-4.508250940420884480e+17
1.488141752691064064e+18
1.064991833041262080e+18
5.573515648882845440e+17
-3.855028094919054720e+17
1.076134783290302080e+18
-1.384073818604966400e+18
7.120818828398247680e+17
-1.349195307608962560e+18
2.360446007870297600e+18
-3.599795752339191040e+17
-5.282440372796106880e+17
1.352430633257127168e+18
-8.142593650720668160e+17
7.065406838429621760e+17
-8.627514286916547840e+17
-3.252486959704064640e+17
2.322858406173829120e+17
-3.825048457828611840e+17
-3.154806463307740160e+17
-4.254526819043544320e+17
7.285521492650515200e+17
2.469934614559463360e+17
-6.311786707755501600e+16
1.183673621819700480e+18
-5.670732511923403520e+17
-1.287734370262977792e+18
-1.934063308897919360e+17
1.876762021528966656e+18
-1.816041259115232000e+15
-1.207403654286804224e+18
-1.180677945097326336e+18
7.966931452591637760e+17
6.023697658183976960e+17
-1.826978681662862400e+17
5.196106966328951680e+17
-1.109251800640289920e+18
1.195219517675457792e+18
2.051838428706785280e+17
2.436790687780516800e+17
3.923901936932839680e+17
4.686965914638542080e+17
5.381630036215831040e+17
-3.028322996911091200e+17
1.407858202850707456e+18
6.594624350192977920e+17
-6.149912775404181760e+17
-7.181769547665713920e+17
5.710644613932736000e+16
-3.912193424421569280e+17
8.495529072714112000e+17
1.397200303141624832e+18
-1.462757980823188480e+18
1.015203291129082624e+18
1.735655162456680960e+17
-3.885347033907855360e+17
6.186429075931463680e+17
3.188839564576865920e+17
6.154488206438945600e+16
-1.078255365303117280e+17
4.474871202540291840e+17
-3.693955280007288960e+17
4.391490422930412800e+17
-4.638164014870720640e+17
-1.103470447996041344e+18
-7.139912846801075200e+17
1.354622877397953120e+17
1.450716363961937664e+18
-9.670389856797996800e+17
2.479870493530326400e+17
-4.793525808630175360e+17
-4.193737291015385600e+17
-4.995013809421832320e+17
1.073253528032463488e+18
5.893134172681233920e+17
1.040299958748141696e+18
6.395046363682897920e+17
6.308016471382731200e+16
1.780282027587596800e+18
7.438781790222104320e+17
-8.337211741499791360e+17
1.303874716211373568e+18
-2.699122459373743680e+17
4.689922183099393280e+17
3.185828770657914240e+17
5.125035658746501760e+17
-7.090793056481171200e+17
6.169400871551141120e+17
1.394227005820555520e+17
-1.976188132522527040e+17
6.392424233473615360e+17
-4.958655423218818000e+15
-1.074196055787707008e+18
-5.762343686004659200e+16
-1.005884643996811648e+18
3.044575612583225600e+17
1.307412900270061568e+18
1.310679001170650624e+18
1.549771567293650944e+18
1.027513323588688640e+18
1.506306265677957760e+17
-6.358529918119434240e+17
8.360924163101290240e+17
3.531693268021060480e+17
7.573288208762516480e+17
-5.447146667781728000e+15
7.612708960499013120e+17
-1.531996241510316288e+18
7.196011326101052160e+17
-1.043896212067668992e+18
-8.080625867343104000e+17
9.877585461768171520e+17
-8.202167490179069440e+17
2.760706628325178240e+17
7.063431133975037440e+17
6.292069716010800640e+17
-1.593910582256402240e+17
-8.061774545112577280e+17
3.370547875887811840e+17
-8.356594893894321920e+17
9.941119057243703040e+17
-2.541293282537318720e+17
-9.924343485339197440e+17
-1.009584057528536800e+17
1.456435604449295040e+17
1.466490241722002560e+17
-9.726735477081075200e+16
1.393156456269093888e+18
-4.795765440132166400e+17
9.057115145499078400e+17
-1.553564380163157120e+17
-1.509166544632846720e+17
3.726486139731091200e+17
1.443089751312435200e+16
8.925336378008965120e+17
-1.867222432054530304e+18
-3.351012088055596160e+17
1.054490770537097216e+18
-2.924485111971014400e+16
5.866915876235293440e+17
-7.554586025401739520e+17
-9.992029034630192640e+17
4.759287835661786240e+17
1.194036737751281152e+18
-5.192577697012273280e+17
-1.241621267097260288e+18
1.254130122615411200e+17
1.060082300926101888e+18
1.200782798413470080e+17
4.780394694210484000e+16
-7.782342275422827520e+17
-4.025006834526687360e+17
9.302282688525505280e+17
6.411528960288727040e+17
-8.195028777776852480e+17
1.328598340904580352e+18
-1.385005018280383200e+17
9.730815763738383360e+17
-7.736468543688627200e+16
1.796022633035473920e+18
5.552222457173753600e+16
1.256131124202405440e+17
2.297389138880144640e+17
5.842499844731859200e+16
1.027854928390867968e+18
-7.412300942639928000e+16
-3.500429310909824640e+17
-1.701289793743864000e+17
-1.867723408425632000e+16
6.314058043148604160e+17
2.124627199780385600e+17
-2.181143071968817920e+17
5.800391044562949120e+17
-4.254644926214792320e+17
-2.965204667847452800e+17
-8.583625301063928320e+17
-1.247274621969536256e+18
-3.600154934864906880e+17
8.459502164811274240e+17
-2.450951627884113920e+17
-6.316035371829150720e+17
-8.655452325750182400e+17
8.226826158476806400e+17
-8.595576049383639040e+17
2.235125595736027520e+17
-5.093025363371272320e+17
-6.918906810083816960e+17
1.488210092162756800e+17
-7.547036335037272320e+17
-4.186698944033620480e+17
2.378497731572158720e+17
-3.852797151297760640e+17
1.584321488147488320e+17
2.163747372387684800e+17
3.936167607344220800e+17
3.984799758584323840e+17
-3.817725342992315520e+17
-1.273248604074941184e+18
-1.092962496909091200e+18
-4.099797914451527040e+17
-1.803443074895571200e+16
1.622829578786107392e+18
-1.098435780644536064e+18
-1.073226337452696960e+18
-4.933618718695836000e+16
-1.639106862205191040e+17
-8.531339673304838400e+17
-3.665088148769700480e+17
-2.207159550039156800e+17
7.110731161954822400e+17
-1.738325275959423360e+17
-1.064064493248284800e+18
4.019523771662168320e+17
-3.226861879585180160e+17
2.502876916092724480e+17
4.230652495635449600e+17
8.252203273225052160e+17
8.777193946567141120e+17
-7.476980992139788800e+17
4.727356670889155200e+17
-8.761953931025181440e+17
-5.144875836065251200e+17
-2.647976935198131520e+17
7.259003488601758720e+17
-9.670621984186272000e+17
7.697033138788753920e+17
1.169374424234678784e+18
-1.008138256975545088e+18
4.323345260122599680e+17
-6.186593571084940800e+16
3.407448877406256640e+17
1.121118146854561408e+18
-1.340114577059209760e+17
1.756469729890109760e+17
-9.797427845127104000e+15
-1.902627748353564800e+17
-4.371548668116784000e+17
6.168182603423080960e+17
4.801900591682048000e+17
1.244022655681984480e+17
4.502482086483484160e+17
6.562850504785376000e+17
-4.453178950018119680e+17
-1.196339186721865728e+18
-1.233879467768840704e+18
1.551884439384911360e+18
7.237125341643713280e+17
-4.226156401421589120e+17
-2.925309592578569600e+17
9.300544153299614720e+17
9.678967459298150400e+17
-1.052135304560179840e+18
-5.757020944879859200e+17
-3.550074564882903040e+17
6.948658668281847040e+17
-9.408644028903816960e+17
3.564957363775777280e+17
-9.756287613125086400e+16
1.603452385528890560e+17
-1.060873475633537408e+18
1.408855220061169152e+18
-6.788611599564165120e+17
-1.651001183330682880e+18
8.677942588436998400e+16
-8.369987017311895040e+17
-1.210430891956269600e+17
4.177943051179439360e+17
-1.728968950799395200e+17
1.768335478918472704e+18
-8.030973770379296000e+17
-4.206733319606360320e+17
1.766070275517181440e+17
-3.965369955206528640e+17
3.938256797014424960e+17
3.951491434377366400e+17
6.587406102137268480e+17
-9.675405071727427200e+16
2.180948002089640320e+17
3.698129817791561600e+16
1.297275278318166016e+18
9.750598638395827200e+17
9.299292427592334080e+17
9.445357419975929600e+16
1.409764322359592448e+18
-2.847844217303584000e+16
-1.372227633951663616e+18
-5.686877293964392960e+17
3.544355490481051520e+17
-7.819085460414718720e+17
-3.101504406821658240e+17
-6.723691166526461440e+17
-9.629772395293665280e+17
8.616491958334852800e+16
1.352946478277516160e+17
-2.551088842086561920e+17
-9.701207435432878080e+17
1.652874433305785600e+17
1.224650837716418560e+18
-5.148101382426061440e+17
2.966430064102443520e+17
-8.484069459023200000e+15
-8.090804054381621760e+17
9.850956504810453760e+17
2.611252287738314880e+17
-9.904783846935763200e+17
7.633800393818245120e+17
2.512973823929054400e+17
1.515637854768690880e+17
4.858127640542165760e+17
8.369047697979111680e+17
8.383928644321505280e+17
1.105634435626251520e+18
7.135406959562288640e+17
9.905749882486476800e+16
5.832048509482819200e+16
8.394022256331124480e+17
3.771595826193749120e+17
3.489183202768291200e+17
1.278085286229235200e+18
3.516439423881949440e+17
9.213695855593786880e+17
-1.217450682311496160e+17
6.331668498466369280e+17
-1.635608150019350272e+18
-1.069955399678569216e+18
2.761911797807846400e+17
2.577840586702896000e+17
1.403017032591513280e+17
-3.832574428191915200e+16
1.350544670964978880e+17
6.390605984543132160e+17
-3.773159007249474560e+17
8.872008946368647680e+17
-2.754226151839878400e+17
-3.899098428133434240e+17
6.555065135024256000e+15
-1.581024959184042880e+17
-5.525881137309080960e+17
1.649052949395590400e+17
3.143250732199745280e+17
1.945506218821582400e+17
-8.766635569540634880e+17
4.418209157174473600e+17
2.515556074977491200e+16
-9.880005640495344000e+16
-1.820863279496796160e+17
1.412119298664452800e+16
-1.319112869527988800e+17
-3.610630099670762880e+17
-7.544657948693912320e+17
-1.266928974538306048e+18
7.240778941589451520e+17
-2.481697025772784640e+17
-9.349316489592293120e+17
-2.599688912746872000e+17
-4.480722995051749120e+17
-1.397175867039822592e+18
-2.121665348023459840e+17
5.580315827942929280e+17
9.854209607812755200e+17
1.735673760455280640e+17
-6.638614465941480960e+17
1.145949796187190272e+18
-7.462695314244394240e+17
1.487765048259703552e+18
1.009691682338643456e+18
5.378697937025555840e+17
4.042554950804922880e+17
1.494416234746504192e+18
1.648314571359461632e+18
-1.666982544983127040e+17
-3.332083213098867840e+17
2.204862473984053120e+17
-1.078348372345677600e+17
-6.772000161945839360e+17
-3.360187225810606080e+17
1.229768553523237888e+18
-1.180519568062368256e+18
4.521967585066471680e+17
-1.232301211450343424e+18
-3.092238022913690880e+17
4.414871957210792320e+17
5.105418033152865920e+17
-7.495444962598064640e+17
5.105250011508976640e+17
1.452051762449401280e+17
-1.425471410229433600e+16
1.891094600092808000e+17
-7.752190377897690880e+17
4.790370816018350080e+17
7.350650642551139200e+16
1.011893556740957952e+18
-2.002393590501369920e+17
-1.082997376464513280e+18
7.327103147335110400e+17
