1.000000000000000021e-02
2.000000000000000042e-02
2.999999999999999889e-02
4.000000000000000083e-02
5.000000000000000278e-02
5.999999999999999778e-02
7.000000000000000666e-02
8.000000000000000167e-02
9.000000000000001055e-02
1.000000000000000056e-01
1.099999999999999867e-01
1.199999999999999956e-01
1.300000000000000044e-01
1.400000000000000133e-01
1.499999999999999944e-01
1.600000000000000033e-01
1.700000000000000122e-01
1.800000000000000211e-01
1.900000000000000022e-01
2.000000000000000111e-01
2.100000000000000200e-01
2.199999999999999734e-01
2.299999999999999822e-01
2.399999999999999911e-01
2.500000000000000000e-01
2.600000000000000089e-01
2.700000000000000178e-01
2.800000000000000266e-01
2.900000000000000355e-01
2.999999999999999889e-01
3.099999999999999978e-01
3.200000000000000067e-01
3.300000000000000155e-01
3.400000000000000244e-01
3.500000000000000333e-01
3.600000000000000422e-01
3.699999999999999956e-01
3.800000000000000044e-01
3.900000000000000133e-01
4.000000000000000222e-01
4.100000000000000311e-01
4.200000000000000400e-01
4.300000000000000488e-01
4.399999999999999467e-01
4.499999999999999556e-01
4.599999999999999645e-01
4.699999999999999734e-01
4.799999999999999822e-01
4.899999999999999911e-01
5.000000000000000000e-01
5.100000000000000089e-01
5.200000000000000178e-01
5.300000000000000266e-01
5.400000000000000355e-01
5.500000000000000444e-01
5.600000000000000533e-01
5.700000000000000622e-01
5.800000000000000711e-01
5.900000000000000799e-01
5.999999999999999778e-01
6.099999999999999867e-01
6.199999999999999956e-01
6.300000000000000044e-01
6.400000000000000133e-01
6.500000000000000222e-01
6.600000000000000311e-01
6.700000000000000400e-01
6.800000000000000488e-01
6.900000000000000577e-01
7.000000000000000666e-01
7.100000000000000755e-01
7.200000000000000844e-01
7.299999999999999822e-01
7.399999999999999911e-01
7.500000000000000000e-01
7.600000000000000089e-01
7.700000000000000178e-01
7.800000000000000266e-01
7.900000000000000355e-01
8.000000000000000444e-01
8.100000000000000533e-01
8.200000000000000622e-01
8.300000000000000711e-01
8.400000000000000799e-01
8.500000000000000888e-01
8.600000000000000977e-01
8.700000000000001066e-01
8.799999999999998934e-01
8.899999999999999023e-01
8.999999999999999112e-01
9.099999999999999201e-01
9.199999999999999289e-01
9.299999999999999378e-01
9.399999999999999467e-01
9.499999999999999556e-01
9.599999999999999645e-01
9.699999999999999734e-01
9.799999999999999822e-01
9.899999999999999911e-01
1.000000000000000000e+00
1.010000000000000009e+00
1.020000000000000018e+00
1.030000000000000027e+00
1.040000000000000036e+00
1.050000000000000044e+00
1.060000000000000053e+00
1.070000000000000062e+00
1.080000000000000071e+00
1.090000000000000080e+00
1.100000000000000089e+00
1.110000000000000098e+00
1.120000000000000107e+00
1.130000000000000115e+00
1.140000000000000124e+00
1.150000000000000133e+00
1.160000000000000142e+00
1.170000000000000151e+00
1.180000000000000160e+00
1.190000000000000169e+00
1.199999999999999956e+00
1.209999999999999964e+00
1.219999999999999973e+00
1.229999999999999982e+00
1.239999999999999991e+00
1.250000000000000000e+00
1.260000000000000009e+00
1.270000000000000018e+00
1.280000000000000027e+00
1.290000000000000036e+00
1.300000000000000044e+00
1.310000000000000053e+00
1.320000000000000062e+00
1.330000000000000071e+00
1.340000000000000080e+00
1.350000000000000089e+00
1.360000000000000098e+00
1.370000000000000107e+00
1.380000000000000115e+00
1.390000000000000124e+00
1.400000000000000133e+00
1.410000000000000142e+00
1.420000000000000151e+00
1.430000000000000160e+00
1.440000000000000169e+00
1.449999999999999956e+00
1.459999999999999964e+00
1.469999999999999973e+00
1.479999999999999982e+00
1.489999999999999991e+00
1.500000000000000000e+00
1.510000000000000009e+00
1.520000000000000018e+00
1.530000000000000027e+00
1.540000000000000036e+00
1.550000000000000044e+00
1.560000000000000053e+00
1.570000000000000062e+00
1.580000000000000071e+00
1.590000000000000080e+00
1.600000000000000089e+00
1.610000000000000098e+00
1.620000000000000107e+00
1.630000000000000115e+00
1.640000000000000124e+00
1.650000000000000133e+00
1.660000000000000142e+00
1.670000000000000151e+00
1.680000000000000160e+00
1.690000000000000169e+00
1.700000000000000178e+00
1.710000000000000187e+00
1.720000000000000195e+00
1.730000000000000204e+00
1.740000000000000213e+00
1.750000000000000222e+00
1.759999999999999787e+00
1.770000000000000018e+00
1.779999999999999805e+00
1.790000000000000036e+00
1.799999999999999822e+00
1.810000000000000053e+00
1.819999999999999840e+00
1.830000000000000071e+00
1.839999999999999858e+00
1.850000000000000089e+00
1.859999999999999876e+00
1.870000000000000107e+00
1.879999999999999893e+00
1.890000000000000124e+00
1.899999999999999911e+00
1.910000000000000142e+00
1.919999999999999929e+00
1.930000000000000160e+00
1.939999999999999947e+00
1.950000000000000178e+00
1.959999999999999964e+00
1.970000000000000195e+00
1.979999999999999982e+00
1.990000000000000213e+00
2.000000000000000000e+00
2.010000000000000231e+00
2.020000000000000018e+00
2.030000000000000249e+00
2.040000000000000036e+00
2.050000000000000266e+00
2.060000000000000053e+00
2.070000000000000284e+00
2.080000000000000071e+00
2.089999999999999858e+00
2.100000000000000089e+00
2.109999999999999876e+00
2.120000000000000107e+00
2.129999999999999893e+00
2.140000000000000124e+00
2.149999999999999911e+00
2.160000000000000142e+00
2.169999999999999929e+00
2.180000000000000160e+00
2.189999999999999947e+00
2.200000000000000178e+00
2.209999999999999964e+00
2.220000000000000195e+00
2.229999999999999982e+00
2.240000000000000213e+00
2.250000000000000000e+00
2.260000000000000231e+00
2.270000000000000018e+00
2.280000000000000249e+00
2.290000000000000036e+00
2.300000000000000266e+00
2.310000000000000053e+00
2.320000000000000284e+00
2.330000000000000071e+00
2.340000000000000302e+00
2.350000000000000089e+00
2.360000000000000320e+00
2.370000000000000107e+00
2.380000000000000338e+00
2.390000000000000124e+00
2.399999999999999911e+00
2.410000000000000142e+00
2.419999999999999929e+00
2.429999999999999716e+00
2.439999999999999947e+00
2.450000000000000178e+00
2.459999999999999964e+00
2.469999999999999751e+00
2.479999999999999982e+00
2.490000000000000213e+00
2.500000000000000000e+00
2.509999999999999787e+00
2.520000000000000018e+00
2.530000000000000249e+00
2.540000000000000036e+00
2.549999999999999822e+00
2.560000000000000053e+00
2.570000000000000284e+00
2.580000000000000071e+00
2.589999999999999858e+00
2.600000000000000089e+00
2.610000000000000320e+00
2.620000000000000107e+00
2.629999999999999893e+00
2.640000000000000124e+00
2.650000000000000355e+00
2.660000000000000142e+00
2.669999999999999929e+00
2.680000000000000160e+00
2.690000000000000391e+00
2.700000000000000178e+00
2.709999999999999964e+00
2.720000000000000195e+00
2.730000000000000426e+00
2.740000000000000213e+00
2.750000000000000000e+00
2.760000000000000231e+00
2.770000000000000462e+00
2.780000000000000249e+00
2.790000000000000036e+00
2.800000000000000266e+00
2.810000000000000497e+00
2.820000000000000284e+00
2.830000000000000071e+00
2.840000000000000302e+00
2.850000000000000533e+00
2.860000000000000320e+00
2.870000000000000107e+00
2.880000000000000338e+00
2.889999999999999680e+00
2.899999999999999911e+00
2.909999999999999698e+00
2.919999999999999929e+00
2.929999999999999716e+00
2.939999999999999947e+00
2.949999999999999734e+00
2.959999999999999964e+00
2.969999999999999751e+00
2.979999999999999982e+00
2.989999999999999769e+00
3.000000000000000000e+00
3.009999999999999787e+00
3.020000000000000018e+00
3.029999999999999805e+00
3.040000000000000036e+00
3.049999999999999822e+00
3.060000000000000053e+00
3.069999999999999840e+00
3.080000000000000071e+00
3.089999999999999858e+00
3.100000000000000089e+00
3.109999999999999876e+00
3.120000000000000107e+00
3.129999999999999893e+00
3.140000000000000124e+00
3.149999999999999911e+00
3.160000000000000142e+00
3.169999999999999929e+00
3.180000000000000160e+00
3.189999999999999947e+00
3.200000000000000178e+00
3.209999999999999964e+00
3.220000000000000195e+00
3.229999999999999982e+00
3.240000000000000213e+00
3.250000000000000000e+00
3.260000000000000231e+00
3.270000000000000018e+00
3.280000000000000249e+00
3.290000000000000036e+00
3.300000000000000266e+00
3.310000000000000053e+00
3.320000000000000284e+00
3.330000000000000071e+00
3.340000000000000302e+00
3.350000000000000089e+00
3.360000000000000320e+00
3.370000000000000107e+00
3.380000000000000338e+00
3.390000000000000124e+00
3.400000000000000355e+00
3.410000000000000142e+00
3.420000000000000373e+00
3.430000000000000160e+00
3.440000000000000391e+00
3.450000000000000178e+00
3.460000000000000409e+00
3.470000000000000195e+00
3.480000000000000426e+00
3.490000000000000213e+00
3.500000000000000444e+00
3.510000000000000231e+00
3.519999999999999574e+00
3.529999999999999805e+00
3.540000000000000036e+00
3.549999999999999822e+00
3.559999999999999609e+00
3.569999999999999840e+00
3.580000000000000071e+00
3.589999999999999858e+00
3.599999999999999645e+00
3.609999999999999876e+00
3.620000000000000107e+00
3.629999999999999893e+00
3.639999999999999680e+00
3.649999999999999911e+00
3.660000000000000142e+00
3.669999999999999929e+00
3.679999999999999716e+00
3.689999999999999947e+00
3.700000000000000178e+00
3.709999999999999964e+00
3.719999999999999751e+00
3.729999999999999982e+00
3.740000000000000213e+00
3.750000000000000000e+00
3.759999999999999787e+00
3.770000000000000018e+00
3.780000000000000249e+00
3.790000000000000036e+00
3.799999999999999822e+00
3.810000000000000053e+00
3.820000000000000284e+00
3.830000000000000071e+00
3.839999999999999858e+00
3.850000000000000089e+00
3.860000000000000320e+00
3.870000000000000107e+00
3.879999999999999893e+00
3.890000000000000124e+00
3.900000000000000355e+00
3.910000000000000142e+00
3.919999999999999929e+00
3.930000000000000160e+00
3.940000000000000391e+00
3.950000000000000178e+00
3.959999999999999964e+00
3.970000000000000195e+00
3.980000000000000426e+00
3.990000000000000213e+00
4.000000000000000000e+00
4.009999999999999787e+00
4.020000000000000462e+00
4.030000000000000249e+00
4.040000000000000036e+00
4.050000000000000711e+00
4.060000000000000497e+00
4.070000000000000284e+00
4.080000000000000071e+00
4.089999999999999858e+00
4.100000000000000533e+00
4.110000000000000320e+00
4.120000000000000107e+00
4.130000000000000782e+00
4.140000000000000568e+00
4.150000000000000355e+00
4.160000000000000142e+00
4.169999999999999929e+00
4.179999999999999716e+00
4.189999999999999503e+00
4.200000000000000178e+00
4.209999999999999964e+00
4.219999999999999751e+00
4.229999999999999538e+00
4.240000000000000213e+00
4.250000000000000000e+00
4.259999999999999787e+00
4.269999999999999574e+00
4.280000000000000249e+00
4.290000000000000036e+00
4.299999999999999822e+00
4.309999999999999609e+00
4.320000000000000284e+00
4.330000000000000071e+00
4.339999999999999858e+00
4.349999999999999645e+00
4.360000000000000320e+00
4.370000000000000107e+00
4.379999999999999893e+00
4.389999999999999680e+00
4.400000000000000355e+00
4.410000000000000142e+00
4.419999999999999929e+00
4.429999999999999716e+00
4.440000000000000391e+00
4.450000000000000178e+00
4.459999999999999964e+00
4.469999999999999751e+00
4.480000000000000426e+00
4.490000000000000213e+00
4.500000000000000000e+00
4.509999999999999787e+00
4.520000000000000462e+00
4.530000000000000249e+00
4.540000000000000036e+00
4.549999999999999822e+00
4.560000000000000497e+00
4.570000000000000284e+00
4.580000000000000071e+00
4.589999999999999858e+00
4.600000000000000533e+00
4.610000000000000320e+00
4.620000000000000107e+00
4.629999999999999893e+00
4.640000000000000568e+00
4.650000000000000355e+00
4.660000000000000142e+00
4.669999999999999929e+00
4.680000000000000604e+00
4.690000000000000391e+00
4.700000000000000178e+00
4.709999999999999964e+00
4.720000000000000639e+00
4.730000000000000426e+00
4.740000000000000213e+00
4.750000000000000000e+00
4.760000000000000675e+00
4.770000000000000462e+00
4.780000000000000249e+00
4.790000000000000036e+00
4.799999999999999822e+00
4.809999999999999609e+00
4.820000000000000284e+00
4.830000000000000071e+00
4.839999999999999858e+00
4.849999999999999645e+00
4.859999999999999432e+00
4.870000000000000107e+00
4.879999999999999893e+00
4.889999999999999680e+00
4.900000000000000355e+00
4.910000000000000142e+00
4.919999999999999929e+00
4.929999999999999716e+00
4.939999999999999503e+00
4.950000000000000178e+00
4.959999999999999964e+00
4.969999999999999751e+00
4.980000000000000426e+00
4.990000000000000213e+00
5.000000000000000000e+00
5.009999999999999787e+00
5.019999999999999574e+00
5.030000000000000249e+00
5.040000000000000036e+00
5.049999999999999822e+00
5.060000000000000497e+00
5.070000000000000284e+00
5.080000000000000071e+00
5.089999999999999858e+00
5.099999999999999645e+00
5.110000000000000320e+00
5.120000000000000107e+00
5.129999999999999893e+00
5.140000000000000568e+00
5.150000000000000355e+00
5.160000000000000142e+00
5.169999999999999929e+00
5.179999999999999716e+00
5.190000000000000391e+00
5.200000000000000178e+00
5.209999999999999964e+00
5.220000000000000639e+00
5.230000000000000426e+00
5.240000000000000213e+00
5.250000000000000000e+00
5.259999999999999787e+00
5.270000000000000462e+00
5.280000000000000249e+00
5.290000000000000036e+00
5.300000000000000711e+00
5.310000000000000497e+00
5.320000000000000284e+00
5.330000000000000071e+00
5.339999999999999858e+00
5.350000000000000533e+00
5.360000000000000320e+00
5.370000000000000107e+00
5.380000000000000782e+00
5.390000000000000568e+00
5.400000000000000355e+00
5.410000000000000142e+00
5.419999999999999929e+00
5.430000000000000604e+00
5.440000000000000391e+00
5.450000000000000178e+00
5.460000000000000853e+00
5.470000000000000639e+00
5.480000000000000426e+00
5.490000000000000213e+00
5.500000000000000000e+00
5.510000000000000675e+00
5.520000000000000462e+00
5.530000000000000249e+00
5.540000000000000924e+00
5.550000000000000711e+00
5.560000000000000497e+00
5.570000000000000284e+00
5.580000000000000071e+00
5.590000000000000746e+00
5.600000000000000533e+00
5.610000000000000320e+00
5.620000000000000995e+00
5.630000000000000782e+00
5.640000000000000568e+00
5.650000000000000355e+00
5.660000000000000142e+00
5.670000000000000817e+00
5.680000000000000604e+00
5.690000000000000391e+00
5.700000000000001066e+00
5.710000000000000853e+00
5.720000000000000639e+00
5.730000000000000426e+00
5.740000000000000213e+00
5.750000000000000888e+00
5.760000000000000675e+00
5.769999999999999574e+00
5.779999999999999361e+00
5.789999999999999147e+00
5.799999999999999822e+00
5.809999999999999609e+00
5.819999999999999396e+00
5.830000000000000071e+00
5.839999999999999858e+00
5.849999999999999645e+00
5.859999999999999432e+00
5.869999999999999218e+00
5.879999999999999893e+00
5.889999999999999680e+00
5.899999999999999467e+00
5.910000000000000142e+00
5.919999999999999929e+00
5.929999999999999716e+00
5.939999999999999503e+00
5.949999999999999289e+00
5.959999999999999964e+00
5.969999999999999751e+00
5.979999999999999538e+00
5.990000000000000213e+00
6.000000000000000000e+00
6.009999999999999787e+00
6.019999999999999574e+00
6.029999999999999361e+00
6.040000000000000036e+00
6.049999999999999822e+00
6.059999999999999609e+00
6.070000000000000284e+00
6.080000000000000071e+00
6.089999999999999858e+00
6.099999999999999645e+00
6.109999999999999432e+00
6.120000000000000107e+00
6.129999999999999893e+00
6.139999999999999680e+00
6.150000000000000355e+00
6.160000000000000142e+00
6.169999999999999929e+00
6.179999999999999716e+00
6.189999999999999503e+00
6.200000000000000178e+00
6.209999999999999964e+00
6.219999999999999751e+00
6.230000000000000426e+00
6.240000000000000213e+00
6.250000000000000000e+00
6.259999999999999787e+00
6.269999999999999574e+00
6.280000000000000249e+00
6.290000000000000036e+00
6.299999999999999822e+00
6.310000000000000497e+00
6.320000000000000284e+00
6.330000000000000071e+00
6.339999999999999858e+00
6.349999999999999645e+00
6.360000000000000320e+00
6.370000000000000107e+00
6.379999999999999893e+00
6.390000000000000568e+00
6.400000000000000355e+00
6.410000000000000142e+00
6.419999999999999929e+00
6.429999999999999716e+00
6.440000000000000391e+00
6.450000000000000178e+00
6.459999999999999964e+00
6.470000000000000639e+00
6.480000000000000426e+00
6.490000000000000213e+00
6.500000000000000000e+00
6.509999999999999787e+00
6.520000000000000462e+00
6.530000000000000249e+00
6.540000000000000036e+00
6.550000000000000711e+00
6.560000000000000497e+00
6.570000000000000284e+00
6.580000000000000071e+00
6.589999999999999858e+00
6.600000000000000533e+00
6.610000000000000320e+00
6.620000000000000107e+00
6.630000000000000782e+00
6.640000000000000568e+00
6.650000000000000355e+00
6.660000000000000142e+00
6.669999999999999929e+00
6.680000000000000604e+00
6.690000000000000391e+00
6.700000000000000178e+00
6.710000000000000853e+00
6.720000000000000639e+00
6.730000000000000426e+00
6.740000000000000213e+00
6.750000000000000000e+00
6.760000000000000675e+00
6.770000000000000462e+00
6.780000000000000249e+00
6.790000000000000924e+00
6.800000000000000711e+00
6.810000000000000497e+00
6.820000000000000284e+00
6.830000000000000071e+00
6.840000000000000746e+00
6.850000000000000533e+00
6.860000000000000320e+00
6.870000000000000995e+00
6.880000000000000782e+00
6.890000000000000568e+00
6.900000000000000355e+00
6.910000000000000142e+00
6.920000000000000817e+00
6.930000000000000604e+00
6.940000000000000391e+00
6.950000000000001066e+00
6.960000000000000853e+00
6.970000000000000639e+00
6.980000000000000426e+00
6.990000000000000213e+00
7.000000000000000888e+00
7.010000000000000675e+00
7.020000000000000462e+00
7.030000000000001137e+00
7.039999999999999147e+00
7.049999999999999822e+00
7.059999999999999609e+00
7.069999999999999396e+00
7.080000000000000071e+00
7.089999999999999858e+00
7.099999999999999645e+00
7.109999999999999432e+00
7.119999999999999218e+00
7.129999999999999893e+00
7.139999999999999680e+00
7.149999999999999467e+00
7.160000000000000142e+00
7.169999999999999929e+00
7.179999999999999716e+00
7.189999999999999503e+00
7.199999999999999289e+00
7.209999999999999964e+00
7.219999999999999751e+00
7.229999999999999538e+00
7.240000000000000213e+00
7.250000000000000000e+00
7.259999999999999787e+00
7.269999999999999574e+00
7.279999999999999361e+00
7.290000000000000036e+00
7.299999999999999822e+00
7.309999999999999609e+00
7.320000000000000284e+00
7.330000000000000071e+00
7.339999999999999858e+00
7.349999999999999645e+00
7.359999999999999432e+00
7.370000000000000107e+00
7.379999999999999893e+00
7.389999999999999680e+00
7.400000000000000355e+00
7.410000000000000142e+00
7.419999999999999929e+00
7.429999999999999716e+00
7.439999999999999503e+00
7.450000000000000178e+00
7.459999999999999964e+00
7.469999999999999751e+00
7.480000000000000426e+00
7.490000000000000213e+00
7.500000000000000000e+00
7.509999999999999787e+00
7.519999999999999574e+00
7.530000000000000249e+00
7.540000000000000036e+00
7.549999999999999822e+00
7.560000000000000497e+00
7.570000000000000284e+00
7.580000000000000071e+00
7.589999999999999858e+00
7.599999999999999645e+00
7.610000000000000320e+00
7.620000000000000107e+00
7.629999999999999893e+00
7.640000000000000568e+00
7.650000000000000355e+00
7.660000000000000142e+00
7.669999999999999929e+00
7.679999999999999716e+00
7.690000000000000391e+00
7.700000000000000178e+00
7.709999999999999964e+00
7.720000000000000639e+00
7.730000000000000426e+00
7.740000000000000213e+00
7.750000000000000000e+00
7.759999999999999787e+00
7.770000000000000462e+00
7.780000000000000249e+00
7.790000000000000036e+00
7.800000000000000711e+00
7.810000000000000497e+00
7.820000000000000284e+00
7.830000000000000071e+00
7.839999999999999858e+00
7.850000000000000533e+00
7.860000000000000320e+00
7.870000000000000107e+00
7.880000000000000782e+00
7.890000000000000568e+00
7.900000000000000355e+00
7.910000000000000142e+00
7.919999999999999929e+00
7.930000000000000604e+00
7.940000000000000391e+00
7.950000000000000178e+00
7.960000000000000853e+00
7.970000000000000639e+00
7.980000000000000426e+00
7.990000000000000213e+00
8.000000000000000000e+00
8.009999999999999787e+00
8.019999999999999574e+00
8.030000000000001137e+00
8.040000000000000924e+00
8.050000000000000711e+00
8.060000000000000497e+00
8.070000000000000284e+00
8.080000000000000071e+00
8.089999999999999858e+00
8.100000000000001421e+00
8.110000000000001208e+00
8.120000000000000995e+00
8.130000000000000782e+00
8.140000000000000568e+00
8.150000000000000355e+00
8.160000000000000142e+00
8.169999999999999929e+00
8.179999999999999716e+00
8.190000000000001279e+00
8.200000000000001066e+00
8.210000000000000853e+00
8.220000000000000639e+00
8.230000000000000426e+00
8.240000000000000213e+00
8.250000000000000000e+00
8.260000000000001563e+00
8.270000000000001350e+00
8.280000000000001137e+00
8.290000000000000924e+00
8.300000000000000711e+00
8.310000000000000497e+00
8.320000000000000284e+00
8.330000000000000071e+00
8.339999999999999858e+00
8.349999999999999645e+00
8.359999999999999432e+00
8.369999999999999218e+00
8.379999999999999005e+00
8.390000000000000568e+00
8.400000000000000355e+00
8.410000000000000142e+00
8.419999999999999929e+00
8.429999999999999716e+00
8.439999999999999503e+00
8.449999999999999289e+00
8.459999999999999076e+00
8.469999999999998863e+00
8.480000000000000426e+00
8.490000000000000213e+00
8.500000000000000000e+00
8.509999999999999787e+00
8.519999999999999574e+00
8.529999999999999361e+00
8.539999999999999147e+00
8.550000000000000711e+00
8.560000000000000497e+00
8.570000000000000284e+00
8.580000000000000071e+00
8.589999999999999858e+00
8.599999999999999645e+00
8.609999999999999432e+00
8.619999999999999218e+00
8.629999999999999005e+00
8.640000000000000568e+00
8.650000000000000355e+00
8.660000000000000142e+00
8.669999999999999929e+00
8.679999999999999716e+00
8.689999999999999503e+00
8.699999999999999289e+00
8.710000000000000853e+00
8.720000000000000639e+00
8.730000000000000426e+00
8.740000000000000213e+00
8.750000000000000000e+00
8.759999999999999787e+00
8.769999999999999574e+00
8.779999999999999361e+00
8.789999999999999147e+00
8.800000000000000711e+00
8.810000000000000497e+00
8.820000000000000284e+00
8.830000000000000071e+00
8.839999999999999858e+00
8.849999999999999645e+00
8.859999999999999432e+00
8.870000000000000995e+00
8.880000000000000782e+00
8.890000000000000568e+00
8.900000000000000355e+00
8.910000000000000142e+00
8.919999999999999929e+00
8.929999999999999716e+00
8.939999999999999503e+00
8.949999999999999289e+00
8.960000000000000853e+00
8.970000000000000639e+00
8.980000000000000426e+00
8.990000000000000213e+00
9.000000000000000000e+00
9.009999999999999787e+00
9.019999999999999574e+00
9.030000000000001137e+00
9.040000000000000924e+00
9.050000000000000711e+00
9.060000000000000497e+00
9.070000000000000284e+00
9.080000000000000071e+00
9.089999999999999858e+00
9.099999999999999645e+00
9.109999999999999432e+00
9.120000000000000995e+00
9.130000000000000782e+00
9.140000000000000568e+00
9.150000000000000355e+00
9.160000000000000142e+00
9.169999999999999929e+00
9.179999999999999716e+00
9.190000000000001279e+00
9.200000000000001066e+00
9.210000000000000853e+00
9.220000000000000639e+00
9.230000000000000426e+00
9.240000000000000213e+00
9.250000000000000000e+00
9.259999999999999787e+00
9.269999999999999574e+00
9.280000000000001137e+00
9.290000000000000924e+00
9.300000000000000711e+00
9.310000000000000497e+00
9.320000000000000284e+00
9.330000000000000071e+00
9.339999999999999858e+00
9.350000000000001421e+00
9.360000000000001208e+00
9.370000000000000995e+00
9.380000000000000782e+00
9.390000000000000568e+00
9.400000000000000355e+00
9.410000000000000142e+00
9.419999999999999929e+00
9.429999999999999716e+00
9.440000000000001279e+00
9.450000000000001066e+00
9.460000000000000853e+00
9.470000000000000639e+00
9.480000000000000426e+00
9.490000000000000213e+00
9.500000000000000000e+00
9.510000000000001563e+00
9.520000000000001350e+00
9.530000000000001137e+00
9.540000000000000924e+00
9.550000000000000711e+00
9.560000000000000497e+00
9.570000000000000284e+00
9.580000000000000071e+00
9.589999999999999858e+00
9.599999999999999645e+00
9.609999999999999432e+00
9.619999999999999218e+00
9.629999999999999005e+00
9.640000000000000568e+00
9.650000000000000355e+00
9.660000000000000142e+00
9.669999999999999929e+00
9.679999999999999716e+00
9.689999999999999503e+00
9.699999999999999289e+00
9.709999999999999076e+00
9.719999999999998863e+00
9.730000000000000426e+00
9.740000000000000213e+00
9.750000000000000000e+00
9.759999999999999787e+00
9.769999999999999574e+00
9.779999999999999361e+00
9.789999999999999147e+00
9.800000000000000711e+00
9.810000000000000497e+00
9.820000000000000284e+00
9.830000000000000071e+00
9.839999999999999858e+00
9.849999999999999645e+00
9.859999999999999432e+00
9.869999999999999218e+00
9.879999999999999005e+00
9.890000000000000568e+00
9.900000000000000355e+00
9.910000000000000142e+00
9.919999999999999929e+00
9.929999999999999716e+00
9.939999999999999503e+00
9.949999999999999289e+00
9.960000000000000853e+00
9.970000000000000639e+00
9.980000000000000426e+00
9.990000000000000213e+00
0.000000000000000000e+00
1.231641232315337295e-06
6.458015567658770849e-07
4.646280951583335101e-07
3.863847734915956870e-07
3.514303414688399200e-07
3.405830241332500956e-07
3.463438919295973209e-07
3.657016659615417998e-07
3.976866572466572708e-07
4.422983281235915366e-07
4.998823677761781750e-07
5.706343993261607742e-07
6.541050639589889546e-07
7.488416476164094003e-07
8.526225785470720600e-07
9.635146038361789593e-07
1.081010279377443198e-06
1.205674874609610321e-06
1.336231603442357649e-06
1.464800194336633554e-06
1.573259424437327156e-06
1.636381544573972483e-06
1.635358532129291290e-06
1.572749075472555688e-06
1.472279869245499371e-06
1.363591969361188552e-06
1.268621405264208689e-06
1.198214643997372707e-06
1.154953734597957663e-06
1.136644055941743815e-06
1.138409893896597050e-06
1.153708810970575294e-06
1.175322588332051510e-06
1.197050112817662104e-06
1.215529591154669836e-06
1.230787573551998728e-06
1.245007588801534084e-06
1.260644695675662382e-06
1.279426655313816606e-06
1.302569559187373467e-06
1.331429389182559170e-06
1.367576249514307573e-06
1.412040585910391159e-06
1.464176340328337536e-06
1.520721299139007187e-06
1.575667212999053628e-06
1.621087410319682193e-06
1.648737680170387964e-06
1.652256805086699702e-06
1.629456329682092450e-06
1.583528380928736044e-06
1.522069265186788557e-06
1.454275335736858937e-06
1.388159225971090562e-06
1.329157007865358420e-06
1.279948410486920145e-06
1.240878996225514359e-06
1.210581839186207890e-06
1.186726536824007965e-06
1.166946766447922906e-06
1.149673434623907700e-06
1.134617942265910725e-06
1.122708575537640126e-06
1.115427369930572433e-06
1.113890025067636178e-06
1.118213405172109017e-06
1.127606480372916856e-06
1.140848495453390262e-06
1.156285361977397876e-06
1.171241698408168835e-06
1.181687926528581470e-06
1.183228262135633675e-06
1.173366872774223861e-06
1.153280634835683644e-06
1.127261271431868432e-06
1.100086655888355703e-06
1.074512339902634538e-06
1.050425898923473289e-06
1.025670486704807924e-06
9.977756244419666377e-07
9.655457594836462656e-07
9.297299389565522307e-07
8.925777608928362969e-07
8.567791931850161466e-07
8.245201839631641847e-07
7.970668420809626473e-07
7.748535540347427054e-07
7.577666805143572788e-07
7.453590450909636907e-07
7.368930243868772039e-07
7.313513617168628906e-07
7.277073390959154482e-07
7.254669920051138468e-07
7.250438501113833261e-07
7.276326619325106709e-07
7.347179791520531392e-07
7.475242243646071678e-07
7.665537884747097370e-07
7.912036056591411262e-07
8.194696892937592866e-07
8.479395739753903556e-07
8.722968645729980443e-07
8.882924560451790275e-07
8.928504783636710462e-07
8.848933325927983852e-07
8.656032168207892607e-07
8.380452545143972914e-07
8.063590046556524859e-07
7.747845994993851224e-07
7.468546563049233337e-07
7.250110747351237847e-07
7.106203645185357728e-07
7.042019930332208400e-07
7.057077525948997557e-07
7.147264721876291355e-07
7.305948839334043783e-07
7.524298431657447945e-07
7.789919241761581903e-07
8.083860770821306023e-07
8.377469636238200080e-07
8.632961476580295695e-07
8.811670252489617798e-07
8.887166971663839151e-07
8.854347323267144989e-07
8.728414218484315498e-07
8.537079743503283755e-07
8.313318059655199954e-07
8.090842924534401304e-07
7.900540193282601322e-07
7.766213984169165162e-07
7.699915816619365474e-07
7.699061873962824872e-07
7.746602984140456381e-07
7.814856957015188736e-07
7.872733905137846657e-07
7.893996168047431312e-07
7.863288387407456593e-07
7.777861681381040646e-07
7.645453422646958814e-07
7.480404787095787239e-07
7.299666254161410970e-07
7.119000288426975260e-07
6.949266877767951115e-07
6.794089909355205827e-07
6.651256332154311984e-07
6.517854248334020818e-07
6.395430372556355228e-07
6.291143846625298164e-07
6.213481656085970927e-07
6.165350352343940039e-07
6.139937354048110252e-07
6.122469864103184482e-07
6.097301243811055018e-07
6.056207237679640841e-07
6.002403104021566251e-07
5.948596477596933263e-07
5.911804433637960411e-07
5.908850409439314778e-07
5.954260159255144432e-07
6.059172118107379657e-07
6.229344184319673402e-07
6.462082331700819494e-07
6.744061768476703533e-07
7.052314697693670713e-07
7.359581635288104913e-07
7.641959817464670083e-07
7.883157153971283017e-07
8.071824701768943794e-07
8.195076694401518026e-07
8.235380015170774327e-07
8.177100590557471395e-07
8.020017339276697904e-07
7.786818524746138188e-07
7.515900167631786184e-07
7.245462653683800452e-07
7.001035422372681294e-07
6.792482606115367565e-07
6.618911840670555352e-07
6.477135860476707026e-07
6.368704523954935100e-07
6.301427250172904720e-07
6.285279873026445354e-07
6.325916409037548745e-07
6.419193586970150154e-07
6.548917570500029265e-07
6.689310055694740027e-07
6.812060814448872949e-07
6.895440008735077796e-07
6.931437649918398143e-07
6.927374854332988342e-07
6.900701919293831208e-07
6.869281964898749850e-07
6.842795596690692326e-07
6.819789218368539138e-07
6.790402759041393421e-07
6.742276652572681753e-07
6.667154618798590502e-07
6.565664993172600166e-07
6.447895323066193509e-07
6.329779850264834285e-07
6.227919956668576748e-07
6.155850870942547435e-07
6.122861578201773654e-07
6.134475708337041463e-07
6.193498001170909358e-07
6.301153721613466217e-07
6.458169272935322982e-07
6.664637306072542564e-07
6.917633438021368116e-07
7.206613225181204456e-07
7.508419594544437951e-07
7.787376114913599083e-07
8.004932496595325396e-07
8.136778537493856770e-07
8.185719762051751745e-07
8.179292443512959331e-07
8.154649274417492846e-07
8.142423154759888387e-07
8.158390237722772948e-07
8.203049033099987107e-07
8.266000168407420421e-07
8.331795299422052373e-07
8.386749035911436880e-07
8.426080312842583314e-07
8.457486666228476166e-07
8.497654103300218151e-07
8.563076395351119341e-07
8.660786780113300243e-07
8.783869635401343426e-07
8.913899703375691922e-07
9.029967723589253569e-07
9.119868335748229240e-07
9.185701784563786087e-07
9.240194402779752146e-07
9.296515401614031250e-07
9.357953534294132850e-07
9.412295199443918874e-07
9.432106663328665517e-07
9.382453742773539788e-07
9.236518223269168997e-07
8.992128457608781691e-07
8.678087127228626020e-07
8.345193819707895584e-07
8.048072568636563563e-07
7.829664110316855769e-07
7.714510640859880164e-07
7.708287384810321837e-07
7.798442235513090158e-07
7.953981113445647100e-07
8.127267595627818670e-07
8.263471427936342367e-07
8.319510695198398908e-07
8.282922846836191565e-07
8.176082195911991112e-07
8.043241520187832917e-07
7.931190490618214826e-07
7.874767322928181898e-07
7.890762715553115128e-07
7.977622516089334458e-07
8.117564624106952947e-07
8.280451626803233963e-07
8.430534219416116309e-07
8.537112523259355532e-07
8.585998842557507209e-07
8.583818900660508495e-07
8.551667340757592737e-07
8.513490812839275201e-07
8.487751864833920828e-07
8.486381111035901022e-07
8.518405632857023212e-07
8.593021695762152373e-07
8.719979250233603911e-07
8.908111805351209124e-07
9.161048539508543375e-07
9.468630061603969598e-07
9.795546950453550055e-07
1.007525642959675985e-06
1.022270804032696226e-06
1.017098390640662321e-06
9.911221423042904303e-07
9.500379564537866247e-07
9.029768312340299049e-07
8.583876359449709691e-07
8.217912056495276072e-07
7.955811858058596202e-07
7.796722872357901271e-07
7.721416351100496234e-07
7.697207364089305227e-07
7.684503823097244114e-07
7.647803757355361279e-07
7.569196765417369880e-07
7.455771815517519956e-07
7.334146160435482037e-07
7.236259450505905612e-07
7.186503201561702065e-07
7.195783378709601900e-07
7.261154859783402857e-07
7.367930180058371798e-07
7.492471724637706300e-07
7.605847514896510337e-07
7.680062524630726105e-07
7.697410095300745054e-07
7.658794885082312780e-07
7.584245831045558805e-07
7.503867863491744821e-07
7.445464556362375601e-07
7.426623511307041843e-07
7.453128957160899796e-07
7.521265198560106737e-07
7.620939616450566561e-07
7.738496080916028728e-07
7.859131812032195352e-07
7.968548587556728059e-07
8.052798587633479280e-07
8.096832103404294558e-07
8.086179498942972487e-07
8.014499664238711181e-07
7.891286073810276090e-07
7.740702024966391741e-07
7.590097177605409812e-07
7.455658127790228457e-07
7.334067059281812573e-07
7.204883319606831121e-07
7.043721244783181047e-07
6.839321002293113054e-07
6.601941942695329292e-07
6.356859861254788198e-07
6.130434132452113084e-07
5.940427629686813355e-07
5.794478236997350375e-07
5.692885241390006249e-07
5.630871677985143593e-07
5.599146117795195375e-07
5.584117929972633702e-07
5.569824778979674610e-07
5.542753884613427513e-07
5.497620698813681245e-07
5.439770138524979463e-07
5.381724999419487793e-07
5.336541262533962614e-07
5.312723722136644253e-07
5.313303640406873640e-07
5.337619011194063903e-07
5.382808316706890753e-07
5.443465761862757744e-07
5.509910762439115262e-07
5.567124754320459283e-07
5.596442442090251694e-07
5.580942510519519238e-07
5.512723774051077799e-07
5.397626850658129342e-07
5.253875095483631859e-07
5.105601996103319933e-07
4.975549787807969399e-07
4.880372964046507268e-07
4.829191414166493061e-07
4.824447684533516296e-07
4.863680118609181646e-07
4.941527973633439373e-07
5.051232182082738472e-07
5.184733458149909290e-07
5.331684650114524077e-07
5.478158974496433474e-07
5.606785396231376376e-07
5.700066363716409795e-07
5.746531107336303029e-07
5.746073568812028643e-07
5.709929910149866633e-07
5.655479866301681921e-07
5.599744955947071835e-07
5.554675357264341849e-07
5.525089954145061833e-07
5.508837007864364700e-07
5.498744074759388514e-07
5.486079067519102088e-07
5.464875784735887411e-07
5.434755541801124628e-07
5.400265797603757365e-07
5.367395236088978836e-07
5.339732680426952309e-07
5.317077747722625562e-07
5.297255732671286757e-07
5.279583433021032428e-07
5.267278431424050482e-07
5.267600203473592183e-07
5.290519077868137470e-07
5.347127695862557368e-07
5.448425171295754197e-07
5.603649814280552858e-07
5.817486971897567839e-07
6.086535507914547223e-07
6.396211828388570203e-07
6.719978537205434288e-07
7.023305041868819826e-07
7.272284469469956021e-07
7.442711622348235924e-07
7.525526111683894557e-07
7.527004912317307356e-07
7.465605456105522551e-07
7.367487843877142032e-07
7.261174130117635727e-07
7.172504582421908211e-07
7.120348547726210328e-07
7.113113888461217389e-07
7.146848948373273885e-07
7.206516794157250281e-07
7.271947061307393898e-07
7.327601716451655570e-07
7.370902901527517358e-07
7.412859313179884496e-07
7.470100344709840753e-07
7.553842056856496512e-07
7.662682143528380047e-07
7.782809799862743204e-07
7.895209521482371225e-07
7.985923197612359750e-07
8.052786975640653454e-07
8.104686776842475043e-07
8.155475357669775594e-07
8.216327942182558827e-07
8.289139077184504478e-07
8.363365500848222652e-07
8.419105167162008391e-07
8.436466805791173668e-07
8.405701888308333454e-07
8.331411637351745617e-07
8.227790556428656340e-07
8.110097139202922168e-07
7.989886138245446272e-07
7.875570919171329457e-07
7.775545907386110343e-07
7.700863075832492385e-07
7.666277856744037037e-07
7.689256713016146785e-07
7.786744737988351813e-07
7.969644204544269858e-07
8.236054302317128973e-07
8.566277964525440948e-07
8.922846850354677522e-07
9.258202742818878558e-07
9.530145529083660508e-07
9.717640473749783927e-07
9.827269209674346145e-07
9.886854198784329879e-07
9.930924106026195403e-07
9.985725254515490572e-07
1.005837292054855266e-06
1.013181710305416185e-06
1.016767068177249185e-06
1.011940539049926018e-06
9.954305370266626414e-07
9.672801319749932239e-07
9.310860001941228026e-07
8.923669947246059193e-07
8.563430670030979291e-07
8.264999964204900593e-07
8.042347812378465615e-07
7.892174406242700056e-07
7.800993380046109146e-07
7.752090267789774814e-07
7.731240871926557177e-07
7.730094370576395140e-07
7.745335613563386493e-07
7.774916134827581007e-07
7.813990939638967474e-07
7.853253746779307135e-07
7.880131778067670758e-07
7.882047420029307075e-07
7.850602748041793317e-07
7.785133410109464688e-07
7.693554395718400164e-07
7.589437291963991664e-07
7.486874143647514508e-07
7.395143564205660012e-07
7.315315311902922331e-07
7.240333504554117454e-07
7.159205816981547415e-07
7.063953966881262318e-07
6.955401467339994644e-07
6.843916496260127779e-07
6.745156221337470135e-07
6.673545621966855852e-07
6.636624571936818860e-07
6.632507462933501871e-07
6.651008432725989001e-07
6.678026890042819612e-07
6.701154747081739271e-07
6.713761758471948518e-07
6.715729989848181494e-07
6.711469292825934862e-07
6.706838455443317929e-07
6.706486619405935596e-07
6.712788832483211395e-07
6.726643029453746679e-07
6.749329610054160513e-07
6.783774824029862893e-07
6.834326951986910676e-07
6.904483498797859495e-07
6.992397073628444060e-07
7.085185252921305898e-07
7.155919357597562031e-07
7.169185273702465124e-07
7.097912701599721839e-07
6.943018794893054202e-07
6.738494670346799519e-07
6.535785091808338559e-07
6.381225101500655436e-07
6.302471773746214428e-07
6.306436031017585494e-07
6.383010994697179464e-07
6.510622572801324199e-07
6.662946894992881055e-07
6.816252035768252143e-07
6.954633800492262600e-07
7.070766636380685636e-07
7.162773492995553435e-07
7.230245666424006578e-07
7.272191312129882814e-07
7.287427224228696318e-07
7.276813774547711761e-07
7.246023988223002537e-07
7.206586070285953278e-07
7.174069297494874091e-07
7.164270517672130224e-07
7.188777493383478165e-07
7.251423767330838646e-07
7.346625827627540537e-07
7.459674873373082579e-07
7.568612609912899443e-07
7.647149808347120945e-07
7.668648331425158689e-07
7.612464756929857537e-07
7.471864825460224312e-07
7.259374656208587027e-07
7.003986276777869706e-07
6.740131012898150865e-07
6.496210613473026199e-07
6.289406096132494761e-07
6.127109200543797145e-07
6.010742271049386496e-07
5.938502693660425984e-07
5.906263137821002036e-07
5.907348677537815774e-07
5.932384810736166186e-07
5.969996421533519640e-07
6.008423511886498319e-07
6.037710021894109610e-07
6.051474687884448059e-07
6.047941286373835017e-07
6.030790547935146865e-07
6.009814639353234649e-07
5.999694475752596707e-07
6.015735132801690027e-07
6.068060134063893169e-07
6.157033133842628905e-07
6.272101001735564238e-07
6.394642730864929419e-07
6.504070800011176676e-07
6.585099031513979847e-07
6.632820915690601422e-07
6.653142161705246866e-07
6.659323096078573586e-07
6.667512992326145821e-07
6.693421115800486567e-07
6.749930764650315426e-07
6.844485598681101231e-07
6.976103219866767686e-07
7.133391063467445770e-07
7.295582366484194802e-07
7.438166464258872218e-07
7.542490535875981640e-07
7.604476174536518890e-07
7.636057910658260255e-07
7.658153099223006007e-07
7.690081363153753968e-07
7.742059100103512542e-07
7.812734308781152535e-07
7.889460361856046131e-07
7.950210317366705520e-07
7.967667210413426432e-07
7.916628807083239977e-07
7.784113527814771774e-07
7.578005239864428848e-07
7.327803561973628015e-07
7.075376305162551732e-07
6.861948429952600276e-07
6.718804350836605390e-07
6.664692587977601606e-07
6.707599399801259069e-07
6.846361053170723584e-07
7.070301233168667356e-07
7.357690984462226083e-07
7.675192535978740997e-07
7.980578505463992725e-07
8.228674080901227473e-07
8.377458380387176485e-07
8.393738564235726852e-07
8.261681476175469400e-07
7.992193292691087535e-07
7.622947901053969882e-07
7.204523979155602774e-07
6.782525462149528740e-07
6.387995104809354064e-07
6.038402336961204594e-07
5.743065080059681387e-07
5.507519540045305402e-07
5.335289201029995639e-07
5.227881834240129520e-07
5.183695843076010491e-07
5.196469176036231119e-07
5.254286656224535849e-07
5.340033076434735883e-07
5.434248943344228449e-07
5.519708885092461908e-07
5.585475544030224617e-07
5.627964750492739795e-07
5.648474555219283199e-07
5.649550247315242288e-07
5.632849995703104341e-07
5.599228062625973279e-07
5.549592321224194560e-07
5.484988018146876307e-07
5.405763529061750532e-07
5.311271793820021211e-07
5.201354976413396994e-07
5.079108173652507702e-07
4.952839012651579348e-07
4.835573230448873469e-07
4.742067702255895357e-07
4.684700110416443209e-07
4.670472333035866781e-07
4.700148823698453286e-07
4.769085463500337383e-07
4.868517472029350449e-07
4.986397878209828644e-07
5.107744213777598698e-07
5.215444800904079513e-07
5.293155311005430946e-07
5.330009756491243986e-07
5.324104530261946955e-07
5.281817206410217772e-07
5.213914497148433981e-07
5.131917936940407949e-07
5.046806139741503484e-07
4.969033024835865378e-07
4.907900210144277632e-07
4.869926633830283190e-07
4.857109214109306017e-07
4.866059317149591738e-07
4.888582834630337006e-07
4.913740670069077867e-07
4.930866266483311608e-07
4.932621830723533844e-07
4.916982117433225089e-07
4.887638501952976671e-07
4.852538508380883030e-07
4.820900781061728430e-07
4.800114651666379981e-07
4.794101766793838248e-07
4.803400159577231863e-07
4.825962225577665374e-07
4.857699628268772252e-07
4.892856236364465411e-07
4.924980871205693086e-07
4.948627820439932028e-07
4.960957042568011021e-07
4.962231206574876410e-07
4.955484034900921954e-07
4.945916743325851256e-07
4.940268851374763726e-07
4.945824898178755337e-07
4.968867618436521221e-07
5.013139245817160501e-07
5.078588598623807472e-07
5.160483507288574139e-07
5.248876512530693433e-07
5.329019293009784639e-07
5.383700423338783281e-07
5.397694299763823579e-07
5.362955221313808584e-07
5.281667404908589054e-07
5.165278123882653291e-07
5.030061986947896025e-07
4.891616641586962500e-07
4.761155913848400478e-07
4.644546757396554519e-07
4.543511168910967266e-07
4.457859786906749982e-07
4.387448204283638690e-07
4.333075004784669857e-07
4.296128677878117562e-07
4.277364021318126354e-07
4.275705159082852599e-07
4.287906432762330282e-07
4.309418790244696764e-07
4.336115485145769956e-07
4.365787169505707707e-07
4.398169550944025060e-07
4.433726317993457804e-07
4.472598957026956601e-07
4.514757279006033090e-07
4.561111078158435710e-07
4.613966182760704338e-07
4.675714627110994655e-07
4.746370155572855731e-07
4.821610709963880843e-07
4.892591851955981021e-07
4.947708950484037971e-07
4.975625564680895946e-07
4.968745823592644451e-07
4.926096376904203358e-07
4.854299817788224001e-07
4.766045801636334348e-07
4.676829776773679754e-07
4.601641408619417813e-07
4.552785111645332743e-07
4.538770756287471197e-07
4.563531204383970645e-07
4.625636884032805043e-07
4.717890318325411633e-07
4.827853075748857282e-07
4.939962823507914051e-07
5.039605305108873244e-07
5.117831704406945720e-07
5.174299648248330312e-07
5.216345827473671244e-07
5.254296718226252015e-07
5.295896734687533248e-07
5.343346757217663156e-07
5.394381077556722188e-07
5.445703829228100711e-07
5.495971908924067773e-07
5.546283111443164660e-07
5.598308663347135087e-07
5.652317353924013868e-07
5.706966950449541266e-07
5.760548594008176023e-07
5.811488495561713553e-07
5.857002388104929783e-07
5.891733487222281444e-07
5.908177876461802184e-07
5.899138398158807389e-07
5.861193459344118765e-07
5.797337402754203115e-07
5.717224760577473930e-07
5.634213186106337960e-07
5.560471811055532200e-07
5.503013350447455971e-07
5.463010215415958967e-07
5.438305983612686761e-07
5.426735607554752747e-07
5.427946619791947821e-07
5.442845015797993690e-07
5.471756915325831289e-07
5.512926427349841570e-07
5.562163828031575854e-07
5.613646371730869256e-07
5.661141834747669018e-07
5.699438118077996921e-07
5.725771594337212886e-07
5.740580620646863752e-07
5.747529446126187698e-07
5.753011504623544819e-07
5.765212526016290982e-07
5.792164472934436029e-07
5.838674811602721010e-07
5.903407158200831949e-07
5.978071236091274621e-07
6.049504263773049872e-07
6.102703857388035688e-07
6.123259829851088079e-07
6.099362610939400933e-07
6.024538655133992583e-07
5.901039000523576831e-07
5.740966201797389689e-07
5.563376515450781620e-07
5.388442024562203850e-07
5.232205577392726265e-07
5.104487230109625599e-07
5.009901671116272545e-07
4.950200520122619914e-07
4.925998949332324096e-07
4.937082725669914375e-07
4.981104860652156814e-07
5.051965129410471431e-07
5.139629974578424808e-07
5.231856875721672486e-07
5.317310490288465583e-07
5.388697427630806243e-07
5.444189469209693303e-07
5.486498743203139783e-07
5.520416743048358779e-07
5.550603808954219781e-07
5.580561527365639425e-07
5.612086206659835235e-07
5.644187597329604981e-07
5.671511714567714692e-07
5.683745169556974510e-07
5.667928422973087707e-07
5.613665079610839071e-07
5.518341132104569060e-07
5.389354077119235114e-07
5.242619519779786762e-07
5.098667239851667327e-07
4.978304114886088516e-07
4.898993587128190547e-07
4.872475769722371955e-07
4.903906090580323694e-07
4.991929300360207109e-07
5.129025982699432539e-07
5.301688894565440173e-07
5.490582790101832668e-07
5.671933472037133861e-07
5.821575769861124365e-07
5.921697773719205996e-07
5.966905133633988788e-07
5.965055760262832521e-07
5.931980046870807844e-07
5.883652163206504407e-07
5.830060264458623818e-07
5.773296567591874432e-07
5.710030378752514492e-07
5.636495295762165890e-07
5.553161858689890508e-07
5.466572062396324786e-07
5.387535543692812764e-07
5.327129788559809636e-07
5.292706942756229892e-07
5.284889922608937570e-07
5.296511285971605012e-07
5.314655713814992535e-07
5.325899674662115061e-07
5.322255614108686171e-07
5.303880324320860463e-07
5.277041421069369937e-07
5.249836881988198789e-07
5.228995612626606813e-07
5.218538897199070164e-07
5.219175484160515228e-07
5.227916028706879562e-07
5.238692560942371200e-07
5.244983407357153795e-07
5.243836445235136610e-07
5.238551362208891114e-07
5.237755762830543648e-07
5.251099725244595334e-07
5.283895939800954056e-07
5.333694895588836843e-07
5.390537831485454495e-07
5.440799002734572219e-07
5.472723035148360941e-07
5.480671658893824735e-07
5.465636397074682919e-07
5.432491760161785669e-07
5.387133460272709129e-07
5.335099444405333915e-07
5.281017954328560943e-07
5.227671758320614659e-07
5.174952429221292146e-07
5.120070903058154444e-07
5.059151720117052305e-07
4.989263308821588837e-07
4.909850152883867668e-07
4.823109499426679801e-07
4.733791053345544067e-07
4.648539447869227215e-07
4.574753884642709244e-07
4.519360113616170971e-07
4.487587278450106999e-07
4.481885233816445455e-07
4.500932560197922297e-07
4.538858615186684664e-07
4.585604178756422017e-07
4.629256671251928281e-07
4.659935423415060454e-07
4.673549109801733805e-07
4.673263846553183706e-07
4.667502537118859671e-07
4.665606939685208077e-07
4.673715233211885421e-07
4.692859526593982837e-07
4.720022143228893059e-07
4.751388698469529341e-07
4.785438396517038129e-07
4.823534980410475455e-07
4.867757355230257014e-07
4.917717706880117004e-07
4.968933685311810707e-07
5.014163151188607182e-07
5.047016424278144646e-07
5.065833293752728978e-07
5.075496420595993429e-07
5.085732994383176431e-07
5.106874240826104368e-07
5.145759396989913662e-07
5.204233206235930907e-07
5.281051880323734372e-07
5.375098591046423626e-07
5.486838419644996589e-07
5.616349165698485878e-07
5.759046801002622294e-07
5.901884065377480326e-07
6.022597461523405956e-07
6.094182747914899787e-07
6.094935037392405818e-07
6.019746583230146304e-07
5.884420738793153807e-07
5.718351823115585273e-07
5.551074782580189503e-07
5.402400530968653702e-07
5.280625390182757189e-07
5.186401241386566106e-07
5.117224115192095873e-07
5.069453671714415848e-07
5.038133646038758707e-07
5.016788275843351644e-07
4.998819427783942714e-07
4.980274681605742000e-07
4.961802403232237597e-07
4.947991437844006561e-07
4.944627492519393239e-07
4.955348027633028864e-07
4.979405425147106129e-07
5.011815808730571405e-07
5.045952225826224386e-07
5.077201229911314251e-07
5.105356454303383139e-07
5.134234830525432366e-07
5.168905118151162882e-07
5.212151866136148193e-07
5.261838979583256308e-07
5.310312452896128741e-07
5.346340483621538966e-07
5.359032123661071539e-07
5.342065304078328938e-07
5.296555028587919168e-07
5.231131721417952698e-07
5.158795723049014939e-07
5.091890590225153500e-07
5.037969459230444998e-07
4.998607632730856910e-07
4.971260773165156872e-07
4.952764817003779459e-07
4.942125343566508557e-07
4.940958643427612945e-07
4.951526840022013646e-07
4.973536373143536745e-07
5.001434338613917336e-07
5.024670455898854440e-07
5.032211499720020322e-07
5.018841747556760949e-07
4.988350346660437354e-07
4.950988053496001824e-07
4.917221584870173738e-07
4.892208476637248908e-07
4.874075422009151817e-07
4.856227518734251210e-07
4.831895912612982553e-07
4.798164680503038741e-07
4.757258448396277064e-07
4.714704254454993930e-07
4.676083437930071353e-07
4.644640870177223848e-07
4.620732702514829285e-07
4.602689718740689198e-07
4.588317812009753371e-07
4.576365010649442661e-07
4.567568898422135012e-07
4.564839292481795223e-07
4.572176238219645512e-07
4.592426856882873002e-07
4.624966505468282611e-07
4.664792422052578235e-07
4.703782078389094925e-07
4.733689729924655789e-07
4.749190988523973432e-07
4.749121710058115421e-07
4.735201554506058586e-07
4.709613011551436508e-07
4.673425403522993764e-07
4.626832666047625720e-07
4.570862869097486425e-07
4.508961800305902318e-07
4.446933201841526057e-07
4.391239787967674792e-07
4.346875894874411228e-07
4.316016432376476974e-07
4.298158758723261836e-07
4.291586760659704474e-07
4.295263510038414072e-07
4.310143809465839349e-07
4.339066442594158057e-07
4.385160660886848875e-07
4.449420693020761426e-07
4.528438435812695718e-07
4.613404061903161445e-07
4.691302925155981332e-07
4.748733051325979666e-07
0.000000000000000000e+00
4.424683411906498291e-06
4.201323118217046387e-06
5.483946717607853796e-06
4.979038917683210559e-06
4.708470717954569155e-06
6.194252566936073282e-06
1.108021102905867769e-05
4.135171875506947063e-05
8.316412485521913224e-05
-2.120165172853360707e-05
-9.353907302159885880e-06
-1.143726816973937570e-05
-1.194656763192353961e-05
-8.158783906387768705e-06
-8.261575867227534690e-06
-8.984601183480549823e-06
-5.055109004437503682e-06
-4.068084924305355388e-06
-3.297788789658870818e-06
-2.794306338205489759e-06
-3.681857325058731518e-06
-4.360833020553906777e-06
-4.384306914877604045e-06
-4.764895486489074112e-06
-4.392811628436683537e-06
-3.675015168000124445e-06
-3.239818379382081904e-06
-4.470290341380228651e-06
-1.178615630957681898e-05
-2.454392447422690935e-05
-2.631757003339426531e-05
-1.582815772843246908e-05
-1.292741822410465190e-05
-3.110792594410551407e-05
3.332323425688535302e-05
6.531159773178156350e-06
4.234704877500311119e-06
3.930207489658731206e-06
3.467910619909077215e-06
3.826949005606696180e-06
4.004744721259600225e-06
4.842319696934427770e-06
1.157854974123251319e-05
7.085965116256862919e-05
-2.094275439763557467e-05
-1.155611027354345939e-05
-2.032429210980663331e-05
-4.773014352516511300e-05
-1.418891878866304614e-05
-8.512035230777877036e-06
-1.477239510054904233e-05
-7.234690315760262122e-05
8.799718899882793166e-05
1.264435846466915318e-05
1.090228748194604983e-05
-8.101412163574828814e-05
-1.631699374627250382e-05
-2.292286148569506199e-05
-2.863261363800082820e-05
-6.241121395691194356e-05
4.792683975016320667e-05
1.502048786709426433e-05
9.204394774547202993e-06
1.065685791478625748e-05
1.417912267929799393e-05
8.998947276716591894e-06
7.825201997311549302e-06
6.182418009556082092e-06
8.168601028944514521e-06
2.417532816532515309e-05
2.542054397238844912e-05
1.885383568306609695e-04
2.232415712998728327e-05
6.225962487931217178e-06
3.997173508872662117e-06
3.125378464566286403e-06
2.460373087619655505e-06
2.419316608618607608e-06
3.000073321793259034e-06
2.831751336242952989e-06
2.732874303038348760e-06
2.825450355833894516e-06
3.702536384054158411e-06
5.678936459540705356e-06
4.637659557409843051e-06
4.189708308098708935e-06
5.045114804819344400e-06
7.823382231940449616e-06
1.849050131744553070e-05
2.254620368206978009e-05
1.607555516322197765e-05
-1.345495533339433407e-05
-3.828983483060073702e-06
-2.952354201549507207e-06
-2.474792529140162257e-06
-2.209525633878520021e-06
-2.436877064821570433e-06
-3.120958990022025773e-06
-3.590517393026100962e-06
-3.067057848015175672e-06
-2.472719329629974591e-06
-2.408722318511090975e-06
-2.419081973366851654e-06
-2.024227347653279904e-06
-1.578617471070085168e-06
-1.362546950523304507e-06
-1.319682734500883497e-06
-1.294184833512569674e-06
-1.170970682204799697e-06
-1.101240976398265707e-06
-1.023106970737286145e-06
-9.944656671860014892e-07
-9.950811288320461315e-07
-1.014709636986675661e-06
-1.144404337628848020e-06
-1.180454044274391576e-06
-1.197887387273558699e-06
-1.165727182562243151e-06
-1.182588598818602551e-06
-1.302650696914437624e-06
-1.321990337831887997e-06
-1.410541218164042225e-06
-1.628548641137507013e-06
-1.938236160411855176e-06
-2.005242790349177352e-06
-1.906967923594936585e-06
-2.221066293221928371e-06
-2.830474867394654924e-06
-2.486743645659869668e-06
-1.949463942680466453e-06
-2.122971519029010841e-06
-2.045162413312060327e-06
-1.721245396795589102e-06
-1.508418218202328270e-06
-1.263770202196901899e-06
-1.129799422532975563e-06
-1.118402216678082009e-06
-1.109628174733504762e-06
-1.093100441612441004e-06
-1.232277646375425388e-06
-1.345398210885355400e-06
-1.289750536286540291e-06
-1.272585984174729430e-06
-1.398266685467594776e-06
-1.628371098817293543e-06
-1.846613868288027140e-06
-1.728523440782003429e-06
-1.550581754305271854e-06
-1.695408517137593706e-06
-2.257751763081135427e-06
-2.802660563750937121e-06
-2.714453433041103514e-06
-2.233969686214811008e-06
-2.016591461640908895e-06
-2.082824953870657523e-06
-2.080958120593106211e-06
-2.023379374959044911e-06
-1.728798002970417511e-06
-1.645585274878089532e-06
-1.713844019751899415e-06
-1.773388953223038691e-06
-1.917783971178380973e-06
-1.829253451179325157e-06
-1.764344565531954873e-06
-1.801831474576428455e-06
-1.731177104492857765e-06
-1.648421426436615174e-06
-1.578330574553629565e-06
-1.482602224222812674e-06
-1.457160255994661186e-06
-1.500533324555767160e-06
-1.454987782301714600e-06
-1.376055808899552632e-06
-1.287384712006467279e-06
-1.281629854591925492e-06
-1.291791562618050458e-06
-1.273963875304339078e-06
-1.351912261510980497e-06
-1.490527518568128122e-06
-1.489038826395040365e-06
-1.472376404515354577e-06
-1.465755851867432520e-06
-1.316182783410389059e-06
-1.204035807399297483e-06
-1.195624952956230660e-06
-1.260764214308693383e-06
-1.282357638322824861e-06
-1.314899723409759020e-06
-1.307084182693412251e-06
-1.267306345832823506e-06
-1.309593972230357887e-06
-1.353303057450891096e-06
-1.343864584037672872e-06
-1.313314380021350371e-06
-1.261085900577984130e-06
-1.309393543905954136e-06
-1.375579960827871951e-06
-1.260271351393006319e-06
-1.069631940794879778e-06
-9.983957167201713049e-07
-1.003408108007428455e-06
-9.305017842172363566e-07
-9.180640355593803754e-07
-1.008362078561344224e-06
-1.106293736790241547e-06
-1.091417746195197940e-06
-1.048240807707495159e-06
-1.020142674995486258e-06
-9.743803301875086893e-07
-9.266433602373890339e-07
-9.461164333962488242e-07
-9.805458310039011096e-07
-1.020327069696967337e-06
-1.022085128010624306e-06
-9.625550250466049343e-07
-1.004061257053392946e-06
-1.017313084593634583e-06
-1.056885949235382997e-06
-1.012566568150904754e-06
-9.425396325903728155e-07
-9.712376632367127272e-07
-9.198843454732864762e-07
-8.765504376806485658e-07
-8.872504868500704306e-07
-9.000710863449669868e-07
-9.297029415643287608e-07
-9.245473142257969621e-07
-8.460832804980674994e-07
-8.211761980671146797e-07
-8.718550729698678030e-07
-8.809127509945860747e-07
-8.927885834461412903e-07
-8.570307665345163476e-07
-8.247980197077303730e-07
-9.160976430537311419e-07
-1.005170901297635023e-06
-9.448288581576279716e-07
-8.709817407370275541e-07
-8.369615561940132982e-07
-8.350049549144890864e-07
-8.759369161675550054e-07
-8.251149531150912125e-07
-7.517321925090819745e-07
-7.069298717240690683e-07
-6.674215837583506112e-07
-6.529524079674317754e-07
-6.659406788639955403e-07
-6.988557640833463864e-07
-7.410301778709744054e-07
-7.271070339757427679e-07
-6.799026428653256778e-07
-6.783559120743758336e-07
-6.707861663067983001e-07
-6.487871149125227699e-07
-6.440431188207388442e-07
-6.490998210488309678e-07
-6.818320651431465941e-07
-7.239028279650846189e-07
-7.066295237605397515e-07
-6.703343063868117805e-07
-6.254711644954613236e-07
-5.969984816984805814e-07
-5.958641751444140824e-07
-5.809581502169568434e-07
-5.692917307299632132e-07
-5.661649280151157443e-07
-5.668038079867388152e-07
-5.641311617380330278e-07
-5.685586616636934239e-07
-5.865062073123924023e-07
-6.050211940439324663e-07
-6.180333528985643331e-07
-6.333617635921352607e-07
-6.496431601869127097e-07
-6.528712159131447249e-07
-6.932114778553794073e-07
-7.549460101770794365e-07
-7.667466091737286690e-07
-7.417127804437711640e-07
-7.307515793030095852e-07
-7.417091094408449012e-07
-7.474274449948388821e-07
-7.353828058353884366e-07
-6.953640976150707908e-07
-6.628137143626215975e-07
-6.472581035161370791e-07
-6.490397790669102421e-07
-6.478417737289585485e-07
-6.397475802240851113e-07
-6.804658233730803135e-07
-7.262066796239283991e-07
-6.945002765364973549e-07
-6.929137476899046980e-07
-7.654804416913452287e-07
-8.365968618176699238e-07
-8.791434487767278727e-07
-8.805478178533877085e-07
-8.457401786348762463e-07
-8.807326451610037432e-07
-9.573105397028422478e-07
-9.929915508530832086e-07
-1.025701981576017416e-06
-1.003179313537534530e-06
-9.111529119231716017e-07
-8.443629360934959546e-07
-8.332786063227434089e-07
-8.239329626408120738e-07
-8.193344249980101902e-07
-8.463533597861156748e-07
-8.555816779780329825e-07
-8.295235318963232534e-07
-8.299782006514295411e-07
-8.096869748847821628e-07
-7.785887021053888341e-07
-7.758324392071537519e-07
-7.680177020416042927e-07
-7.770733932523644494e-07
-7.444455293565469849e-07
-6.975440079480301529e-07
-6.800126095915521935e-07
-6.505199450829106455e-07
-6.443946529390303627e-07
-6.223054934528482464e-07
-5.943959079260101448e-07
-5.886676038735292793e-07
-5.725781182838490636e-07
-5.716231767920735975e-07
-5.988812334208981881e-07
-6.311648848947466079e-07
-6.064752833309349820e-07
-5.663225903862646825e-07
-5.528278952021332907e-07
-5.601118372054626619e-07
-5.593319771292154498e-07
-5.493542994988564640e-07
-5.458092678209935428e-07
-5.421996933107252712e-07
-5.549928756586372243e-07
-5.577281209192337328e-07
-5.702570196215191188e-07
-6.020032726794583062e-07
-6.272085054606498084e-07
-6.308133249100902185e-07
-6.116949751032002587e-07
-6.004764604332886505e-07
-6.154715226329359535e-07
-6.299350828797168670e-07
-6.090337239172865485e-07
-5.772326952225908056e-07
-5.735966805543277173e-07
-5.882439539728937033e-07
-5.813600255103389361e-07
-5.994495529114470505e-07
-6.269307742027830937e-07
-6.489874432604587456e-07
-6.732036807227912942e-07
-6.627366549961979931e-07
-6.645184639914875413e-07
-6.895502396341161254e-07
-6.949025816680711389e-07
-7.130809169426483731e-07
-7.004360918557370036e-07
-6.670867200731027946e-07
-6.653308942924535335e-07
-6.415177838429433080e-07
-6.407738465405931177e-07
-6.532574252410663088e-07
-6.773012763177611608e-07
-6.893517096436698335e-07
-6.789251252015790744e-07
-6.691994443722049961e-07
-6.233827857490788332e-07
-5.726662334034415271e-07
-5.443507849777283434e-07
-5.346534701416205479e-07
-5.191917208181366016e-07
-4.919591627505781261e-07
-4.694895242914439973e-07
-4.584897120928773601e-07
-4.615622099336279093e-07
-4.705287011873560827e-07
-4.880129799603217978e-07
-4.900478868647677312e-07
-4.838020874465496069e-07
-4.925918115628289327e-07
-4.861859081930320528e-07
-4.739076967636957512e-07
-4.613961254465395847e-07
-4.583889685229394332e-07
-4.540913496101919820e-07
-4.634750803938438094e-07
-4.859153643906290603e-07
-4.881794532694744751e-07
-4.829940836174883953e-07
-4.723272738718849494e-07
-4.715347195197870156e-07
-4.816859968677368692e-07
-4.970631986314268373e-07
-5.136082821750060261e-07
-5.007317448060350549e-07
-4.777875627616937319e-07
-4.756977717806370178e-07
-4.892212990714260365e-07
-4.977277411132387315e-07
-4.870737438162758097e-07
-4.695623720494687944e-07
-4.809520299220591853e-07
-5.095487627681032565e-07
-5.049406969905556431e-07
-4.909303064730871323e-07
-4.904136451091522085e-07
-5.090763356322925683e-07
-5.135386982569219474e-07
-4.921964335121402650e-07
-4.752357081460867211e-07
-4.633569090747668558e-07
-4.479884214527316123e-07
-4.492116758474504534e-07
-4.795944201626762918e-07
-4.868344923603522887e-07
-4.708348073830762174e-07
-4.494939369265749733e-07
-4.373734286882001339e-07
-4.411156533808317597e-07
-4.450654231166416459e-07
-4.668548098541662377e-07
-4.875445660623786593e-07
-4.814475662828875356e-07
-4.904184545634036707e-07
-5.094584073093531106e-07
-5.082285010580683510e-07
-5.076105047229380733e-07
-5.015507081964064150e-07
-4.948681623666999785e-07
-4.899184508478397175e-07
-4.731503889260467775e-07
-4.655849784179532367e-07
-4.605140864949532053e-07
-4.583062832313963735e-07
-4.643761325703918057e-07
-4.639315051071792668e-07
-4.552717939678824917e-07
-4.554323591767852292e-07
-4.653990041563602292e-07
-4.690255205965484300e-07
-4.748082373834795673e-07
-4.769555739471853146e-07
-4.825809853004719120e-07
-4.990265396804881986e-07
-4.967510457989698925e-07
-4.757868092443248729e-07
-4.635447746677723869e-07
-4.511402096367879006e-07
-4.322561196430465399e-07
-4.131851650676306509e-07
-4.191401830461971854e-07
-4.366701850929644481e-07
-4.419027358842485853e-07
-4.424900732241901796e-07
-4.456315865801025677e-07
-4.411701107524731548e-07
-4.418874745842471598e-07
-4.416672347098936366e-07
-4.328400248136068411e-07
-4.332203120965734864e-07
-4.257192018331015216e-07
-4.276103670061621746e-07
-4.200789798116163183e-07
-4.078749956465017876e-07
-3.994204501468410531e-07
-3.878944248687150537e-07
-3.999514785878818862e-07
-3.931174087305556302e-07
-3.695640041009181533e-07
-3.571303703145309028e-07
-3.484377302874557578e-07
-3.501752406492778800e-07
-3.584967412667781329e-07
-3.681705227947479674e-07
-3.650664292480642287e-07
-3.601714763956309140e-07
-3.565380487394844872e-07
-3.596460555695669278e-07
-3.638354148839964011e-07
-3.544262202791798135e-07
-3.442695170979410366e-07
-3.401778799753508700e-07
-3.488376718480607830e-07
-3.557780442913252019e-07
-3.638027885249254457e-07
-3.730412006304415629e-07
-3.782259183249560195e-07
-3.923637370924698500e-07
-4.051027835475154051e-07
-4.212723781724279129e-07
-4.373005984516765375e-07
-4.381623247848760420e-07
-4.336688323462157602e-07
-4.316616338690864921e-07
-4.322781531249885263e-07
-4.314283475746737168e-07
-4.236450746711422509e-07
-4.270653383230016693e-07
-4.388024797674094460e-07
-4.618428201578981883e-07
-4.997614846913091225e-07
-4.943457113656176247e-07
-4.847293260357984350e-07
-5.229720364917801336e-07
-5.536640680042169360e-07
-5.751335773191976372e-07
-5.847245595622656898e-07
-6.010890921193619568e-07
-6.056007069798551149e-07
-5.814945630582346100e-07
-5.709645214587415701e-07
-5.561199515374610534e-07
-5.587194456328118179e-07
-5.522231087370314807e-07
-5.378252588269806032e-07
-5.253724238478626162e-07
-5.236383395595059249e-07
-5.152415575367775206e-07
-4.917851060362819881e-07
-4.861704004672591478e-07
-4.807304475066422994e-07
-4.639578111251213582e-07
-4.509040115290445356e-07
-4.398309179708387036e-07
-4.446753113322840038e-07
-4.567972169314035434e-07
-4.774537081732421478e-07
-4.999721469715642064e-07
-4.909297964620006915e-07
-4.813458955871830292e-07
-4.889788730108835427e-07
-4.882503716878994020e-07
-4.781714494095205396e-07
-4.780857787750282636e-07
-4.682337912673459308e-07
-4.688905296428492216e-07
-4.946745980318882213e-07
-5.050244799098420287e-07
-5.026349692852562062e-07
-5.122672673713583085e-07
-5.146613048488153655e-07
-4.886479567281693118e-07
-4.667398126345948760e-07
-4.645662770314200300e-07
-4.548160424855591832e-07
-4.472979097500924884e-07
-4.572632439339096932e-07
-4.819043765575102956e-07
-4.959185004211772545e-07
-4.969381661126498954e-07
-4.902767006652130507e-07
-4.986511502928000440e-07
-5.198769052956574491e-07
-5.174174031384305281e-07
-5.132678188977040088e-07
-5.219832786211102538e-07
-5.187551099952518682e-07
-5.115140766624885238e-07
-5.132533693877116088e-07
-4.938172152367316464e-07
-4.927494728063286257e-07
-4.994919589878783170e-07
-5.063104303330132898e-07
-5.471218139576074378e-07
-5.884548094313997360e-07
-5.958906791704867142e-07
-5.674600957293523844e-07
-5.360487209943576538e-07
-5.132367070718520855e-07
-5.138474413469870406e-07
-5.359362847072162230e-07
-5.243133339798011083e-07
-4.992651197848394728e-07
-5.011890152195882394e-07
-5.047671978873811857e-07
-4.903898779971261429e-07
-5.015507262984025879e-07
-5.294165700963075770e-07
-5.424948291371489047e-07
-5.718845972893659457e-07
-5.831214239703507502e-07
-5.750100984944305981e-07
-5.717760035341826601e-07
-5.707748312520382233e-07
-5.505210230447836783e-07
-5.349172393561504791e-07
-5.634573780067239153e-07
-6.065294889851178079e-07
-6.347568371374328577e-07
-6.385609613292369028e-07
-6.098237119800311016e-07
-5.863630523384813780e-07
-6.057945111812792176e-07
-6.449956766975107242e-07
-6.335217639781852132e-07
-5.910065309283884586e-07
-5.831242909838987484e-07
-5.653523802434576717e-07
-5.339896354048615046e-07
-5.176756969085176579e-07
-5.332095122951880421e-07
-5.776949269998222412e-07
-6.107108624787763182e-07
-6.146695316396285958e-07
-6.297701737677159345e-07
-6.233210012834937521e-07
-6.094098862097128762e-07
-5.970043215905190412e-07
-6.187519270932514526e-07
-6.652322232482431212e-07
-6.439913624210513982e-07
-6.648139602831148337e-07
-6.788225400482259155e-07
-6.756153762297361067e-07
-6.707098985513458180e-07
-6.411815157847674143e-07
-6.388230149399435414e-07
-6.344599400889980419e-07
-6.188944000927790439e-07
-6.042768531406600660e-07
-6.106688298517614447e-07
-6.319912046441322497e-07
-6.356481941031726539e-07
-6.617592380211573012e-07
-6.779942308851630254e-07
-6.341732955190242113e-07
-6.032378403116913363e-07
-6.400950930488215053e-07
-6.867457233704092830e-07
-6.564516075211332998e-07
-6.034347419501172177e-07
-5.953930484408410819e-07
-6.241893264623350636e-07
-6.332516388881541158e-07
-6.409583849959458967e-07
-6.271988646609580331e-07
-6.281968316831407732e-07
-6.603120297405458342e-07
-6.712963627016261571e-07
-6.880185264604062302e-07
-7.127189904096208265e-07
-7.429331340930395109e-07
-7.504430735060198305e-07
-7.877107938575220428e-07
-8.666829475017710671e-07
-8.676301831058056082e-07
-8.138281468712445108e-07
-7.904041107991040811e-07
-7.797276192355255049e-07
-7.957555894794521075e-07
-8.857288810473095379e-07
-8.844431865791828259e-07
-8.650979120640859109e-07
-9.178985869114478835e-07
-9.075115300493728054e-07
-9.176190414314629621e-07
-9.643811495294296283e-07
-9.840594128182494672e-07
-9.796284437496974875e-07
-9.968935907019391428e-07
-9.994719869165056831e-07
-1.002401127337167700e-06
-1.000038236314688576e-06
-9.183806696710059883e-07
-8.408725575219525508e-07
-8.197181379056504884e-07
-8.853729885881070249e-07
-9.083920067155138976e-07
-8.768238056712157721e-07
-8.675617335730193315e-07
-8.309942898917496156e-07
-7.966766712990512340e-07
-8.186618588885741064e-07
-8.858725324646378625e-07
-9.621679444711293062e-07
-1.059142334182491756e-06
-1.107564022132868901e-06
-1.253747838296172540e-06
-1.519776811815218065e-06
-1.498217350626018705e-06
-1.557637784182308144e-06
-1.710036778800774721e-06
-1.733104324435821946e-06
-1.874376594744017236e-06
-2.061090307680724954e-06
-2.014067188669620942e-06
-1.998249615207766034e-06
-2.188668959248359436e-06
-2.184820967454075053e-06
-2.333320028331588816e-06
-2.553844143964146844e-06
-2.204703949125836558e-06
-1.928104634735655621e-06
-1.733269486389108775e-06
-1.625692071564221659e-06
-1.909528348324549584e-06
-2.655477598532768134e-06
-4.614048526377618564e-06
-1.421774776728377849e-05
-2.129012480988561485e-03
-3.972371489517581187e-05
-7.432095260870820387e-05
1.857117634831554723e-05
8.666026328703829658e-06
6.359530604622918516e-06
4.976402192601311889e-06
6.338598677559266989e-06
8.928720417811160685e-06
1.054008671882297847e-05
-1.144892639044300958e-04
4.664555442704872460e-04
8.348124799898770166e-05
-4.994860506928549784e-05
2.944111159029049669e-05
9.024424638980166365e-06
7.133001306773748941e-06
1.166298585197052146e-05
1.735312725681345625e-05
3.439144951283427319e-05
2.584121767912854264e-05
1.254905433431737943e-05
1.110858258790080018e-04
-1.929803413508836542e-05
-2.007189810914927671e-05
-2.857083897929006575e-05
-2.989543311251445133e-05
2.528327446259671834e-05
1.087372502486994170e-05
8.660951566969466925e-06
6.275032763569246380e-06
6.885245363967571741e-06
6.318449872460885875e-06
5.558938974785763213e-06
4.347853985847261397e-06
5.789569787666068807e-06
2.114872538944743429e-05
1.128245214835231788e-05
6.744892211739401544e-06
5.516260511058531278e-06
5.803419474110874403e-06
1.397191252249139633e-05
2.555215445082818695e-05
7.575571119639866365e-06
5.955632672501159886e-06
1.501131139751595520e-05
3.207761376709871251e-04
1.423318416804959770e-05
7.368518069164505714e-06
7.014625779074699155e-06
9.854191339009175541e-06
2.765149983533849026e-05
1.501710824822073428e-05
6.475544418316888645e-06
6.945768008035091355e-06
5.807927314583330089e-06
4.220059294095174724e-06
3.539376574718726818e-06
2.993332367698509095e-06
2.304767407130146164e-06
1.851898154495142936e-06
1.820104825006740455e-06
1.761095322861637209e-06
1.712890814375380090e-06
1.550908486789561890e-06
1.433205111579850705e-06
1.487380282105789954e-06
1.562788527280799559e-06
1.593397723351875869e-06
1.508101311905034589e-06
1.406895447324284373e-06
1.406535075056140995e-06
1.365464870451114643e-06
1.352822126520007922e-06
1.432624987596857066e-06
1.574662775539018628e-06
1.930573639272393064e-06
2.333090632398939024e-06
2.191409601299769078e-06
2.033244939210039114e-06
2.233844854121154910e-06
2.728957905315111632e-06
2.755674393527224547e-06
2.768795884534121999e-06
3.077275584695506912e-06
3.256054103913503114e-06
4.190862591368850141e-06
4.810051951596876793e-06
5.761345970006278952e-06
9.447466396476394453e-06
1.059192658125495431e-05
1.150136962372294784e-05
1.343371624518496253e-05
1.059301219957860730e-05
7.670967633434956206e-06
5.638233649807500284e-06
5.619750922562477756e-06
1.183636253004023841e-05
-2.008546039246385611e-05
-7.265786373355423044e-06
-6.131139219012350284e-06
-1.396507095431369422e-05
-2.452530424944236815e-05
-6.171108612665493023e-06
-4.453143566192155819e-06
-4.225449238881638813e-06
-3.397092002379387378e-06
-2.755835699768552752e-06
-2.524084887584233802e-06
-2.713763980864147626e-06
-2.967154649509338560e-06
-2.461002151130073021e-06
-2.258377944929095494e-06
-2.278512908393081839e-06
-2.239536936477185809e-06
-2.446083858612380961e-06
-2.977039633759435897e-06
-4.174256518691150112e-06
-4.320699016135010078e-06
-4.066634164143674579e-06
-3.730160976081741417e-06
-2.905902337246063814e-06
-2.581877236881291844e-06
-2.774365358057167501e-06
-2.682222000671767955e-06
-2.594800207411866096e-06
-3.625589413745874440e-06
-3.772495469214510949e-06
-3.401691479468165361e-06
-3.701070321598453169e-06
-3.956704691885606752e-06
-5.904787660338854165e-06
-8.800716549299904796e-06
-9.100120935631710124e-06
-1.010944877130048846e-05
-9.371370706266741692e-06
-7.081958197272635341e-06
-7.605552736384594614e-06
-1.466995163839598393e-05
-3.160068219025411802e-05
2.639991988404241652e-04
1.460384961583203446e-05
1.247929030895830522e-05
-7.353784334482676402e-05
-6.703141259617943664e-06
-7.688496152917377097e-06
1.312961145214005393e-03
5.132159234277479756e-05
-4.622342985798997026e-05
6.847326932017617964e-05
8.270129509378619517e-06
8.656612852806675089e-06
4.015384529389419307e-05
-3.742753038193163072e-05
-1.495401380790569855e-04
-4.897480703951841353e-05
-1.837058586441311014e-05
-2.401016563711623480e-05
-2.509418758592777253e-05
-1.098013764302524961e-05
-1.389385519793819241e-05
-3.307026679604289313e-05
-6.323107690071578748e-06
-4.052419013638777813e-06
-3.421502256524359885e-06
-2.900323752789650460e-06
-3.066791590821671720e-06
-3.203923320813852799e-06
-4.495734992200210518e-06
-5.979952264015898785e-06
-4.270404359255664243e-06
-4.046995578625633161e-06
-3.862494249389675463e-06
-3.835029196654522845e-06
-4.566329016724596900e-06
-6.202195753625488770e-06
-7.685584462469583541e-06
-8.266379830712584315e-06
-9.536439715244579115e-06
-3.331572477655639336e-05
1.027090244480221407e-05
4.906918558964301441e-06
3.828720883672372128e-06
2.894255968950037146e-06
2.363585209726099660e-06
2.899283905836092547e-06
4.236640189008177476e-06
4.463145398514843805e-06
4.999181660706822202e-06
7.108550561269827137e-06
1.138676385567193074e-05
-2.225401150214638911e-04
-1.839531714491385222e-05
-2.381978770919386930e-05
-1.960196881521744666e-05
-8.245835001732315162e-06
-6.046602196890489733e-06
-1.165466486649734452e-05
-2.313694939660345800e-05
-1.825586970265900136e-05
-2.496863121109717324e-05
-1.140456826888061751e-05
-1.242546915285962302e-05
-8.890077867732313439e-05
-1.902271690779220665e-05
-1.471042607165381884e-05
-7.776474921274282627e-05
1.031616902434448360e-04
2.080669047123569543e-05
8.075624118649425934e-06
4.610037751059388180e-06
3.058344290053825925e-06
2.331696813113723736e-06
2.106629795243718122e-06
2.062615752207526380e-06
1.868591161580874028e-06
1.659484855487159740e-06
1.556738697140553193e-06
1.364820661586653250e-06
1.211944676923989338e-06
1.114189105765977224e-06
1.062718454367548169e-06
1.033137545470301108e-06
1.097989499043657173e-06
1.317404223771195597e-06
1.399412396209303924e-06
1.342092949951541751e-06
1.302662967277991828e-06
1.294518287761439640e-06
1.287485281696048720e-06
1.218576236815068096e-06
1.193606248606534566e-06
1.152483939593810597e-06
1.108824685721801191e-06
1.155757318933483015e-06
1.185305626103085795e-06
1.196493868724362557e-06
1.257298817754374384e-06
1.296091630736927020e-06
1.253061348453548336e-06
1.210905908487536032e-06
1.271592642291940091e-06
1.315115078058183513e-06
1.272247030033301736e-06
1.274652799767252434e-06
1.297134654653227537e-06
1.310056967019966289e-06
1.317587433966217193e-06
1.368436711054599715e-06
1.500192171654582961e-06
1.818476212415111934e-06
1.928685965987618468e-06
1.826541588343341509e-06
2.077649734166634688e-06
2.405149106046267587e-06
2.646724964758614493e-06
3.659242443896309046e-06
5.451977740558045417e-06
4.857585922519083230e-06
3.397391598770426953e-06
2.789883515769431796e-06
3.044585561677404930e-06
2.817807938519179675e-06
2.642529062323504195e-06
2.384655079792468365e-06
1.790171077480420396e-06
1.548382698960508249e-06
1.435059521736841634e-06
1.249348843938897362e-06
1.023002345997661582e-06
9.407981406198630350e-07
9.649838600297346437e-07
9.706525122056983312e-07
9.626975242174638800e-07
1.001893442381132241e-06
1.063276559281959733e-06
1.011013072201015660e-06
1.009060441519350386e-06
1.053433075214437152e-06
1.105568177344877217e-06
1.220467850508732282e-06
1.206147802947527429e-06
1.131436765380609745e-06
1.148076045763294947e-06
1.164395170878534605e-06
1.113031785204449161e-06
1.101708231651469847e-06
1.089526836597854330e-06
1.131314321410279295e-06
1.151575210820698886e-06
1.110436824210589493e-06
1.037521343232547857e-06
9.883169025313226285e-07
1.064191831002553196e-06
