1.000000000000000021e-02
2.000000000000000042e-02
2.999999999999999889e-02
4.000000000000000083e-02
5.000000000000000278e-02
5.999999999999999778e-02
7.000000000000000666e-02
8.000000000000000167e-02
9.000000000000001055e-02
1.000000000000000056e-01
1.099999999999999867e-01
1.199999999999999956e-01
1.300000000000000044e-01
1.400000000000000133e-01
1.499999999999999944e-01
1.600000000000000033e-01
1.700000000000000122e-01
1.800000000000000211e-01
1.900000000000000022e-01
2.000000000000000111e-01
2.100000000000000200e-01
2.199999999999999734e-01
2.299999999999999822e-01
2.399999999999999911e-01
2.500000000000000000e-01
2.600000000000000089e-01
2.700000000000000178e-01
2.800000000000000266e-01
2.900000000000000355e-01
2.999999999999999889e-01
3.099999999999999978e-01
3.200000000000000067e-01
3.300000000000000155e-01
3.400000000000000244e-01
3.500000000000000333e-01
3.600000000000000422e-01
3.699999999999999956e-01
3.800000000000000044e-01
3.900000000000000133e-01
4.000000000000000222e-01
4.100000000000000311e-01
4.200000000000000400e-01
4.300000000000000488e-01
4.399999999999999467e-01
4.499999999999999556e-01
4.599999999999999645e-01
4.699999999999999734e-01
4.799999999999999822e-01
4.899999999999999911e-01
5.000000000000000000e-01
5.100000000000000089e-01
5.200000000000000178e-01
5.300000000000000266e-01
5.400000000000000355e-01
5.500000000000000444e-01
5.600000000000000533e-01
5.700000000000000622e-01
5.800000000000000711e-01
5.900000000000000799e-01
5.999999999999999778e-01
6.099999999999999867e-01
6.199999999999999956e-01
6.300000000000000044e-01
6.400000000000000133e-01
6.500000000000000222e-01
6.600000000000000311e-01
6.700000000000000400e-01
6.800000000000000488e-01
6.900000000000000577e-01
7.000000000000000666e-01
7.100000000000000755e-01
7.200000000000000844e-01
7.299999999999999822e-01
7.399999999999999911e-01
7.500000000000000000e-01
7.600000000000000089e-01
7.700000000000000178e-01
7.800000000000000266e-01
7.900000000000000355e-01
8.000000000000000444e-01
8.100000000000000533e-01
8.200000000000000622e-01
8.300000000000000711e-01
8.400000000000000799e-01
8.500000000000000888e-01
8.600000000000000977e-01
8.700000000000001066e-01
8.799999999999998934e-01
8.899999999999999023e-01
8.999999999999999112e-01
9.099999999999999201e-01
9.199999999999999289e-01
9.299999999999999378e-01
9.399999999999999467e-01
9.499999999999999556e-01
9.599999999999999645e-01
9.699999999999999734e-01
9.799999999999999822e-01
9.899999999999999911e-01
1.000000000000000000e+00
1.010000000000000009e+00
1.020000000000000018e+00
1.030000000000000027e+00
1.040000000000000036e+00
1.050000000000000044e+00
1.060000000000000053e+00
1.070000000000000062e+00
1.080000000000000071e+00
1.090000000000000080e+00
1.100000000000000089e+00
1.110000000000000098e+00
1.120000000000000107e+00
1.130000000000000115e+00
1.140000000000000124e+00
1.150000000000000133e+00
1.160000000000000142e+00
1.170000000000000151e+00
1.180000000000000160e+00
1.190000000000000169e+00
1.199999999999999956e+00
1.209999999999999964e+00
1.219999999999999973e+00
1.229999999999999982e+00
1.239999999999999991e+00
1.250000000000000000e+00
1.260000000000000009e+00
1.270000000000000018e+00
1.280000000000000027e+00
1.290000000000000036e+00
1.300000000000000044e+00
1.310000000000000053e+00
1.320000000000000062e+00
1.330000000000000071e+00
1.340000000000000080e+00
1.350000000000000089e+00
1.360000000000000098e+00
1.370000000000000107e+00
1.380000000000000115e+00
1.390000000000000124e+00
1.400000000000000133e+00
1.410000000000000142e+00
1.420000000000000151e+00
1.430000000000000160e+00
1.440000000000000169e+00
1.449999999999999956e+00
1.459999999999999964e+00
1.469999999999999973e+00
1.479999999999999982e+00
1.489999999999999991e+00
1.500000000000000000e+00
1.510000000000000009e+00
1.520000000000000018e+00
1.530000000000000027e+00
1.540000000000000036e+00
1.550000000000000044e+00
1.560000000000000053e+00
1.570000000000000062e+00
1.580000000000000071e+00
1.590000000000000080e+00
1.600000000000000089e+00
1.610000000000000098e+00
1.620000000000000107e+00
1.630000000000000115e+00
1.640000000000000124e+00
1.650000000000000133e+00
1.660000000000000142e+00
1.670000000000000151e+00
1.680000000000000160e+00
1.690000000000000169e+00
1.700000000000000178e+00
1.710000000000000187e+00
1.720000000000000195e+00
1.730000000000000204e+00
1.740000000000000213e+00
1.750000000000000222e+00
1.759999999999999787e+00
1.770000000000000018e+00
1.779999999999999805e+00
1.790000000000000036e+00
1.799999999999999822e+00
1.810000000000000053e+00
1.819999999999999840e+00
1.830000000000000071e+00
1.839999999999999858e+00
1.850000000000000089e+00
1.859999999999999876e+00
1.870000000000000107e+00
1.879999999999999893e+00
1.890000000000000124e+00
1.899999999999999911e+00
1.910000000000000142e+00
1.919999999999999929e+00
1.930000000000000160e+00
1.939999999999999947e+00
1.950000000000000178e+00
1.959999999999999964e+00
1.970000000000000195e+00
1.979999999999999982e+00
1.990000000000000213e+00
2.000000000000000000e+00
2.010000000000000231e+00
2.020000000000000018e+00
2.030000000000000249e+00
2.040000000000000036e+00
2.050000000000000266e+00
2.060000000000000053e+00
2.070000000000000284e+00
2.080000000000000071e+00
2.089999999999999858e+00
2.100000000000000089e+00
2.109999999999999876e+00
2.120000000000000107e+00
2.129999999999999893e+00
2.140000000000000124e+00
2.149999999999999911e+00
2.160000000000000142e+00
2.169999999999999929e+00
2.180000000000000160e+00
2.189999999999999947e+00
2.200000000000000178e+00
2.209999999999999964e+00
2.220000000000000195e+00
2.229999999999999982e+00
2.240000000000000213e+00
2.250000000000000000e+00
2.260000000000000231e+00
2.270000000000000018e+00
2.280000000000000249e+00
2.290000000000000036e+00
2.300000000000000266e+00
2.310000000000000053e+00
2.320000000000000284e+00
2.330000000000000071e+00
2.340000000000000302e+00
2.350000000000000089e+00
2.360000000000000320e+00
2.370000000000000107e+00
2.380000000000000338e+00
2.390000000000000124e+00
2.399999999999999911e+00
2.410000000000000142e+00
2.419999999999999929e+00
2.429999999999999716e+00
2.439999999999999947e+00
2.450000000000000178e+00
2.459999999999999964e+00
2.469999999999999751e+00
2.479999999999999982e+00
2.490000000000000213e+00
2.500000000000000000e+00
2.509999999999999787e+00
2.520000000000000018e+00
2.530000000000000249e+00
2.540000000000000036e+00
2.549999999999999822e+00
2.560000000000000053e+00
2.570000000000000284e+00
2.580000000000000071e+00
2.589999999999999858e+00
2.600000000000000089e+00
2.610000000000000320e+00
2.620000000000000107e+00
2.629999999999999893e+00
2.640000000000000124e+00
2.650000000000000355e+00
2.660000000000000142e+00
2.669999999999999929e+00
2.680000000000000160e+00
2.690000000000000391e+00
2.700000000000000178e+00
2.709999999999999964e+00
2.720000000000000195e+00
2.730000000000000426e+00
2.740000000000000213e+00
2.750000000000000000e+00
2.760000000000000231e+00
2.770000000000000462e+00
2.780000000000000249e+00
2.790000000000000036e+00
2.800000000000000266e+00
2.810000000000000497e+00
2.820000000000000284e+00
2.830000000000000071e+00
2.840000000000000302e+00
2.850000000000000533e+00
2.860000000000000320e+00
2.870000000000000107e+00
2.880000000000000338e+00
2.889999999999999680e+00
2.899999999999999911e+00
2.909999999999999698e+00
2.919999999999999929e+00
2.929999999999999716e+00
2.939999999999999947e+00
2.949999999999999734e+00
2.959999999999999964e+00
2.969999999999999751e+00
2.979999999999999982e+00
2.989999999999999769e+00
3.000000000000000000e+00
3.009999999999999787e+00
3.020000000000000018e+00
3.029999999999999805e+00
3.040000000000000036e+00
3.049999999999999822e+00
3.060000000000000053e+00
3.069999999999999840e+00
3.080000000000000071e+00
3.089999999999999858e+00
3.100000000000000089e+00
3.109999999999999876e+00
3.120000000000000107e+00
3.129999999999999893e+00
3.140000000000000124e+00
3.149999999999999911e+00
3.160000000000000142e+00
3.169999999999999929e+00
3.180000000000000160e+00
3.189999999999999947e+00
3.200000000000000178e+00
3.209999999999999964e+00
3.220000000000000195e+00
3.229999999999999982e+00
3.240000000000000213e+00
3.250000000000000000e+00
3.260000000000000231e+00
3.270000000000000018e+00
3.280000000000000249e+00
3.290000000000000036e+00
3.300000000000000266e+00
3.310000000000000053e+00
3.320000000000000284e+00
3.330000000000000071e+00
3.340000000000000302e+00
3.350000000000000089e+00
3.360000000000000320e+00
3.370000000000000107e+00
3.380000000000000338e+00
3.390000000000000124e+00
3.400000000000000355e+00
3.410000000000000142e+00
3.420000000000000373e+00
3.430000000000000160e+00
3.440000000000000391e+00
3.450000000000000178e+00
3.460000000000000409e+00
3.470000000000000195e+00
3.480000000000000426e+00
3.490000000000000213e+00
3.500000000000000444e+00
3.510000000000000231e+00
3.519999999999999574e+00
3.529999999999999805e+00
3.540000000000000036e+00
3.549999999999999822e+00
3.559999999999999609e+00
3.569999999999999840e+00
3.580000000000000071e+00
3.589999999999999858e+00
3.599999999999999645e+00
3.609999999999999876e+00
3.620000000000000107e+00
3.629999999999999893e+00
3.639999999999999680e+00
3.649999999999999911e+00
3.660000000000000142e+00
3.669999999999999929e+00
3.679999999999999716e+00
3.689999999999999947e+00
3.700000000000000178e+00
3.709999999999999964e+00
3.719999999999999751e+00
3.729999999999999982e+00
3.740000000000000213e+00
3.750000000000000000e+00
3.759999999999999787e+00
3.770000000000000018e+00
3.780000000000000249e+00
3.790000000000000036e+00
3.799999999999999822e+00
3.810000000000000053e+00
3.820000000000000284e+00
3.830000000000000071e+00
3.839999999999999858e+00
3.850000000000000089e+00
3.860000000000000320e+00
3.870000000000000107e+00
3.879999999999999893e+00
3.890000000000000124e+00
3.900000000000000355e+00
3.910000000000000142e+00
3.919999999999999929e+00
3.930000000000000160e+00
3.940000000000000391e+00
3.950000000000000178e+00
3.959999999999999964e+00
3.970000000000000195e+00
3.980000000000000426e+00
3.990000000000000213e+00
4.000000000000000000e+00
4.009999999999999787e+00
4.020000000000000462e+00
4.030000000000000249e+00
4.040000000000000036e+00
4.050000000000000711e+00
4.060000000000000497e+00
4.070000000000000284e+00
4.080000000000000071e+00
4.089999999999999858e+00
4.100000000000000533e+00
4.110000000000000320e+00
4.120000000000000107e+00
4.130000000000000782e+00
4.140000000000000568e+00
4.150000000000000355e+00
4.160000000000000142e+00
4.169999999999999929e+00
4.179999999999999716e+00
4.189999999999999503e+00
4.200000000000000178e+00
4.209999999999999964e+00
4.219999999999999751e+00
4.229999999999999538e+00
4.240000000000000213e+00
4.250000000000000000e+00
4.259999999999999787e+00
4.269999999999999574e+00
4.280000000000000249e+00
4.290000000000000036e+00
4.299999999999999822e+00
4.309999999999999609e+00
4.320000000000000284e+00
4.330000000000000071e+00
4.339999999999999858e+00
4.349999999999999645e+00
4.360000000000000320e+00
4.370000000000000107e+00
4.379999999999999893e+00
4.389999999999999680e+00
4.400000000000000355e+00
4.410000000000000142e+00
4.419999999999999929e+00
4.429999999999999716e+00
4.440000000000000391e+00
4.450000000000000178e+00
4.459999999999999964e+00
4.469999999999999751e+00
4.480000000000000426e+00
4.490000000000000213e+00
4.500000000000000000e+00
4.509999999999999787e+00
4.520000000000000462e+00
4.530000000000000249e+00
4.540000000000000036e+00
4.549999999999999822e+00
4.560000000000000497e+00
4.570000000000000284e+00
4.580000000000000071e+00
4.589999999999999858e+00
4.600000000000000533e+00
4.610000000000000320e+00
4.620000000000000107e+00
4.629999999999999893e+00
4.640000000000000568e+00
4.650000000000000355e+00
4.660000000000000142e+00
4.669999999999999929e+00
4.680000000000000604e+00
4.690000000000000391e+00
4.700000000000000178e+00
4.709999999999999964e+00
4.720000000000000639e+00
4.730000000000000426e+00
4.740000000000000213e+00
4.750000000000000000e+00
4.760000000000000675e+00
4.770000000000000462e+00
4.780000000000000249e+00
4.790000000000000036e+00
4.799999999999999822e+00
4.809999999999999609e+00
4.820000000000000284e+00
4.830000000000000071e+00
4.839999999999999858e+00
4.849999999999999645e+00
4.859999999999999432e+00
4.870000000000000107e+00
4.879999999999999893e+00
4.889999999999999680e+00
4.900000000000000355e+00
4.910000000000000142e+00
4.919999999999999929e+00
4.929999999999999716e+00
4.939999999999999503e+00
4.950000000000000178e+00
4.959999999999999964e+00
4.969999999999999751e+00
4.980000000000000426e+00
4.990000000000000213e+00
5.000000000000000000e+00
5.009999999999999787e+00
5.019999999999999574e+00
5.030000000000000249e+00
5.040000000000000036e+00
5.049999999999999822e+00
5.060000000000000497e+00
5.070000000000000284e+00
5.080000000000000071e+00
5.089999999999999858e+00
5.099999999999999645e+00
5.110000000000000320e+00
5.120000000000000107e+00
5.129999999999999893e+00
5.140000000000000568e+00
5.150000000000000355e+00
5.160000000000000142e+00
5.169999999999999929e+00
5.179999999999999716e+00
5.190000000000000391e+00
5.200000000000000178e+00
5.209999999999999964e+00
5.220000000000000639e+00
5.230000000000000426e+00
5.240000000000000213e+00
5.250000000000000000e+00
5.259999999999999787e+00
5.270000000000000462e+00
5.280000000000000249e+00
5.290000000000000036e+00
5.300000000000000711e+00
5.310000000000000497e+00
5.320000000000000284e+00
5.330000000000000071e+00
5.339999999999999858e+00
5.350000000000000533e+00
5.360000000000000320e+00
5.370000000000000107e+00
5.380000000000000782e+00
5.390000000000000568e+00
5.400000000000000355e+00
5.410000000000000142e+00
5.419999999999999929e+00
5.430000000000000604e+00
5.440000000000000391e+00
5.450000000000000178e+00
5.460000000000000853e+00
5.470000000000000639e+00
5.480000000000000426e+00
5.490000000000000213e+00
5.500000000000000000e+00
5.510000000000000675e+00
5.520000000000000462e+00
5.530000000000000249e+00
5.540000000000000924e+00
5.550000000000000711e+00
5.560000000000000497e+00
5.570000000000000284e+00
5.580000000000000071e+00
5.590000000000000746e+00
5.600000000000000533e+00
5.610000000000000320e+00
5.620000000000000995e+00
5.630000000000000782e+00
5.640000000000000568e+00
5.650000000000000355e+00
5.660000000000000142e+00
5.670000000000000817e+00
5.680000000000000604e+00
5.690000000000000391e+00
5.700000000000001066e+00
5.710000000000000853e+00
5.720000000000000639e+00
5.730000000000000426e+00
5.740000000000000213e+00
5.750000000000000888e+00
5.760000000000000675e+00
5.769999999999999574e+00
5.779999999999999361e+00
5.789999999999999147e+00
5.799999999999999822e+00
5.809999999999999609e+00
5.819999999999999396e+00
5.830000000000000071e+00
5.839999999999999858e+00
5.849999999999999645e+00
5.859999999999999432e+00
5.869999999999999218e+00
5.879999999999999893e+00
5.889999999999999680e+00
5.899999999999999467e+00
5.910000000000000142e+00
5.919999999999999929e+00
5.929999999999999716e+00
5.939999999999999503e+00
5.949999999999999289e+00
5.959999999999999964e+00
5.969999999999999751e+00
5.979999999999999538e+00
5.990000000000000213e+00
6.000000000000000000e+00
6.009999999999999787e+00
6.019999999999999574e+00
6.029999999999999361e+00
6.040000000000000036e+00
6.049999999999999822e+00
6.059999999999999609e+00
6.070000000000000284e+00
6.080000000000000071e+00
6.089999999999999858e+00
6.099999999999999645e+00
6.109999999999999432e+00
6.120000000000000107e+00
6.129999999999999893e+00
6.139999999999999680e+00
6.150000000000000355e+00
6.160000000000000142e+00
6.169999999999999929e+00
6.179999999999999716e+00
6.189999999999999503e+00
6.200000000000000178e+00
6.209999999999999964e+00
6.219999999999999751e+00
6.230000000000000426e+00
6.240000000000000213e+00
6.250000000000000000e+00
6.259999999999999787e+00
6.269999999999999574e+00
6.280000000000000249e+00
6.290000000000000036e+00
6.299999999999999822e+00
6.310000000000000497e+00
6.320000000000000284e+00
6.330000000000000071e+00
6.339999999999999858e+00
6.349999999999999645e+00
6.360000000000000320e+00
6.370000000000000107e+00
6.379999999999999893e+00
6.390000000000000568e+00
6.400000000000000355e+00
6.410000000000000142e+00
6.419999999999999929e+00
6.429999999999999716e+00
6.440000000000000391e+00
6.450000000000000178e+00
6.459999999999999964e+00
6.470000000000000639e+00
6.480000000000000426e+00
6.490000000000000213e+00
6.500000000000000000e+00
6.509999999999999787e+00
6.520000000000000462e+00
6.530000000000000249e+00
6.540000000000000036e+00
6.550000000000000711e+00
6.560000000000000497e+00
6.570000000000000284e+00
6.580000000000000071e+00
6.589999999999999858e+00
6.600000000000000533e+00
6.610000000000000320e+00
6.620000000000000107e+00
6.630000000000000782e+00
6.640000000000000568e+00
6.650000000000000355e+00
6.660000000000000142e+00
6.669999999999999929e+00
6.680000000000000604e+00
6.690000000000000391e+00
6.700000000000000178e+00
6.710000000000000853e+00
6.720000000000000639e+00
6.730000000000000426e+00
6.740000000000000213e+00
6.750000000000000000e+00
6.760000000000000675e+00
6.770000000000000462e+00
6.780000000000000249e+00
6.790000000000000924e+00
6.800000000000000711e+00
6.810000000000000497e+00
6.820000000000000284e+00
6.830000000000000071e+00
6.840000000000000746e+00
6.850000000000000533e+00
6.860000000000000320e+00
6.870000000000000995e+00
6.880000000000000782e+00
6.890000000000000568e+00
6.900000000000000355e+00
6.910000000000000142e+00
6.920000000000000817e+00
6.930000000000000604e+00
6.940000000000000391e+00
6.950000000000001066e+00
6.960000000000000853e+00
6.970000000000000639e+00
6.980000000000000426e+00
6.990000000000000213e+00
7.000000000000000888e+00
7.010000000000000675e+00
7.020000000000000462e+00
7.030000000000001137e+00
7.039999999999999147e+00
7.049999999999999822e+00
7.059999999999999609e+00
7.069999999999999396e+00
7.080000000000000071e+00
7.089999999999999858e+00
7.099999999999999645e+00
7.109999999999999432e+00
7.119999999999999218e+00
7.129999999999999893e+00
7.139999999999999680e+00
7.149999999999999467e+00
7.160000000000000142e+00
7.169999999999999929e+00
7.179999999999999716e+00
7.189999999999999503e+00
7.199999999999999289e+00
7.209999999999999964e+00
7.219999999999999751e+00
7.229999999999999538e+00
7.240000000000000213e+00
7.250000000000000000e+00
7.259999999999999787e+00
7.269999999999999574e+00
7.279999999999999361e+00
7.290000000000000036e+00
7.299999999999999822e+00
7.309999999999999609e+00
7.320000000000000284e+00
7.330000000000000071e+00
7.339999999999999858e+00
7.349999999999999645e+00
7.359999999999999432e+00
7.370000000000000107e+00
7.379999999999999893e+00
7.389999999999999680e+00
7.400000000000000355e+00
7.410000000000000142e+00
7.419999999999999929e+00
7.429999999999999716e+00
7.439999999999999503e+00
7.450000000000000178e+00
7.459999999999999964e+00
7.469999999999999751e+00
7.480000000000000426e+00
7.490000000000000213e+00
7.500000000000000000e+00
7.509999999999999787e+00
7.519999999999999574e+00
7.530000000000000249e+00
7.540000000000000036e+00
7.549999999999999822e+00
7.560000000000000497e+00
7.570000000000000284e+00
7.580000000000000071e+00
7.589999999999999858e+00
7.599999999999999645e+00
7.610000000000000320e+00
7.620000000000000107e+00
7.629999999999999893e+00
7.640000000000000568e+00
7.650000000000000355e+00
7.660000000000000142e+00
7.669999999999999929e+00
7.679999999999999716e+00
7.690000000000000391e+00
7.700000000000000178e+00
7.709999999999999964e+00
7.720000000000000639e+00
7.730000000000000426e+00
7.740000000000000213e+00
7.750000000000000000e+00
7.759999999999999787e+00
7.770000000000000462e+00
7.780000000000000249e+00
7.790000000000000036e+00
7.800000000000000711e+00
7.810000000000000497e+00
7.820000000000000284e+00
7.830000000000000071e+00
7.839999999999999858e+00
7.850000000000000533e+00
7.860000000000000320e+00
7.870000000000000107e+00
7.880000000000000782e+00
7.890000000000000568e+00
7.900000000000000355e+00
7.910000000000000142e+00
7.919999999999999929e+00
7.930000000000000604e+00
7.940000000000000391e+00
7.950000000000000178e+00
7.960000000000000853e+00
7.970000000000000639e+00
7.980000000000000426e+00
7.990000000000000213e+00
8.000000000000000000e+00
8.009999999999999787e+00
8.019999999999999574e+00
8.030000000000001137e+00
8.040000000000000924e+00
8.050000000000000711e+00
8.060000000000000497e+00
8.070000000000000284e+00
8.080000000000000071e+00
8.089999999999999858e+00
8.100000000000001421e+00
8.110000000000001208e+00
8.120000000000000995e+00
8.130000000000000782e+00
8.140000000000000568e+00
8.150000000000000355e+00
8.160000000000000142e+00
8.169999999999999929e+00
8.179999999999999716e+00
8.190000000000001279e+00
8.200000000000001066e+00
8.210000000000000853e+00
8.220000000000000639e+00
8.230000000000000426e+00
8.240000000000000213e+00
8.250000000000000000e+00
8.260000000000001563e+00
8.270000000000001350e+00
8.280000000000001137e+00
8.290000000000000924e+00
8.300000000000000711e+00
8.310000000000000497e+00
8.320000000000000284e+00
8.330000000000000071e+00
8.339999999999999858e+00
8.349999999999999645e+00
8.359999999999999432e+00
8.369999999999999218e+00
8.379999999999999005e+00
8.390000000000000568e+00
8.400000000000000355e+00
8.410000000000000142e+00
8.419999999999999929e+00
8.429999999999999716e+00
8.439999999999999503e+00
8.449999999999999289e+00
8.459999999999999076e+00
8.469999999999998863e+00
8.480000000000000426e+00
8.490000000000000213e+00
8.500000000000000000e+00
8.509999999999999787e+00
8.519999999999999574e+00
8.529999999999999361e+00
8.539999999999999147e+00
8.550000000000000711e+00
8.560000000000000497e+00
8.570000000000000284e+00
8.580000000000000071e+00
8.589999999999999858e+00
8.599999999999999645e+00
8.609999999999999432e+00
8.619999999999999218e+00
8.629999999999999005e+00
8.640000000000000568e+00
8.650000000000000355e+00
8.660000000000000142e+00
8.669999999999999929e+00
8.679999999999999716e+00
8.689999999999999503e+00
8.699999999999999289e+00
8.710000000000000853e+00
8.720000000000000639e+00
8.730000000000000426e+00
8.740000000000000213e+00
8.750000000000000000e+00
8.759999999999999787e+00
8.769999999999999574e+00
8.779999999999999361e+00
8.789999999999999147e+00
8.800000000000000711e+00
8.810000000000000497e+00
8.820000000000000284e+00
8.830000000000000071e+00
8.839999999999999858e+00
8.849999999999999645e+00
8.859999999999999432e+00
8.870000000000000995e+00
8.880000000000000782e+00
8.890000000000000568e+00
8.900000000000000355e+00
8.910000000000000142e+00
8.919999999999999929e+00
8.929999999999999716e+00
8.939999999999999503e+00
8.949999999999999289e+00
8.960000000000000853e+00
8.970000000000000639e+00
8.980000000000000426e+00
8.990000000000000213e+00
9.000000000000000000e+00
9.009999999999999787e+00
9.019999999999999574e+00
9.030000000000001137e+00
9.040000000000000924e+00
9.050000000000000711e+00
9.060000000000000497e+00
9.070000000000000284e+00
9.080000000000000071e+00
9.089999999999999858e+00
9.099999999999999645e+00
9.109999999999999432e+00
9.120000000000000995e+00
9.130000000000000782e+00
9.140000000000000568e+00
9.150000000000000355e+00
9.160000000000000142e+00
9.169999999999999929e+00
9.179999999999999716e+00
9.190000000000001279e+00
9.200000000000001066e+00
9.210000000000000853e+00
9.220000000000000639e+00
9.230000000000000426e+00
9.240000000000000213e+00
9.250000000000000000e+00
9.259999999999999787e+00
9.269999999999999574e+00
9.280000000000001137e+00
9.290000000000000924e+00
9.300000000000000711e+00
9.310000000000000497e+00
9.320000000000000284e+00
9.330000000000000071e+00
9.339999999999999858e+00
9.350000000000001421e+00
9.360000000000001208e+00
9.370000000000000995e+00
9.380000000000000782e+00
9.390000000000000568e+00
9.400000000000000355e+00
9.410000000000000142e+00
9.419999999999999929e+00
9.429999999999999716e+00
9.440000000000001279e+00
9.450000000000001066e+00
9.460000000000000853e+00
9.470000000000000639e+00
9.480000000000000426e+00
9.490000000000000213e+00
9.500000000000000000e+00
9.510000000000001563e+00
9.520000000000001350e+00
9.530000000000001137e+00
9.540000000000000924e+00
9.550000000000000711e+00
9.560000000000000497e+00
9.570000000000000284e+00
9.580000000000000071e+00
9.589999999999999858e+00
9.599999999999999645e+00
9.609999999999999432e+00
9.619999999999999218e+00
9.629999999999999005e+00
9.640000000000000568e+00
9.650000000000000355e+00
9.660000000000000142e+00
9.669999999999999929e+00
9.679999999999999716e+00
9.689999999999999503e+00
9.699999999999999289e+00
9.709999999999999076e+00
9.719999999999998863e+00
9.730000000000000426e+00
9.740000000000000213e+00
9.750000000000000000e+00
9.759999999999999787e+00
9.769999999999999574e+00
9.779999999999999361e+00
9.789999999999999147e+00
9.800000000000000711e+00
9.810000000000000497e+00
9.820000000000000284e+00
9.830000000000000071e+00
9.839999999999999858e+00
9.849999999999999645e+00
9.859999999999999432e+00
9.869999999999999218e+00
9.879999999999999005e+00
9.890000000000000568e+00
9.900000000000000355e+00
9.910000000000000142e+00
9.919999999999999929e+00
9.929999999999999716e+00
9.939999999999999503e+00
9.949999999999999289e+00
9.960000000000000853e+00
9.970000000000000639e+00
9.980000000000000426e+00
9.990000000000000213e+00
0.000000000000000000e+00
1.413177546143815340e-08
7.438850993534360236e-09
5.406996138825199022e-09
4.582638679420572099e-09
4.297186173281331837e-09
4.356321782776634981e-09
4.717281681850638061e-09
5.421068802658850283e-09
6.592728973817034866e-09
8.483674449445169948e-09
1.157116539039995817e-08
1.674831800922694920e-08
2.555583482952748016e-08
3.967099329931032777e-08
5.648418034299385151e-08
6.328892514194227179e-08
5.457783598298520723e-08
4.170087435218245265e-08
3.168397046371643038e-08
2.495385730390942976e-08
2.046675510682127900e-08
1.734476488351188194e-08
1.504138748178458783e-08
1.326921402006865893e-08
1.191227808868324149e-08
1.094558845187037734e-08
1.038034814114736116e-08
1.024629125845740950e-08
1.060042750912048640e-08
1.154891547838002094e-08
1.327332268340182636e-08
1.605748245765701097e-08
2.031589170737453515e-08
2.663572389646370767e-08
3.588323569499737887e-08
4.940165054628142762e-08
6.881299224914995662e-08
9.291096145118929952e-08
1.088077994110245403e-07
9.866573488288963146e-08
7.282100932327193116e-08
5.062681543838379897e-08
3.628592292821249865e-08
2.760162441774403394e-08
2.231876047564341966e-08
1.902556925273234658e-08
1.688327420257769109e-08
1.535400315505373925e-08
1.406073351176344011e-08
1.276605073558100654e-08
1.140334095166848940e-08
1.005972131678809466e-08
8.877609240701463056e-09
7.960044601198990818e-09
7.347487320792649009e-09
7.039592077302314056e-09
7.018632445400298571e-09
7.257741328225153439e-09
7.714392286806578192e-09
8.316632269101458550e-09
8.958672780163162635e-09
9.525576890112780805e-09
9.943922363557899332e-09
1.021776547777276088e-08
1.041696036825730682e-08
1.063949712150911442e-08
1.098845174553067344e-08
1.157801003096409446e-08
1.255971879140578633e-08
1.416811154190095869e-08
1.680296420683131756e-08
2.117578011593005753e-08
2.851529253012696661e-08
4.037099489035145235e-08
5.531258728273182668e-08
6.114559864686112322e-08
4.952453102113293055e-08
3.417390549386583386e-08
2.356401032842260752e-08
1.719253169442509891e-08
1.334751949828188516e-08
1.091577207004495288e-08
9.280027975086610392e-09
8.105835449688278225e-09
7.217115882601271519e-09
6.526653075498954669e-09
5.992771479684781893e-09
5.591930979910182625e-09
5.304980951392287152e-09
5.114351930548360713e-09
5.007218244368026507e-09
4.980461383770891347e-09
5.043786055675642692e-09
5.219259594463303280e-09
5.538907831455850188e-09
6.044100263862065504e-09
6.788685114785436699e-09
7.844582436330648648e-09
9.309077986224030740e-09
1.131572784146457669e-08
1.405805246016875484e-08
1.784005331570073677e-08
2.313857560827471447e-08
3.051432020421769862e-08
3.969134769506704011e-08
4.688043185201894250e-08
4.524149266780401743e-08
3.570324043220824519e-08
2.586520532273262517e-08
1.897530899700587956e-08
1.468621103260509670e-08
1.210091215489246520e-08
1.059143419621938734e-08
9.801504825689731735e-09
9.549591464417820064e-09
9.761704228047945915e-09
1.043744148793161638e-08
1.163449628939796276e-08
1.345729981674036438e-08
1.602327738611322540e-08
1.935395157728356591e-08
2.314176382166577981e-08
2.651549987104334331e-08
2.830341822501024227e-08
2.796400535284315114e-08
2.605601753782271354e-08
2.358315443641191458e-08
2.127375158243714176e-08
1.945460689754004420e-08
1.820136385232748409e-08
1.745518764799897819e-08
1.705477936711173428e-08
1.674320829161193033e-08
1.623299275351808254e-08
1.536826026781764256e-08
1.424983487784178737e-08
1.315782124027737321e-08
1.237313382916330201e-08
1.209395773433552314e-08
1.247015563576126132e-08
1.368961927847021075e-08
1.609780067311327566e-08
2.042723874168362278e-08
2.846533631070789616e-08
4.583752751092769431e-08
1.033531320648037923e-07
-1.026299956521230271e-06
-1.000834159362688015e-07
-5.762219917563714410e-08
-4.308743940486387997e-08
-3.581889441186245563e-08
-3.126709015375962136e-08
-2.788909923182526550e-08
-2.513314822062670981e-08
-2.286494149966788647e-08
-2.108850167394528582e-08
-1.978821786428905774e-08
-1.887181904914903752e-08
-1.818448297121439032e-08
-1.756962579840964038e-08
-1.695264055258490970e-08
-1.637259189112993819e-08
-1.592791096250756907e-08
-1.568889651887238127e-08
-1.564544743902123208e-08
-1.572320779097033229e-08
-1.586099421281065569e-08
-1.610182239920285976e-08
-1.663484478865368916e-08
-1.779018576244429172e-08
-2.006799056164451024e-08
-2.430266929613731281e-08
-3.210632570128894197e-08
-4.702306423195904367e-08
-7.817855154893517365e-08
-1.592037027130580686e-07
-7.365273542888030585e-07
3.322836649222097797e-07
1.268048669976668446e-07
7.251998193049293073e-08
4.879969827225376326e-08
3.666406700450137276e-08
2.995953926775354039e-08
2.609094345398021560e-08
2.382726757000172084e-08
2.253633309405354026e-08
2.183135715759703116e-08
2.138084171367060769e-08
2.087026611714682682e-08
2.011904128636729055e-08
1.918642133220802830e-08
1.828356032839081453e-08
1.759688336399994291e-08
1.720751286960904304e-08
1.709915842857299945e-08
1.717640766890492454e-08
1.729036960524356739e-08
1.730121714067207889e-08
1.716413260807197248e-08
1.696555999028689441e-08
1.686485943836438269e-08
1.700262123315411873e-08
1.744852058770162654e-08
1.819403994674572191e-08
1.916728643937477735e-08
2.026168953980084900e-08
2.139593227458871222e-08
2.261431938220160351e-08
2.420118619898245130e-08
2.679737623050912007e-08
3.164645514351459260e-08
4.153380109609877238e-08
6.494059632392569066e-08
1.464746739383347325e-07
-5.495067252041196634e-06
-2.241504287527025370e-07
-1.817393705916793565e-07
-2.728800980623902537e-07
-6.018458673314870487e-06
3.147092964039794777e-07
2.243964722084656192e-07
4.392821658521102931e-07
-2.662666848607871243e-07
-7.784371459674617301e-08
-4.311785735848315017e-08
-3.078643159289712627e-08
-2.590557997523278536e-08
-2.479208169116212687e-08
-2.650712500391679006e-08
-3.137970271893434614e-08
-4.118716469465875057e-08
-6.143636026685562962e-08
-1.149142124637315405e-07
-4.894594935227396640e-07
3.005956819602667284e-07
1.405880862024033227e-07
1.071666109132695845e-07
9.467040467672812876e-08
8.412771338026907750e-08
6.921238871989746018e-08
5.261631472796596290e-08
3.874126556485651823e-08
2.870196067745702567e-08
2.171162962436955861e-08
1.680997848639319101e-08
1.333481056424959221e-08
1.087619819468849749e-08
9.169540113789449249e-09
8.031229632856224042e-09
7.330874563023621400e-09
6.979510784788271650e-09
6.922490645619576504e-09
7.134927877992412342e-09
7.619121669664392813e-09
8.400480158684356640e-09
9.515517458424500203e-09
1.098133373231882138e-08
1.273918343487966336e-08
1.459255850763701475e-08
1.622068127820162310e-08
1.734806339035101550e-08
1.795191239468386513e-08
1.827248035005075566e-08
1.864044523087608449e-08
1.932550537580977628e-08
2.049279625496368818e-08
2.221197742535733092e-08
2.445668426405941814e-08
2.708849957541533312e-08
2.983333359181689443e-08
3.224336489362021248e-08
3.370074974556225935e-08
3.364864534215742553e-08
3.203169557984006741e-08
2.944073875882840007e-08
2.671525021334837072e-08
2.448532427582507719e-08
2.305574836297251123e-08
2.251470374591362600e-08
2.283269048784940401e-08
2.386011672770161603e-08
2.522856047115914455e-08
2.627608357049828583e-08
2.628194646530632574e-08
2.502488836848785799e-08
2.298202450538675545e-08
2.084877658832712684e-08
1.906980490518648899e-08
1.777135427728975585e-08
1.687499586225321838e-08
1.620974812001776255e-08
1.560813911808882488e-08
1.498075809768177762e-08
1.432556952081611306e-08
1.366992167556871190e-08
1.300520758028566515e-08
1.227739702220726051e-08
1.143787075866140546e-08
1.049482968564076097e-08
9.510449396517342754e-09
8.558252951891065577e-09
7.694252456505910693e-09
6.955478774323729470e-09
6.366358140525897355e-09
5.941840459300253808e-09
5.688854012737770268e-09
5.608648959473377513e-09
5.697994243787420095e-09
5.945990732805319152e-09
6.325796860481105910e-09
6.785489585446110103e-09
7.246319343596512866e-09
7.619491942533026467e-09
7.840135169757682370e-09
7.894808084268203244e-09
7.820618260426569525e-09
7.681012988906284022e-09
7.538309367904734223e-09
7.433324585075614011e-09
7.373591604594099977e-09
7.329718233481395546e-09
7.242354441721426802e-09
7.046442807712665513e-09
6.710024774451334644e-09
6.259530668328596456e-09
5.765059369297374827e-09
5.299303733522992381e-09
4.908064880137014539e-09
4.606956525012097631e-09
4.391886232160666253e-09
4.249590294974633033e-09
4.162774230090957724e-09
4.111134049685558144e-09
4.071806870775196591e-09
4.022811305149962892e-09
3.950059412104916955e-09
3.853630187897790657e-09
3.747250407846780857e-09
3.650162759278322995e-09
3.578463866032183491e-09
3.542071110699453311e-09
3.547930023511256233e-09
3.605093528699476258e-09
3.727057610999300410e-09
3.929981980212321381e-09
4.226478952797874465e-09
4.614651186499418084e-09
5.061723614628156099e-09
5.489254362807877231e-09
5.783835283579229350e-09
5.852809324919144303e-09
5.688997651489354177e-09
5.370192278039315456e-09
4.996027614701242203e-09
4.636482863744701249e-09
4.323170933417284404e-09
4.062364281393293160e-09
3.848493512219498398e-09
3.672654761735831729e-09
3.527068252692273711e-09
3.406260968106134585e-09
3.306180930555273585e-09
3.223221896661836689e-09
3.154533987591575607e-09
3.099535103665451037e-09
3.060902424355307419e-09
3.043724368069495837e-09
3.053545081883012630e-09
3.095019573296516859e-09
3.171566751120494967e-09
3.284871740869368423e-09
3.433509956235794571e-09
3.611325806885115256e-09
3.807043672324406606e-09
4.006371356492911729e-09
4.195609383324968153e-09
4.363647833372649421e-09
4.501540266675394763e-09
4.602436368659008955e-09
4.664176186703108406e-09
4.692852005849419488e-09
4.702618969681902528e-09
4.710792825329627023e-09
4.731964960150161440e-09
4.775254209846062892e-09
4.845407406418315767e-09
4.945610974122078212e-09
5.079883749879527756e-09
5.253864418183148795e-09
5.476596376674718938e-09
5.764943147831239057e-09
6.148673067709791503e-09
6.673192231844872498e-09
7.396011585622859878e-09
8.371722052110639374e-09
9.614650022004755936e-09
1.103016553275843674e-08
1.234906072755824813e-08
1.319689880769483920e-08
1.337397647395028783e-08
1.304829866207391089e-08
1.257661208351841090e-08
1.221791569948409594e-08
1.202216179999304045e-08
1.185186436391677758e-08
1.147569838774469997e-08
1.074527214964426055e-08
9.739592104839495154e-09
8.694283516803635821e-09
7.816040163320597990e-09
7.201359205994566102e-09
6.866228101517790389e-09
6.794098199583387366e-09
6.959429986942892226e-09
7.326973168285818973e-09
7.837679751139863250e-09
8.395633964077577886e-09
8.877679976672774562e-09
9.180678736456488076e-09
9.277003175874912135e-09
9.223122459976012684e-09
9.117474896110188816e-09
9.054574126252087745e-09
9.103360079357498864e-09
9.302744135845382296e-09
9.658362031820528862e-09
1.013540105047609279e-08
1.065519819856516302e-08
1.111166752205609976e-08
1.142056763821690034e-08
1.157549337642485247e-08
1.166926490876478943e-08
1.187796454361391917e-08
1.244548244610293115e-08
1.372911498578201628e-08
1.640812983707589812e-08
2.227226219674053786e-08
3.867097838891602039e-08
1.776241706010777776e-07
-7.269849708002668999e-08
-3.290631940853443553e-08
-2.340615444774888260e-08
-2.011348824533479446e-08
-1.962125017593549733e-08
-2.136981401608673298e-08
-2.612755674598808892e-08
-3.695827368291990689e-08
-6.637192253957399186e-08
-2.488981557189357736e-07
2.000243411606866345e-07
8.532907248593424457e-08
6.018026543416036441e-08
4.859756673829070207e-08
4.091071270166477801e-08
3.497181155692540662e-08
3.053026499653595737e-08
2.765888979141428643e-08
2.635682575548456041e-08
2.659805875110316020e-08
2.840537319327499690e-08
3.179829750805248924e-08
3.656208780264405135e-08
4.189691339658475331e-08
4.647390694783198515e-08
4.941072329624989167e-08
5.116005243502252903e-08
5.303274896668348620e-08
5.618593534700376924e-08
6.098543985828453998e-08
6.650594494992441711e-08
7.039480859271613000e-08
7.025263278746282967e-08
6.596451897931227668e-08
5.939133550811921279e-08
5.194939029100523257e-08
4.392599712468912755e-08
3.561124544873445341e-08
2.796862859675327762e-08
2.192471705900412178e-08
1.772423623089965896e-08
1.512487682389458955e-08
1.379186427653640495e-08
1.348882725640737204e-08
1.410182892553820337e-08
1.558012100547658093e-08
1.779062504273752699e-08
2.023542707772714726e-08
2.181575520772392767e-08
2.139972300520743028e-08
1.910177133119629903e-08
1.615747060012940892e-08
1.357734077762573805e-08
1.169472442935435824e-08
1.047686159695010799e-08
9.803721215893711440e-09
9.571449882037759389e-09
9.706943784133139730e-09
1.014534831941930337e-08
1.077929495082118090e-08
1.139335372899066886e-08
1.166481639552448795e-08
1.134768147510201029e-08
1.051040897685148703e-08
9.481302084377345178e-09
8.574799432544580390e-09
7.953607988662700971e-09
7.662548292896552213e-09
7.694331116479364079e-09
8.024812718223610031e-09
8.618520657763896894e-09
9.421426055300688949e-09
1.035929472510212906e-08
1.135302859023626611e-08
1.234611614227059768e-08
1.332641493059333907e-08
1.433045542208201280e-08
1.543038353084710494e-08
1.671174979922127630e-08
1.824814899859670483e-08
2.006658750339469248e-08
2.207852650679786455e-08
2.394868818821809739e-08
2.498819345913789544e-08
2.440758578455931355e-08
2.204653062377605741e-08
1.869430938030946633e-08
1.539457446379789611e-08
1.274050310970838244e-08
1.084783430233414723e-08
9.607796095203257641e-09
8.858909024609472798e-09
8.444403382067557049e-09
8.216151845963330668e-09
8.035816332418461516e-09
7.799351596625255768e-09
7.473614728607916635e-09
7.099492699359617748e-09
6.748406813496331895e-09
6.475454299096254034e-09
6.302721274197621074e-09
6.227147757004742500e-09
6.237077300397681660e-09
6.326094076857308826e-09
6.496514615128352705e-09
6.752410061459504470e-09
7.086260792551391755e-09
7.465487049775036574e-09
7.826801264472358496e-09
8.090442250793861287e-09
8.198425875656508144e-09
8.152245377388331014e-09
8.009924670149157109e-09
7.840553796458540928e-09
7.680969150013288177e-09
7.524808951852953092e-09
7.339874895014003958e-09
7.098916475579658230e-09
6.803810992343958918e-09
6.486630663853615280e-09
6.191134486368815091e-09
5.952229015942066163e-09
5.785589794025872087e-09
5.688280345437227316e-09
5.644941527684598361e-09
5.635179902090211730e-09
5.640781605149364468e-09
5.650758995739677938e-09
5.662141050130903788e-09
5.677029036586941592e-09
5.698455167268261646e-09
5.726964491486358553e-09
5.758047621161326146e-09
5.781207966511063421e-09
5.781992901572021496e-09
5.748332891941706391e-09
5.679360445257558335e-09
5.589843538997185632e-09
5.505028035017191706e-09
5.448761762870572007e-09
5.433217049313006929e-09
5.456045438390496725e-09
5.506614545136676452e-09
5.577801977448632995e-09
5.675996418367558254e-09
5.822334281073822848e-09
6.045533040172970296e-09
6.374648782750221732e-09
6.839164098820512671e-09
7.474878591643407973e-09
8.331426466406788047e-09
9.483789510321991295e-09
1.105903906677468681e-08
1.329100114335629963e-08
1.660166625371203158e-08
2.166489726901050334e-08
2.916751618619481035e-08
3.827284322548889326e-08
4.388627656573940874e-08
4.106328481538537407e-08
3.348768645269807652e-08
2.641522532826086979e-08
2.121606740520239811e-08
1.750596268798846507e-08
1.475841770504890499e-08
1.265197933273681566e-08
1.103539212544005899e-08
9.843621935600222939e-09
9.043532604384725295e-09
8.612855695062124910e-09
8.538209410981494967e-09
8.816112479444694582e-09
9.447639706734192104e-09
1.041848340401716753e-08
1.166040634729968992e-08
1.300923561143452777e-08
1.420297453698321541e-08
1.495795378983210649e-08
1.508929012482807935e-08
1.458649889967378902e-08
1.359101530453963402e-08
1.231758816767665622e-08
1.098029152527339023e-08
9.743142191421848155e-09
8.702099079196671558e-09
7.894028390345533554e-09
7.318390258548212738e-09
6.956248437956961000e-09
6.780992028909952055e-09
6.761254257549583260e-09
6.859721146587554396e-09
7.033137532139359895e-09
7.236323798128039051e-09
7.430445712393904364e-09
7.590507599946756186e-09
7.705826459289648311e-09
7.774447361204609887e-09
7.799572618711601128e-09
7.791282786564362632e-09
7.765249868685007282e-09
7.735154675529152766e-09
7.707687483488387970e-09
7.686740624336801391e-09
7.684274334655048680e-09
7.729272116582365636e-09
7.867512012522693574e-09
8.154869294120723396e-09
8.651840872697806270e-09
9.423391229424056850e-09
1.054275383950199173e-08
1.209356371289405551e-08
1.415575955748856679e-08
1.674547696970142492e-08
1.968647126601510064e-08
2.247932357835678907e-08
2.440469426015761758e-08
2.498112322726011764e-08
2.432628611509226013e-08
2.298791461519777915e-08
2.154135644884860703e-08
2.038058906859069685e-08
1.971940510309735582e-08
1.967124985611173545e-08
2.033096783686651498e-08
2.182474374381528182e-08
2.430460012746269892e-08
2.780659048907015050e-08
3.180037704137292522e-08
3.459873118299264846e-08
3.410481953616388014e-08
3.034667033607564225e-08
2.552259680874433156e-08
2.137210002112934921e-08
1.835777039318262979e-08
1.630319951977427486e-08
1.488270093158404272e-08
1.379131995422139661e-08
1.279927379896793230e-08
1.178926969371793101e-08
1.076428508579814221e-08
9.799548749942179405e-09
8.970136423549763274e-09
8.305881096705723642e-09
7.787291312128541418e-09
7.365709931127597817e-09
6.992729913255992909e-09
6.646287742617171823e-09
6.338286336204802571e-09
6.099733646143451043e-09
5.961210162442327090e-09
5.944994305065076997e-09
6.068262307753410589e-09
6.350372556696035587e-09
6.818719209134990970e-09
7.511727759000730687e-09
8.479646574627027487e-09
9.785735058688384036e-09
1.151470201522157432e-08
1.380232751272962335e-08
1.692169375067604982e-08
2.154150181051428146e-08
2.962120278273068182e-08
4.900730853362647754e-08
1.664038363004966109e-07
-1.097397613908109783e-07
-4.179867531192708416e-08
-2.709465739544608492e-08
-2.150611972238679385e-08
-1.939834068271610458e-08
-1.935676271462908752e-08
-2.117353749787676106e-08
-2.549219072475463762e-08
-3.468433295197863010e-08
-5.863833189214492445e-08
-2.213543130385759271e-07
1.161760206194093604e-07
4.443419259139079474e-08
2.667806188685938623e-08
1.861818559596312497e-08
1.408326819846440428e-08
1.126910254981235106e-08
9.452317713227893071e-09
8.288801571545839183e-09
7.600565332958222478e-09
7.293948192815411813e-09
7.320974342302930484e-09
7.652885174876114959e-09
8.250158298472136456e-09
9.023535223137758126e-09
9.806357110671347836e-09
1.039212795749938646e-08
1.065164072846325640e-08
1.061737887265620819e-08
1.043085989773167479e-08
1.022737925553031499e-08
1.007461505722101520e-08
9.977743150774406582e-09
9.914440137571019848e-09
9.872183643761400975e-09
9.870512514231306230e-09
9.959561487099544644e-09
1.020261665618187955e-08
1.066052333772691585e-08
1.138270120301407323e-08
1.239710461514754184e-08
1.368723691556253450e-08
1.515349623810392878e-08
1.657946117209831173e-08
1.765933410220253891e-08
1.812422810860443757e-08
1.789385220612247044e-08
1.712181656901091630e-08
1.609246996214105546e-08
1.506941011757245040e-08
1.420818586238155482e-08
1.355277782522952084e-08
1.307074483067667603e-08
1.269169428437402776e-08
1.233977820650254993e-08
1.196101258905601114e-08
1.154027358914824961e-08
1.109603199343015191e-08
1.065268805069186891e-08
1.021695374376320616e-08
9.779724758052730317e-09
9.334254693906308854e-09
8.888335002644940610e-09
8.458241200218292461e-09
8.057504928041377530e-09
7.694968295007068575e-09
7.378685358467618854e-09
7.119169808741439028e-09
6.932013147104163618e-09
6.839736298069493480e-09
6.872393473178963904e-09
7.064461343367823262e-09
7.447063132225410543e-09
8.035696702292990210e-09
8.808909032122030898e-09
9.678405856956615628e-09
1.047124945363282591e-08
1.097247801270668113e-08
1.104862656912842538e-08
1.075181518307021674e-08
1.027714418852727749e-08
9.829082960781520749e-09
9.538544062623935518e-09
9.453939224352511853e-09
9.560441008701596796e-09
9.801395773131133867e-09
1.010172724962450464e-08
1.039180773281572688e-08
1.061962149954027808e-08
1.074802074164961058e-08
1.075084014546027658e-08
1.061598155839729155e-08
1.034191986809905689e-08
9.924992056108503316e-09
9.357913341437270971e-09
8.648294433409295835e-09
7.837717066783547972e-09
6.998560306989372567e-09
6.208128302883150041e-09
5.522281919832343676e-09
4.967544838969962486e-09
4.548992841433656472e-09
4.260876532036441662e-09
4.093999399814834733e-09
4.038917516339575721e-09
4.085860777777906621e-09
4.222792049318934934e-09
4.432154419462933637e-09
4.687132678999631416e-09
4.949779468288894350e-09
5.175449609288810861e-09
5.326434196960073483e-09
5.388585644041455494e-09
5.377414832271292536e-09
5.328523954151912872e-09
5.281930253985882129e-09
5.270368680743372929e-09
5.313224779436848175e-09
5.413534724719520297e-09
5.555837231688236735e-09
5.706792886092853476e-09
5.822904076094060386e-09
5.867676285490052030e-09
5.832123611218418091e-09
5.743327247110978870e-09
5.651801124564673674e-09
5.607618744523173195e-09
5.642805627319400508e-09
5.766859128457153195e-09
5.971868323681653871e-09
6.241858083506142669e-09
6.561431793240212526e-09
6.918764840467632759e-09
7.300991681378924631e-09
7.685766122195826733e-09
8.036315207346321236e-09
8.306712136659379573e-09
8.458527041595813999e-09
8.480911362000460715e-09
8.398292745398544806e-09
8.259381783883724788e-09
8.118623194925201052e-09
8.022115693168048429e-09
7.999186321192455824e-09
8.056380004749083621e-09
8.173151488609597349e-09
8.301812144194418974e-09
8.379178811630302556e-09
8.351865051318016458e-09
8.202972695078833172e-09
7.961210535961506947e-09
7.687186626226679032e-09
7.449145662279036617e-09
7.304279487965720026e-09
7.289911070124449857e-09
7.418943428644593224e-09
7.672084533026292340e-09
7.984157627776545805e-09
8.240160828555597877e-09
8.309001536577894233e-09
8.118319078745922825e-09
7.706150791146975164e-09
7.185571718700057795e-09
6.666898127759682586e-09
6.216547531009962259e-09
5.861535468919574206e-09
5.606156343639672695e-09
5.442255199936632487e-09
5.352498939451221195e-09
5.311305461908316400e-09
5.289313118979378703e-09
5.263120387311085843e-09
5.225414741972487933e-09
5.187632208812266170e-09
5.173347590292368171e-09
5.209082789249099282e-09
5.319575531214842622e-09
5.529052575626471899e-09
5.865692116779558577e-09
6.366537170671818130e-09
7.080851447153721612e-09
8.069762785725598238e-09
9.397406395767257464e-09
1.110238427084145410e-08
1.313991218834979371e-08
1.530830977314258700e-08
1.723363106374956788e-08
1.851105796266107517e-08
1.894116528567416361e-08
1.861124232022661061e-08
1.774552563659592932e-08
1.653558727493890147e-08
1.511478627721370502e-08
1.361967458657863990e-08
1.220761959638472643e-08
1.101236916943120943e-08
1.010162894909482129e-08
9.473923053799452762e-09
9.080622770596305976e-09
8.847819513661835354e-09
8.691994099528678227e-09
8.539692772469115145e-09
8.352932471328782175e-09
8.146765366671944928e-09
7.981682901560757241e-09
7.935308047371904267e-09
8.078706377414212018e-09
8.472669737671136620e-09
9.178939795470102214e-09
1.027422483352549994e-08
1.185372838513232275e-08
1.399896335671507460e-08
1.665551613971291142e-08
1.936117256303298001e-08
2.104995586361810261e-08
2.066946770994027891e-08
1.839201504710946617e-08
1.543095222013993447e-08
1.276124569687567744e-08
1.070219498547003795e-08
9.213257351000990771e-09
8.161655184766155292e-09
7.426701114674686936e-09
6.922216170003396204e-09
6.591878638595982433e-09
6.398476074959295687e-09
6.313784242496194882e-09
6.310196943938645304e-09
6.353770836666425001e-09
6.400813852003036809e-09
6.403531693334765812e-09
6.328645986462955624e-09
6.178937175344431074e-09
5.995991851426247417e-09
5.838395669332734044e-09
5.754945765042919837e-09
5.771091736202889922e-09
5.889037355832633458e-09
6.093789872232264699e-09
6.360845670442308318e-09
6.664324485977049632e-09
6.983296115114290128e-09
7.303976715106876065e-09
7.617483694582034800e-09
7.915541058075386784e-09
8.188418581156995742e-09
8.428257204121938958e-09
8.637080739703229213e-09
8.831083792354579745e-09
9.031618788232436285e-09
9.241890891608907088e-09
9.423263051117957476e-09
9.494713149074808777e-09
9.372568180781815327e-09
9.032388967616803147e-09
8.536533036949584534e-09
7.994281301128299818e-09
7.495618207385629810e-09
7.076949959692068655e-09
6.726381619820457004e-09
6.408624176983131842e-09
6.092405821908136150e-09
5.766347138747089508e-09
5.436838477476077011e-09
5.116901880129312401e-09
4.817492950897293462e-09
4.545220043045719049e-09
4.303448656164596237e-09
4.093070675456710838e-09
3.912895086393612313e-09
3.759798707714204277e-09
3.629167275961173687e-09
3.516258714537273282e-09
3.417780425822716206e-09
3.333158919030250097e-09
3.264814685616995367e-09
3.217156788947024778e-09
3.194994976825810413e-09
3.202170280013164086e-09
3.240931688031918302e-09
3.311914416290219272e-09
3.413994571358974205e-09
3.543737273497729544e-09
3.694957716935600651e-09
3.859252102097907188e-09
4.027573689776205125e-09
4.192347970038002495e-09
4.349469273135703697e-09
4.499196054022042392e-09
4.645956264481369088e-09
4.796237069872650944e-09
4.954118505531005812e-09
5.116550653006488312e-09
5.271905270141162578e-09
5.405977502732623422e-09
0.000000000000000000e+00
1.007845799441538909e-08
6.058327459629677405e-09
4.339121061186406511e-09
3.561887171881018224e-09
3.047544149709607165e-09
2.663061427931398785e-09
2.419754927040575950e-09
2.384123710300283538e-09
2.462435412468926974e-09
2.603399390963308792e-09
2.788543524054123370e-09
3.079075459825064660e-09
3.238938958378338780e-09
3.295361123027570489e-09
3.944767738163824972e-09
4.665845270261747443e-09
4.892586378215832176e-09
5.655520746776011201e-09
7.492554483466277447e-09
9.609476717207940826e-09
1.414325546878138316e-08
2.707273437631243081e-08
3.734706012572794200e-08
1.972577797790265753e-07
-5.482361103730304001e-08
-3.646238804469067306e-08
-2.515872189044464400e-08
-1.941547861306473793e-08
-4.669048236613081663e-08
2.809954260420176643e-08
1.119719410728127052e-08
7.090555260259763608e-09
5.630177972297926710e-09
4.874977411543535457e-09
4.249353476909601332e-09
3.962655869683663438e-09
3.776749023145638405e-09
3.514865168525659408e-09
3.344340355159492501e-09
3.162199881351076676e-09
3.099216087626164657e-09
3.220611994348393024e-09
3.378829598412847490e-09
3.173463427340398537e-09
2.895663199052680599e-09
2.879655990933798077e-09
2.889391033402179719e-09
3.069951474517177351e-09
3.440162304831947577e-09
3.598815175830696026e-09
3.759160726610864239e-09
4.100858322148258159e-09
4.397612242680277487e-09
4.535298774832969348e-09
4.559158180185742538e-09
4.699793916474852411e-09
4.851032936368468469e-09
4.599766088018474660e-09
3.983422280970305301e-09
3.414877785846677731e-09
3.088589490502939031e-09
2.932778802359975559e-09
2.808552177893145727e-09
2.794890055959684596e-09
2.945222550972021877e-09
3.144754087545008740e-09
3.409648703794353267e-09
4.455515634717265562e-09
7.434640290757158669e-09
1.588073679374308727e-08
-1.395950090880017534e-07
-1.884691156296664576e-08
-1.251698279891187368e-08
-9.704494999620482295e-09
-1.062368289522886478e-08
-1.363406439970920519e-08
-1.350669050346769040e-08
-1.261535178540771884e-08
-1.098344093736542718e-08
-8.096808388517234028e-09
-6.689923417581214626e-09
-7.161045604191150500e-09
-7.593567728137122146e-09
-6.462966177979783416e-09
-5.535898390101647206e-09
-4.596401325431220397e-09
-3.900067251008913132e-09
-3.459984152896742621e-09
-3.099112384672349456e-09
-2.675163334296763471e-09
-2.421727535514814002e-09
-2.214420860254429998e-09
-2.010048053300828149e-09
-1.953459119814139343e-09
-1.877246250172347578e-09
-1.799127553606964090e-09
-1.784877820095806076e-09
-1.830062355185945892e-09
-1.844102461662644890e-09
-1.909770422510467850e-09
-2.100961420442320222e-09
-2.317847633216777399e-09
-2.591047845270891597e-09
-2.958111472202581759e-09
-3.300359159665635343e-09
-3.678534111398260339e-09
-4.197330104902749589e-09
-4.291518760452351102e-09
-4.447392515883604276e-09
-4.601047847847456518e-09
-4.521441363345382589e-09
-4.507812657655728194e-09
-4.483853596698341145e-09
-4.961984468317458924e-09
-5.606681335860075694e-09
-5.843421344337197717e-09
-5.676931030891795823e-09
-5.272381087948114841e-09
-4.616012356680503764e-09
-4.185216600224666701e-09
-3.732487006018446688e-09
-3.363235227099072741e-09
-3.562658845684123762e-09
-3.942069018993514748e-09
-4.290059474793847782e-09
-4.840538797732912538e-09
-5.181506404020267678e-09
-5.703517295320576549e-09
-6.322599165613974775e-09
-5.247300613486799023e-09
-4.257518344331142963e-09
-3.557264154977409469e-09
-2.824245131017901642e-09
-2.537182836467844854e-09
-2.447265192258581347e-09
-2.237897979675800200e-09
-2.048144342812568579e-09
-2.057052191323774854e-09
-2.273652567371339927e-09
-2.513264060184485219e-09
-2.679530576588901799e-09
-2.723068392186622016e-09
-2.708286653498751613e-09
-2.896352580114163485e-09
-3.151075450563886167e-09
-3.160061558044179279e-09
-3.136869715331967656e-09
-3.277513857248415143e-09
-3.621216672999760860e-09
-4.556225150287567889e-09
-5.875876894273276857e-09
-7.497229558084590783e-09
-1.084482653333377870e-08
-1.774751150150573602e-08
-5.505922752857241477e-08
5.069626822671110683e-08
2.277642168783511996e-08
1.524962084759027396e-08
1.267808756146822232e-08
1.494338109964587828e-08
1.992577621803755075e-08
3.424052649003973126e-08
5.965088542883931038e-08
-1.618062866285838248e-06
-1.704630201051759774e-08
-9.856739184561423061e-09
-8.781321702058770812e-09
-6.360360909060406645e-09
-4.806873163351887610e-09
-3.853559705312875594e-09
-3.048662796140573123e-09
-2.627566604882423233e-09
-2.427432732454122583e-09
-2.327049564875270437e-09
-2.267844934763691931e-09
-2.238355660775736818e-09
-2.237087227313039894e-09
-2.236684554672970731e-09
-2.340517751293769834e-09
-2.559706314733942183e-09
-2.931776185763852747e-09
-3.567733543599081555e-09
-4.163142969768774433e-09
-4.443169819095770508e-09
-4.865943246886974889e-09
-5.477179541940255855e-09
-6.057133640769010616e-09
-6.696799503837607796e-09
-7.491927619118528157e-09
-7.970493223697397373e-09
-8.218862762536166136e-09
-8.463891601262101335e-09
-7.813376145147710728e-09
-6.882296033676888548e-09
-5.594300491006104243e-09
-4.686999634385980702e-09
-4.446489543847401940e-09
-4.311806333988931071e-09
-4.035402321117212405e-09
-3.965110862091180289e-09
-4.125788058587226923e-09
-4.185292483066037599e-09
-4.007464617184645743e-09
-3.967488141513779712e-09
-3.900776856258040379e-09
-3.696235884870479045e-09
-3.657041211387879440e-09
-3.579963194933006618e-09
-3.729446069415123179e-09
-3.909257573157672997e-09
-3.975904467967081377e-09
-4.093451502404805767e-09
-4.207191817616506018e-09
-4.369965345522507040e-09
-4.502071044420662497e-09
-4.936411055181914968e-09
-4.936214801205432250e-09
-4.584756633700816687e-09
-4.319878239752071010e-09
-4.389571781386668456e-09
-4.472095892074492449e-09
-4.230330548882430996e-09
-4.404475060427658985e-09
-4.540305577928616255e-09
-4.673532511267655844e-09
-4.460535083000203508e-09
-3.768070472786522524e-09
-3.297858309008560077e-09
-2.776028183988938852e-09
-2.249743138202149053e-09
-1.943018012102970433e-09
-1.738062617707226549e-09
-1.536250205864529397e-09
-1.382695199468575036e-09
-1.258353115213387393e-09
-1.147081786224969002e-09
-1.076818253736102757e-09
-1.019726857168485930e-09
-9.415642296833441230e-10
-8.929691175896911076e-10
-8.779362516106130009e-10
-8.635279239133065408e-10
-8.654146725765162676e-10
-8.843318514624525891e-10
-8.931275560983160062e-10
-8.937405489147481629e-10
-8.990014251049064955e-10
-9.267411183524654677e-10
-9.466224541599294954e-10
-9.796060189451186343e-10
-1.025844960723301632e-09
-1.054430442802255005e-09
-1.084963184748764741e-09
-1.110316117863728139e-09
-1.155781886977370845e-09
-1.208807074432188676e-09
-1.249152366616460908e-09
-1.286795185910402321e-09
-1.295177106651972840e-09
-1.257784781489349619e-09
-1.215384212185580681e-09
-1.169842240770671785e-09
-1.129383716306404999e-09
-1.074018235261667911e-09
-9.846904488824549805e-10
-9.107997805850193010e-10
-8.738279179785583626e-10
-8.242391951804897458e-10
-7.700924862583614121e-10
-7.323619040889681398e-10
-7.001536088688570438e-10
-6.900137076630510522e-10
-6.942949840714213805e-10
-6.998947632631087717e-10
-7.219374332728800097e-10
-7.686829546379943392e-10
-8.128579317434487891e-10
-8.472395727652901304e-10
-8.926376262090893829e-10
-9.173673922195487801e-10
-9.427297716055194355e-10
-9.635633987758384317e-10
-9.411309504082838690e-10
-9.256624386445597199e-10
-9.252713273920203806e-10
-9.072245559197090570e-10
-8.919894408350665651e-10
-8.999749002109946002e-10
-9.085236019499163648e-10
-9.080629166266958841e-10
-8.993853583428376754e-10
-8.823135486970757854e-10
-8.644047703705945785e-10
-8.766867370746696157e-10
-9.032391070392037165e-10
-9.068994164020762263e-10
-9.096357383124664756e-10
-9.109971205343160238e-10
-9.053484543576474411e-10
-9.073868719850199764e-10
-9.078301877288097533e-10
-8.946956476331441495e-10
-8.882577657660972145e-10
-8.958971508900699130e-10
-9.043871732751152642e-10
-9.171261253071494509e-10
-9.341893022800973449e-10
-9.524364342359080516e-10
-9.846898771800392605e-10
-1.009214866165248639e-09
-1.041350373052205182e-09
-1.071221448842277803e-09
-1.066564192050740320e-09
-1.057155596203861519e-09
-1.036399621292875461e-09
-1.018499843033671102e-09
-1.015598885793693223e-09
-1.016054524358989843e-09
-1.020583096979074738e-09
-1.033809210510382604e-09
-1.055604613166516678e-09
-1.077341499325703444e-09
-1.109843705434930354e-09
-1.143036384709517682e-09
-1.170205828595069577e-09
-1.176961074230197152e-09
-1.157593675362567184e-09
-1.154816259892523426e-09
-1.142268894327570989e-09
-1.100575295287113737e-09
-1.086304461672371095e-09
-1.114621695989308660e-09
-1.126739274220794163e-09
-1.100832087491700955e-09
-1.081605998377984760e-09
-1.041427442250768747e-09
-9.737836020442702104e-10
-9.262235589070978212e-10
-9.082670758209735587e-10
-8.773049042717799592e-10
-8.595772614193131375e-10
-8.451936728173264661e-10
-8.117666296264797298e-10
-7.955487773776136561e-10
-7.871261909077348061e-10
-7.834308665179444381e-10
-7.815848424502832571e-10
-7.910039459600285636e-10
-7.994202351290376202e-10
-8.243433681306117145e-10
-8.622311628372075053e-10
-8.848481292265130699e-10
-9.045877836566987342e-10
-9.280478946714396695e-10
-9.440661179021960495e-10
-9.544232273337592929e-10
-9.765650103660937724e-10
-9.680848190088552296e-10
-9.501035478615914485e-10
-9.502515158270128277e-10
-9.473625672766021280e-10
-9.384956602640874583e-10
-9.460681089327259533e-10
-9.736999825894287012e-10
-9.914416269355115833e-10
-1.023504633513514150e-09
-1.038051670046962707e-09
-1.037357368391209078e-09
-1.034812342175886347e-09
-1.040589965714900327e-09
-1.045797821986902984e-09
-1.017577780414457555e-09
-1.014245997308297888e-09
-1.004363087021862708e-09
-9.898888944466113315e-10
-9.748268684927072985e-10
-9.264803155284672337e-10
-8.801884019216322188e-10
-8.466449260940595833e-10
-8.137478706790557575e-10
-7.740997428335766968e-10
-7.299011008009200801e-10
-6.942963766649151746e-10
-6.709718532332324797e-10
-6.525193583931266756e-10
-6.290065291736692457e-10
-6.127152649645703343e-10
-6.018054346191481021e-10
-5.869880119520343520e-10
-5.823166123528466027e-10
-5.883700018908934241e-10
-5.889751435427859520e-10
-5.882980090212720945e-10
-5.978765544231145888e-10
-6.100990012259323162e-10
-6.176865497278500309e-10
-6.265916485960979109e-10
-6.365143981215609895e-10
-6.305555434461906936e-10
-6.315847763059024759e-10
-6.432156143885677222e-10
-6.448937633877279516e-10
-6.472049372709898990e-10
-6.471728574295310470e-10
-6.469818242264308612e-10
-6.533323633084350304e-10
-6.563685124055120068e-10
-6.637384458981899590e-10
-6.774395926618989781e-10
-6.947641614925706015e-10
-7.044924166293081150e-10
-7.062151763445091696e-10
-7.139982815065363001e-10
-7.155610275732115174e-10
-6.965743020963093821e-10
-6.694490527227467802e-10
-6.510875106745886868e-10
-6.132074616629159807e-10
-5.635795504160908661e-10
-5.249433874443962918e-10
-4.948257055455453963e-10
-4.791432990189684249e-10
-4.701673656674590553e-10
-4.620856784521975172e-10
-4.647625299744758489e-10
-4.777506345911972757e-10
-4.910982013332160398e-10
-5.003500889438625372e-10
-5.138394521766775845e-10
-5.268385090716403022e-10
-5.366573331099051258e-10
-5.506855968559437029e-10
-5.585311883959094984e-10
-5.578602210166387039e-10
-5.593456417710616782e-10
-5.592885654293395736e-10
-5.594496290512267041e-10
-5.627698034254627084e-10
-5.618767198775637204e-10
-5.534190145359975787e-10
-5.459400474053904247e-10
-5.382929168211093263e-10
-5.295020901843112322e-10
-5.315475764927185964e-10
-5.291025312970181282e-10
-5.228738421726281552e-10
-5.235187322850559358e-10
-5.239696569229188679e-10
-5.215712476998151071e-10
-5.194081219223735015e-10
-5.219050925404350874e-10
-5.202855837706528055e-10
-5.147520132769789450e-10
-5.149741328112222440e-10
-5.152232591346083481e-10
-5.142686440148677871e-10
-5.185565658915408654e-10
-5.214635867417082115e-10
-5.275838457081409652e-10
-5.340997845327633293e-10
-5.413151595559264296e-10
-5.497980080219942586e-10
-5.526222862601770360e-10
-5.629265611298595628e-10
-5.782265123688869126e-10
-5.926302548420909609e-10
-5.963381694937558969e-10
-5.992180951334962156e-10
-6.061903672697846607e-10
-6.120051651491214412e-10
-6.159739707809564134e-10
-6.153214823067350795e-10
-6.247772382353256546e-10
-6.366552983600367868e-10
-6.448128696235126054e-10
-6.442504844412923457e-10
-6.366894010090162273e-10
-6.383766630149881665e-10
-6.303743262528835304e-10
-6.036581679023028240e-10
-5.858281771341871606e-10
-5.764207406776738680e-10
-5.592468586921939292e-10
-5.409613217505919520e-10
-5.305995308068141675e-10
-5.147200095375877363e-10
-4.921282963367867250e-10
-4.757560246839214600e-10
-4.649079193028700045e-10
-4.524328783375131894e-10
-4.454299360413557691e-10
-4.380854524486417950e-10
-4.285734456237083388e-10
-4.255950164634402177e-10
-4.240965133215115183e-10
-4.241737829626268556e-10
-4.264945761376619281e-10
-4.361510361575722630e-10
-4.485627587683588192e-10
-4.683448167526261484e-10
-4.904443201449337540e-10
-5.066964583107726637e-10
-5.236398159315593971e-10
-5.374686302135518783e-10
-5.512813018373618906e-10
-5.659587717210632898e-10
-5.782274244421602351e-10
-5.803985703628098133e-10
-5.760509048576315564e-10
-5.687079464054335655e-10
-5.609064821623024554e-10
-5.507511367595761956e-10
-5.455292851434298060e-10
-5.437372222380616886e-10
-5.296848533257700949e-10
-5.190037896208909193e-10
-5.161518773099446664e-10
-5.088749330160022167e-10
-4.978479411019055097e-10
-4.907082346161000493e-10
-4.827738209791209074e-10
-4.749045152545822414e-10
-4.726213697831456791e-10
-4.677753334174929702e-10
-4.625804175444795879e-10
-4.604568593766991447e-10
-4.575171834707023418e-10
-4.548283089184707468e-10
-4.610495833375355453e-10
-4.734377952033995468e-10
-4.857076343105881607e-10
-4.981475044179951338e-10
-5.072326327291203511e-10
-5.140255705970634603e-10
-5.219180493387337152e-10
-5.263792353472846459e-10
-5.296234204541512230e-10
-5.348956583699567326e-10
-5.385014537523051866e-10
-5.431927018091112032e-10
-5.448722353010167431e-10
-5.412002833455492123e-10
-5.369242989666015738e-10
-5.423388886035036749e-10
-5.513342327776933024e-10
-5.517091507523290269e-10
-5.512321610745896864e-10
-5.454782503782480041e-10
-5.358480275036959642e-10
-5.323159137940336141e-10
-5.287278796878377115e-10
-5.226069275695859800e-10
-5.182166521079669751e-10
-5.164414933454779587e-10
-5.164341560308481392e-10
-5.151402268142398426e-10
-5.135968174576106162e-10
-5.164081445728469162e-10
-5.252421418565772693e-10
-5.367082950853794682e-10
-5.455540071505097376e-10
-5.506682978202686550e-10
-5.553097821629843170e-10
-5.561617414027280923e-10
-5.509311663054332798e-10
-5.444965964094381761e-10
-5.373713656509953371e-10
-5.185478211474343825e-10
-4.958216152661537455e-10
-4.791708766661822362e-10
-4.637725938952514078e-10
-4.542484983962554512e-10
-4.489113616941100587e-10
-4.445472605111321943e-10
-4.464062881012164457e-10
-4.506355651967251594e-10
-4.508300972198489227e-10
-4.501287543745575842e-10
-4.478827396390081060e-10
-4.414784324110693536e-10
-4.366650811960202469e-10
-4.386406465390054871e-10
-4.403716483004940581e-10
-4.363311110809582948e-10
-4.318912175001301671e-10
-4.253546177171728866e-10
-4.184092505262225007e-10
-4.129623279475081404e-10
-4.074705718434911565e-10
-3.992018278631398371e-10
-3.931733842692749350e-10
-3.873532576981763402e-10
-3.806110298041791341e-10
-3.786239514678727866e-10
-3.757300587012813700e-10
-3.725169132579514579e-10
-3.720370590072937982e-10
-3.740358393346903721e-10
-3.745073971524529001e-10
-3.769833066105692639e-10
-3.838138731695423993e-10
-3.904148614829882076e-10
-3.973429511159061488e-10
-4.050782665068982755e-10
-4.110655860933577042e-10
-4.164661375605842790e-10
-4.224046215337385052e-10
-4.235666416478127883e-10
-4.252626769800291211e-10
-4.266278791023028819e-10
-4.259585442666666746e-10
-4.260726235981056895e-10
-4.260247321540875251e-10
-4.298814354587723079e-10
-4.340236204843881909e-10
-4.353161859200656706e-10
-4.343823052959684635e-10
-4.317295221676274147e-10
-4.268374556086838335e-10
-4.228902446938371186e-10
-4.178019729522381416e-10
-4.128048833808068316e-10
-4.154909156649970381e-10
-4.199951629207264512e-10
-4.235411649772914485e-10
-4.283076511504743509e-10
-4.307872344721243067e-10
-4.342212997503756853e-10
-4.377804932263103661e-10
-4.319217624018957971e-10
-4.239998530073179331e-10
-4.160069622207865358e-10
-4.039221407650323688e-10
-3.974536394280335989e-10
-3.949835218598587180e-10
-3.890386055878651355e-10
-3.830505537412711212e-10
-3.835516968958747374e-10
-3.905104257983893090e-10
-3.969928474373246894e-10
-4.008196482638572987e-10
-4.016319879017627096e-10
-4.012256327665401366e-10
-4.049195710112013442e-10
-4.093098051678299479e-10
-4.093953106490308758e-10
-4.089183885976007646e-10
-4.111003506647413291e-10
-4.159137166416349679e-10
-4.256330331392045136e-10
-4.346771183491217578e-10
-4.418245297031380066e-10
-4.498499953540790877e-10
-4.571569101579598455e-10
-4.652285612034922681e-10
-4.734982626191126981e-10
-4.791014826163944110e-10
-4.841961008332374777e-10
-4.871863661606070768e-10
-4.844084377142961339e-10
-4.805462483508566343e-10
-4.757350845868344281e-10
-4.729601818917268684e-10
-4.691006418055296408e-10
-4.568255062234794810e-10
-4.482012920598138017e-10
-4.459020270621612207e-10
-4.376399515985964150e-10
-4.281630833205427760e-10
-4.190541085127926647e-10
-4.075736061268084893e-10
-3.991304309718128310e-10
-3.940994463778398880e-10
-3.912409252318203864e-10
-3.895165308949784193e-10
-3.887737460065577033e-10
-3.888352066381370753e-10
-3.888630473580072812e-10
-3.921549388782306117e-10
-3.981492233024870643e-10
-4.063240735837404449e-10
-4.168031148198562116e-10
-4.241714054843942758e-10
-4.271289784010836140e-10
-4.308452119778372133e-10
-4.352584258860386684e-10
-4.386903423311228966e-10
-4.417434990110114298e-10
-4.447463406326164324e-10
-4.462436491425652327e-10
-4.468297574736529553e-10
-4.474896872418634793e-10
-4.457671726153567683e-10
-4.426416148892277894e-10
-4.363333935105929183e-10
-4.297145229870629100e-10
-4.276174262389844403e-10
-4.265385543541790800e-10
-4.236686663700634305e-10
-4.229502151828023129e-10
-4.246521026561065953e-10
-4.251122501961801376e-10
-4.232559689590202706e-10
-4.229990391683117198e-10
-4.224484791527528393e-10
-4.201448348345530098e-10
-4.197986113976792222e-10
-4.188134144316586117e-10
-4.208320342757899847e-10
-4.232275589897312651e-10
-4.241868085609353459e-10
-4.255896159920207172e-10
-4.268791356346170002e-10
-4.285681929836882926e-10
-4.299473818335692961e-10
-4.337002584971392116e-10
-4.337803924058866638e-10
-4.307094449310490815e-10
-4.281690438036807505e-10
-4.288930950708528676e-10
-4.297182181842095381e-10
-4.274826198581772412e-10
-4.290221648863748114e-10
-4.303007946328293409e-10
-4.316697339785066768e-10
-4.299291336937218634e-10
-4.225303713831409362e-10
-4.160520426083909301e-10
-4.067394662321796955e-10
-3.933602204340711660e-10
-3.827571612839379534e-10
-3.740499415186398676e-10
-3.638570284075544609e-10
-3.546767623745469566e-10
-3.460580849007464865e-10
-3.371871276076660098e-10
-3.308333285920306304e-10
-3.252475602367159060e-10
-3.170025282266121803e-10
-3.113432244721132645e-10
-3.095090888609866468e-10
-3.077938866256734814e-10
-3.081173602481800260e-10
-3.105469539484396246e-10
-3.116003210094846724e-10
-3.117424430918726201e-10
-3.124408365999039507e-10
-3.155425883486461313e-10
-3.176787934227424941e-10
-3.213111575121579903e-10
-3.261279588819556982e-10
-3.289189592286729559e-10
-3.317274042843390205e-10
-3.340550952960218335e-10
-3.380816904076722590e-10
-3.424156037562886686e-10
-3.455348971960704698e-10
-3.483608201951438565e-10
-3.489867331719991764e-10
-3.461345357306162831e-10
-3.428150789778102286e-10
-3.391624156744521037e-10
-3.357223714630508573e-10
-3.307060713385958384e-10
-3.218272224208835843e-10
-3.136470827230497981e-10
-3.092749019474988542e-10
-3.029689469731894039e-10
-2.954465551780316598e-10
-2.898846145597339137e-10
-2.848904221997190714e-10
-2.832377669603030395e-10
-2.839093885246840624e-10
-2.846975444416331642e-10
-2.881515132396615422e-10
-2.951566969527087836e-10
-3.012162881289554388e-10
-3.058163438385380600e-10
-3.115963814371318020e-10
-3.145960183073031745e-10
-3.175320854304657951e-10
-3.199016675247553813e-10
-3.174466049100691804e-10
-3.157049455843493982e-10
-3.157644198183520123e-10
-3.136851752712541245e-10
-3.119918992389274664e-10
-3.131151244956875199e-10
-3.141121266853224084e-10
-3.141723771533188391e-10
-3.132268044118322410e-10
-3.111744220778195008e-10
-3.089969021794364655e-10
-3.105178124460988997e-10
-3.137426820727954911e-10
-3.141461272123715290e-10
-3.145003743552658746e-10
-3.147246568602976407e-10
-3.141396548269460884e-10
-3.144970416403616038e-10
-3.145964928261541288e-10
-3.130538680056920924e-10
-3.122789202929352379e-10
-3.132234126185257608e-10
-3.143224806619088827e-10
-3.158614547017460215e-10
-3.177517136259229310e-10
-3.197408913136300817e-10
-3.232039649182465482e-10
-3.257887206243836414e-10
-3.291457571361590942e-10
-3.320378755463660480e-10
-3.315363248464708754e-10
-3.307111106904193995e-10
-3.288011057846032509e-10
-3.269939932434260690e-10
-3.266534204076805024e-10
-3.266710774330199414e-10
-3.270765957262496388e-10
-3.283473357088081478e-10
-3.304419665067665242e-10
-3.325142426814412406e-10
-3.354248777859235395e-10
-3.382769900539820407e-10
-3.405849031071156708e-10
-3.410401876643937207e-10
-3.393411281568711516e-10
-3.391188119274289376e-10
-3.380523247397762717e-10
-3.343110794667357457e-10
-3.329531033053109286e-10
-3.355179736152015521e-10
-3.366520750025969960e-10
-3.345114703368842444e-10
-3.328858132831419657e-10
-3.290531773108230760e-10
-3.220350494394171454e-10
-3.166980479165701628e-10
-3.145323888489227517e-10
-3.106261282213728981e-10
-3.083804498479042461e-10
-3.066266815498782339e-10
-3.022327488939591193e-10
-3.000714961027073089e-10
-2.989200961900822700e-10
-2.983946427928726448e-10
-2.981858556026053913e-10
-2.995084686315724593e-10
-3.006788021486100368e-10
-3.041432663826339581e-10
-3.090493295984047910e-10
-3.117936589559380427e-10
-3.141003935957902201e-10
-3.168154219855840043e-10
-3.186581636324332617e-10
-3.198286544914764249e-10
-3.221882255593794972e-10
-3.212556483595558240e-10
-3.193765144839177485e-10
-3.193867789314497366e-10
-3.189904034709763313e-10
-3.179214949188888044e-10
-3.187426032904413751e-10
-3.217504988914778951e-10
-3.235665506648939148e-10
-3.267725218383092946e-10
-3.280642116610645316e-10
-3.278660375028903287e-10
-3.275358878467256994e-10
-3.280002386126931966e-10
-3.284545034708926314e-10
-3.256022066778069796e-10
-3.252670555495073686e-10
-3.243880602315423762e-10
-3.229347420643078647e-10
-3.212909123999582593e-10
-3.159144383602131046e-10
-3.104483097016453800e-10
-3.062464847999280246e-10
-3.018137789079065249e-10
-2.961700905413443810e-10
-2.895664563499885806e-10
-2.838403988511417175e-10
-2.798455061638529494e-10
-2.765862463045431791e-10
-2.722846854619292410e-10
-2.692157834295153723e-10
-2.671397746394834117e-10
-2.641716530886161386e-10
-2.632301186802935068e-10
-2.644836255925307399e-10
-2.645911965999241192e-10
-2.644694537026701619e-10
-2.664313585548404430e-10
-2.688292493379270261e-10
-2.703023968160035930e-10
-2.719747762254086909e-10
-2.738120897884728184e-10
-2.727741353617985582e-10
-2.729009225544622260e-10
-2.749592278629530198e-10
-2.753253915596932559e-10
-2.757259681959380840e-10
-2.756652838728507928e-10
-2.756501411245207935e-10
-2.768418271972172275e-10
-2.773831932639025694e-10
-2.785536040716846835e-10
-2.807817549080237687e-10
-2.835769111351682383e-10
-2.851084493517007445e-10
-2.854725006317841306e-10
-2.868990360909676355e-10
-2.873114328206034027e-10
-2.843327889817525665e-10
-2.797453769978486619e-10
-2.765687134838153373e-10
-2.696483727002969077e-10
-2.597178569671947985e-10
-2.513271761719903636e-10
-2.443215141942958056e-10
-2.404607848291336404e-10
-2.381720147274176702e-10
-2.361136345071564699e-10
-2.368199182711976591e-10
-2.400961841846755140e-10
-2.433803249630571226e-10
-2.456582224871651033e-10
-2.488925721795162531e-10
-2.518361123743750799e-10
-2.540351456139391032e-10
-2.571447230905592385e-10
-2.588717633300625096e-10
-2.587881941494230142e-10
-2.591653677435669371e-10
-2.592128674809738443e-10
-2.592728607770556355e-10
-2.599899636086922371e-10
-2.598180932733186127e-10
-2.581055227124401031e-10
-2.566196990019182341e-10
-2.550033669667068948e-10
-2.530098053974532511e-10
-2.534764341359976786e-10
-2.529523700116299535e-10
-2.515370557245593491e-10
-2.516648503944890854e-10
-2.517073786628764102e-10
-2.510840345219814327e-10
-2.505043696347146537e-10
-2.510263007984241644e-10
-2.506251253691719368e-10
-2.493127640424818337e-10
-2.493614907005145224e-10
-2.494209612417984725e-10
-2.491639745806560025e-10
-2.501418690885629079e-10
-2.508632894923766025e-10
-2.523523435395157607e-10
-2.539187053356357804e-10
-2.555533407200349785e-10
-2.573833543416454499e-10
-2.579862168343335460e-10
-2.601661163755934533e-10
-2.633581649527035214e-10
-2.662958355466798996e-10
-2.669594426275076421e-10
-2.673930416482159878e-10
-2.686688090861904026e-10
-2.697542951468997580e-10
-2.705190119971396466e-10
-2.704145246155996515e-10
-2.721769281919284634e-10
-2.743783967012238221e-10
-2.759154415701336302e-10
-2.758430190068760086e-10
-2.744760317696203787e-10
-2.747933826218448024e-10
-2.733403705508111980e-10
-2.682272621151963227e-10
-2.645890705787731633e-10
-2.626175519292914661e-10
-2.589999023170879447e-10
-2.550100527841266737e-10
-2.526848383380645946e-10
-2.490305374082819376e-10
-2.436679477629084021e-10
-2.396611836692492354e-10
-2.368792331960693383e-10
-2.336111079502583483e-10
-2.317395911276652938e-10
-2.297512749676299160e-10
-2.272237991116125340e-10
-2.264936566153128536e-10
-2.261394182042935204e-10
-2.261843914114137318e-10
-2.268679558019910271e-10
-2.296160150451165870e-10
