1.000000000000000021e-02
2.000000000000000042e-02
2.999999999999999889e-02
4.000000000000000083e-02
5.000000000000000278e-02
5.999999999999999778e-02
7.000000000000000666e-02
8.000000000000000167e-02
9.000000000000001055e-02
1.000000000000000056e-01
1.099999999999999867e-01
1.199999999999999956e-01
1.300000000000000044e-01
1.400000000000000133e-01
1.499999999999999944e-01
1.600000000000000033e-01
1.700000000000000122e-01
1.800000000000000211e-01
1.900000000000000022e-01
2.000000000000000111e-01
2.100000000000000200e-01
2.199999999999999734e-01
2.299999999999999822e-01
2.399999999999999911e-01
2.500000000000000000e-01
2.600000000000000089e-01
2.700000000000000178e-01
2.800000000000000266e-01
2.900000000000000355e-01
2.999999999999999889e-01
3.099999999999999978e-01
3.200000000000000067e-01
3.300000000000000155e-01
3.400000000000000244e-01
3.500000000000000333e-01
3.600000000000000422e-01
3.699999999999999956e-01
3.800000000000000044e-01
3.900000000000000133e-01
4.000000000000000222e-01
4.100000000000000311e-01
4.200000000000000400e-01
4.300000000000000488e-01
4.399999999999999467e-01
4.499999999999999556e-01
4.599999999999999645e-01
4.699999999999999734e-01
4.799999999999999822e-01
4.899999999999999911e-01
5.000000000000000000e-01
5.100000000000000089e-01
5.200000000000000178e-01
5.300000000000000266e-01
5.400000000000000355e-01
5.500000000000000444e-01
5.600000000000000533e-01
5.700000000000000622e-01
5.800000000000000711e-01
5.900000000000000799e-01
5.999999999999999778e-01
6.099999999999999867e-01
6.199999999999999956e-01
6.300000000000000044e-01
6.400000000000000133e-01
6.500000000000000222e-01
6.600000000000000311e-01
6.700000000000000400e-01
6.800000000000000488e-01
6.900000000000000577e-01
7.000000000000000666e-01
7.100000000000000755e-01
7.200000000000000844e-01
7.299999999999999822e-01
7.399999999999999911e-01
7.500000000000000000e-01
7.600000000000000089e-01
7.700000000000000178e-01
7.800000000000000266e-01
7.900000000000000355e-01
8.000000000000000444e-01
8.100000000000000533e-01
8.200000000000000622e-01
8.300000000000000711e-01
8.400000000000000799e-01
8.500000000000000888e-01
8.600000000000000977e-01
8.700000000000001066e-01
8.799999999999998934e-01
8.899999999999999023e-01
8.999999999999999112e-01
9.099999999999999201e-01
9.199999999999999289e-01
9.299999999999999378e-01
9.399999999999999467e-01
9.499999999999999556e-01
9.599999999999999645e-01
9.699999999999999734e-01
9.799999999999999822e-01
9.899999999999999911e-01
1.000000000000000000e+00
1.010000000000000009e+00
1.020000000000000018e+00
1.030000000000000027e+00
1.040000000000000036e+00
1.050000000000000044e+00
1.060000000000000053e+00
1.070000000000000062e+00
1.080000000000000071e+00
1.090000000000000080e+00
1.100000000000000089e+00
1.110000000000000098e+00
1.120000000000000107e+00
1.130000000000000115e+00
1.140000000000000124e+00
1.150000000000000133e+00
1.160000000000000142e+00
1.170000000000000151e+00
1.180000000000000160e+00
1.190000000000000169e+00
1.199999999999999956e+00
1.209999999999999964e+00
1.219999999999999973e+00
1.229999999999999982e+00
1.239999999999999991e+00
1.250000000000000000e+00
1.260000000000000009e+00
1.270000000000000018e+00
1.280000000000000027e+00
1.290000000000000036e+00
1.300000000000000044e+00
1.310000000000000053e+00
1.320000000000000062e+00
1.330000000000000071e+00
1.340000000000000080e+00
1.350000000000000089e+00
1.360000000000000098e+00
1.370000000000000107e+00
1.380000000000000115e+00
1.390000000000000124e+00
1.400000000000000133e+00
1.410000000000000142e+00
1.420000000000000151e+00
1.430000000000000160e+00
1.440000000000000169e+00
1.449999999999999956e+00
1.459999999999999964e+00
1.469999999999999973e+00
1.479999999999999982e+00
1.489999999999999991e+00
1.500000000000000000e+00
1.510000000000000009e+00
1.520000000000000018e+00
1.530000000000000027e+00
1.540000000000000036e+00
1.550000000000000044e+00
1.560000000000000053e+00
1.570000000000000062e+00
1.580000000000000071e+00
1.590000000000000080e+00
1.600000000000000089e+00
1.610000000000000098e+00
1.620000000000000107e+00
1.630000000000000115e+00
1.640000000000000124e+00
1.650000000000000133e+00
1.660000000000000142e+00
1.670000000000000151e+00
1.680000000000000160e+00
1.690000000000000169e+00
1.700000000000000178e+00
1.710000000000000187e+00
1.720000000000000195e+00
1.730000000000000204e+00
1.740000000000000213e+00
1.750000000000000222e+00
1.759999999999999787e+00
1.770000000000000018e+00
1.779999999999999805e+00
1.790000000000000036e+00
1.799999999999999822e+00
1.810000000000000053e+00
1.819999999999999840e+00
1.830000000000000071e+00
1.839999999999999858e+00
1.850000000000000089e+00
1.859999999999999876e+00
1.870000000000000107e+00
1.879999999999999893e+00
1.890000000000000124e+00
1.899999999999999911e+00
1.910000000000000142e+00
1.919999999999999929e+00
1.930000000000000160e+00
1.939999999999999947e+00
1.950000000000000178e+00
1.959999999999999964e+00
1.970000000000000195e+00
1.979999999999999982e+00
1.990000000000000213e+00
2.000000000000000000e+00
2.010000000000000231e+00
2.020000000000000018e+00
2.030000000000000249e+00
2.040000000000000036e+00
2.050000000000000266e+00
2.060000000000000053e+00
2.070000000000000284e+00
2.080000000000000071e+00
2.089999999999999858e+00
2.100000000000000089e+00
2.109999999999999876e+00
2.120000000000000107e+00
2.129999999999999893e+00
2.140000000000000124e+00
2.149999999999999911e+00
2.160000000000000142e+00
2.169999999999999929e+00
2.180000000000000160e+00
2.189999999999999947e+00
2.200000000000000178e+00
2.209999999999999964e+00
2.220000000000000195e+00
2.229999999999999982e+00
2.240000000000000213e+00
2.250000000000000000e+00
2.260000000000000231e+00
2.270000000000000018e+00
2.280000000000000249e+00
2.290000000000000036e+00
2.300000000000000266e+00
2.310000000000000053e+00
2.320000000000000284e+00
2.330000000000000071e+00
2.340000000000000302e+00
2.350000000000000089e+00
2.360000000000000320e+00
2.370000000000000107e+00
2.380000000000000338e+00
2.390000000000000124e+00
2.399999999999999911e+00
2.410000000000000142e+00
2.419999999999999929e+00
2.429999999999999716e+00
2.439999999999999947e+00
2.450000000000000178e+00
2.459999999999999964e+00
2.469999999999999751e+00
2.479999999999999982e+00
2.490000000000000213e+00
2.500000000000000000e+00
2.509999999999999787e+00
2.520000000000000018e+00
2.530000000000000249e+00
2.540000000000000036e+00
2.549999999999999822e+00
2.560000000000000053e+00
2.570000000000000284e+00
2.580000000000000071e+00
2.589999999999999858e+00
2.600000000000000089e+00
2.610000000000000320e+00
2.620000000000000107e+00
2.629999999999999893e+00
2.640000000000000124e+00
2.650000000000000355e+00
2.660000000000000142e+00
2.669999999999999929e+00
2.680000000000000160e+00
2.690000000000000391e+00
2.700000000000000178e+00
2.709999999999999964e+00
2.720000000000000195e+00
2.730000000000000426e+00
2.740000000000000213e+00
2.750000000000000000e+00
2.760000000000000231e+00
2.770000000000000462e+00
2.780000000000000249e+00
2.790000000000000036e+00
2.800000000000000266e+00
2.810000000000000497e+00
2.820000000000000284e+00
2.830000000000000071e+00
2.840000000000000302e+00
2.850000000000000533e+00
2.860000000000000320e+00
2.870000000000000107e+00
2.880000000000000338e+00
2.889999999999999680e+00
2.899999999999999911e+00
2.909999999999999698e+00
2.919999999999999929e+00
2.929999999999999716e+00
2.939999999999999947e+00
2.949999999999999734e+00
2.959999999999999964e+00
2.969999999999999751e+00
2.979999999999999982e+00
2.989999999999999769e+00
3.000000000000000000e+00
3.009999999999999787e+00
3.020000000000000018e+00
3.029999999999999805e+00
3.040000000000000036e+00
3.049999999999999822e+00
3.060000000000000053e+00
3.069999999999999840e+00
3.080000000000000071e+00
3.089999999999999858e+00
3.100000000000000089e+00
3.109999999999999876e+00
3.120000000000000107e+00
3.129999999999999893e+00
3.140000000000000124e+00
3.149999999999999911e+00
3.160000000000000142e+00
3.169999999999999929e+00
3.180000000000000160e+00
3.189999999999999947e+00
3.200000000000000178e+00
3.209999999999999964e+00
3.220000000000000195e+00
3.229999999999999982e+00
3.240000000000000213e+00
3.250000000000000000e+00
3.260000000000000231e+00
3.270000000000000018e+00
3.280000000000000249e+00
3.290000000000000036e+00
3.300000000000000266e+00
3.310000000000000053e+00
3.320000000000000284e+00
3.330000000000000071e+00
3.340000000000000302e+00
3.350000000000000089e+00
3.360000000000000320e+00
3.370000000000000107e+00
3.380000000000000338e+00
3.390000000000000124e+00
3.400000000000000355e+00
3.410000000000000142e+00
3.420000000000000373e+00
3.430000000000000160e+00
3.440000000000000391e+00
3.450000000000000178e+00
3.460000000000000409e+00
3.470000000000000195e+00
3.480000000000000426e+00
3.490000000000000213e+00
3.500000000000000444e+00
3.510000000000000231e+00
3.519999999999999574e+00
3.529999999999999805e+00
3.540000000000000036e+00
3.549999999999999822e+00
3.559999999999999609e+00
3.569999999999999840e+00
3.580000000000000071e+00
3.589999999999999858e+00
3.599999999999999645e+00
3.609999999999999876e+00
3.620000000000000107e+00
3.629999999999999893e+00
3.639999999999999680e+00
3.649999999999999911e+00
3.660000000000000142e+00
3.669999999999999929e+00
3.679999999999999716e+00
3.689999999999999947e+00
3.700000000000000178e+00
3.709999999999999964e+00
3.719999999999999751e+00
3.729999999999999982e+00
3.740000000000000213e+00
3.750000000000000000e+00
3.759999999999999787e+00
3.770000000000000018e+00
3.780000000000000249e+00
3.790000000000000036e+00
3.799999999999999822e+00
3.810000000000000053e+00
3.820000000000000284e+00
3.830000000000000071e+00
3.839999999999999858e+00
3.850000000000000089e+00
3.860000000000000320e+00
3.870000000000000107e+00
3.879999999999999893e+00
3.890000000000000124e+00
3.900000000000000355e+00
3.910000000000000142e+00
3.919999999999999929e+00
3.930000000000000160e+00
3.940000000000000391e+00
3.950000000000000178e+00
3.959999999999999964e+00
3.970000000000000195e+00
3.980000000000000426e+00
3.990000000000000213e+00
4.000000000000000000e+00
4.009999999999999787e+00
4.020000000000000462e+00
4.030000000000000249e+00
4.040000000000000036e+00
4.050000000000000711e+00
4.060000000000000497e+00
4.070000000000000284e+00
4.080000000000000071e+00
4.089999999999999858e+00
4.100000000000000533e+00
4.110000000000000320e+00
4.120000000000000107e+00
4.130000000000000782e+00
4.140000000000000568e+00
4.150000000000000355e+00
4.160000000000000142e+00
4.169999999999999929e+00
4.179999999999999716e+00
4.189999999999999503e+00
4.200000000000000178e+00
4.209999999999999964e+00
4.219999999999999751e+00
4.229999999999999538e+00
4.240000000000000213e+00
4.250000000000000000e+00
4.259999999999999787e+00
4.269999999999999574e+00
4.280000000000000249e+00
4.290000000000000036e+00
4.299999999999999822e+00
4.309999999999999609e+00
4.320000000000000284e+00
4.330000000000000071e+00
4.339999999999999858e+00
4.349999999999999645e+00
4.360000000000000320e+00
4.370000000000000107e+00
4.379999999999999893e+00
4.389999999999999680e+00
4.400000000000000355e+00
4.410000000000000142e+00
4.419999999999999929e+00
4.429999999999999716e+00
4.440000000000000391e+00
4.450000000000000178e+00
4.459999999999999964e+00
4.469999999999999751e+00
4.480000000000000426e+00
4.490000000000000213e+00
4.500000000000000000e+00
4.509999999999999787e+00
4.520000000000000462e+00
4.530000000000000249e+00
4.540000000000000036e+00
4.549999999999999822e+00
4.560000000000000497e+00
4.570000000000000284e+00
4.580000000000000071e+00
4.589999999999999858e+00
4.600000000000000533e+00
4.610000000000000320e+00
4.620000000000000107e+00
4.629999999999999893e+00
4.640000000000000568e+00
4.650000000000000355e+00
4.660000000000000142e+00
4.669999999999999929e+00
4.680000000000000604e+00
4.690000000000000391e+00
4.700000000000000178e+00
4.709999999999999964e+00
4.720000000000000639e+00
4.730000000000000426e+00
4.740000000000000213e+00
4.750000000000000000e+00
4.760000000000000675e+00
4.770000000000000462e+00
4.780000000000000249e+00
4.790000000000000036e+00
4.799999999999999822e+00
4.809999999999999609e+00
4.820000000000000284e+00
4.830000000000000071e+00
4.839999999999999858e+00
4.849999999999999645e+00
4.859999999999999432e+00
4.870000000000000107e+00
4.879999999999999893e+00
4.889999999999999680e+00
4.900000000000000355e+00
4.910000000000000142e+00
4.919999999999999929e+00
4.929999999999999716e+00
4.939999999999999503e+00
4.950000000000000178e+00
4.959999999999999964e+00
4.969999999999999751e+00
4.980000000000000426e+00
4.990000000000000213e+00
5.000000000000000000e+00
5.009999999999999787e+00
5.019999999999999574e+00
5.030000000000000249e+00
5.040000000000000036e+00
5.049999999999999822e+00
5.060000000000000497e+00
5.070000000000000284e+00
5.080000000000000071e+00
5.089999999999999858e+00
5.099999999999999645e+00
5.110000000000000320e+00
5.120000000000000107e+00
5.129999999999999893e+00
5.140000000000000568e+00
5.150000000000000355e+00
5.160000000000000142e+00
5.169999999999999929e+00
5.179999999999999716e+00
5.190000000000000391e+00
5.200000000000000178e+00
5.209999999999999964e+00
5.220000000000000639e+00
5.230000000000000426e+00
5.240000000000000213e+00
5.250000000000000000e+00
5.259999999999999787e+00
5.270000000000000462e+00
5.280000000000000249e+00
5.290000000000000036e+00
5.300000000000000711e+00
5.310000000000000497e+00
5.320000000000000284e+00
5.330000000000000071e+00
5.339999999999999858e+00
5.350000000000000533e+00
5.360000000000000320e+00
5.370000000000000107e+00
5.380000000000000782e+00
5.390000000000000568e+00
5.400000000000000355e+00
5.410000000000000142e+00
5.419999999999999929e+00
5.430000000000000604e+00
5.440000000000000391e+00
5.450000000000000178e+00
5.460000000000000853e+00
5.470000000000000639e+00
5.480000000000000426e+00
5.490000000000000213e+00
5.500000000000000000e+00
5.510000000000000675e+00
5.520000000000000462e+00
5.530000000000000249e+00
5.540000000000000924e+00
5.550000000000000711e+00
5.560000000000000497e+00
5.570000000000000284e+00
5.580000000000000071e+00
5.590000000000000746e+00
5.600000000000000533e+00
5.610000000000000320e+00
5.620000000000000995e+00
5.630000000000000782e+00
5.640000000000000568e+00
5.650000000000000355e+00
5.660000000000000142e+00
5.670000000000000817e+00
5.680000000000000604e+00
5.690000000000000391e+00
5.700000000000001066e+00
5.710000000000000853e+00
5.720000000000000639e+00
5.730000000000000426e+00
5.740000000000000213e+00
5.750000000000000888e+00
5.760000000000000675e+00
5.769999999999999574e+00
5.779999999999999361e+00
5.789999999999999147e+00
5.799999999999999822e+00
5.809999999999999609e+00
5.819999999999999396e+00
5.830000000000000071e+00
5.839999999999999858e+00
5.849999999999999645e+00
5.859999999999999432e+00
5.869999999999999218e+00
5.879999999999999893e+00
5.889999999999999680e+00
5.899999999999999467e+00
5.910000000000000142e+00
5.919999999999999929e+00
5.929999999999999716e+00
5.939999999999999503e+00
5.949999999999999289e+00
5.959999999999999964e+00
5.969999999999999751e+00
5.979999999999999538e+00
5.990000000000000213e+00
6.000000000000000000e+00
6.009999999999999787e+00
6.019999999999999574e+00
6.029999999999999361e+00
6.040000000000000036e+00
6.049999999999999822e+00
6.059999999999999609e+00
6.070000000000000284e+00
6.080000000000000071e+00
6.089999999999999858e+00
6.099999999999999645e+00
6.109999999999999432e+00
6.120000000000000107e+00
6.129999999999999893e+00
6.139999999999999680e+00
6.150000000000000355e+00
6.160000000000000142e+00
6.169999999999999929e+00
6.179999999999999716e+00
6.189999999999999503e+00
6.200000000000000178e+00
6.209999999999999964e+00
6.219999999999999751e+00
6.230000000000000426e+00
6.240000000000000213e+00
6.250000000000000000e+00
6.259999999999999787e+00
6.269999999999999574e+00
6.280000000000000249e+00
6.290000000000000036e+00
6.299999999999999822e+00
6.310000000000000497e+00
6.320000000000000284e+00
6.330000000000000071e+00
6.339999999999999858e+00
6.349999999999999645e+00
6.360000000000000320e+00
6.370000000000000107e+00
6.379999999999999893e+00
6.390000000000000568e+00
6.400000000000000355e+00
6.410000000000000142e+00
6.419999999999999929e+00
6.429999999999999716e+00
6.440000000000000391e+00
6.450000000000000178e+00
6.459999999999999964e+00
6.470000000000000639e+00
6.480000000000000426e+00
6.490000000000000213e+00
6.500000000000000000e+00
6.509999999999999787e+00
6.520000000000000462e+00
6.530000000000000249e+00
6.540000000000000036e+00
6.550000000000000711e+00
6.560000000000000497e+00
6.570000000000000284e+00
6.580000000000000071e+00
6.589999999999999858e+00
6.600000000000000533e+00
6.610000000000000320e+00
6.620000000000000107e+00
6.630000000000000782e+00
6.640000000000000568e+00
6.650000000000000355e+00
6.660000000000000142e+00
6.669999999999999929e+00
6.680000000000000604e+00
6.690000000000000391e+00
6.700000000000000178e+00
6.710000000000000853e+00
6.720000000000000639e+00
6.730000000000000426e+00
6.740000000000000213e+00
6.750000000000000000e+00
6.760000000000000675e+00
6.770000000000000462e+00
6.780000000000000249e+00
6.790000000000000924e+00
6.800000000000000711e+00
6.810000000000000497e+00
6.820000000000000284e+00
6.830000000000000071e+00
6.840000000000000746e+00
6.850000000000000533e+00
6.860000000000000320e+00
6.870000000000000995e+00
6.880000000000000782e+00
6.890000000000000568e+00
6.900000000000000355e+00
6.910000000000000142e+00
6.920000000000000817e+00
6.930000000000000604e+00
6.940000000000000391e+00
6.950000000000001066e+00
6.960000000000000853e+00
6.970000000000000639e+00
6.980000000000000426e+00
6.990000000000000213e+00
7.000000000000000888e+00
7.010000000000000675e+00
7.020000000000000462e+00
7.030000000000001137e+00
7.039999999999999147e+00
7.049999999999999822e+00
7.059999999999999609e+00
7.069999999999999396e+00
7.080000000000000071e+00
7.089999999999999858e+00
7.099999999999999645e+00
7.109999999999999432e+00
7.119999999999999218e+00
7.129999999999999893e+00
7.139999999999999680e+00
7.149999999999999467e+00
7.160000000000000142e+00
7.169999999999999929e+00
7.179999999999999716e+00
7.189999999999999503e+00
7.199999999999999289e+00
7.209999999999999964e+00
7.219999999999999751e+00
7.229999999999999538e+00
7.240000000000000213e+00
7.250000000000000000e+00
7.259999999999999787e+00
7.269999999999999574e+00
7.279999999999999361e+00
7.290000000000000036e+00
7.299999999999999822e+00
7.309999999999999609e+00
7.320000000000000284e+00
7.330000000000000071e+00
7.339999999999999858e+00
7.349999999999999645e+00
7.359999999999999432e+00
7.370000000000000107e+00
7.379999999999999893e+00
7.389999999999999680e+00
7.400000000000000355e+00
7.410000000000000142e+00
7.419999999999999929e+00
7.429999999999999716e+00
7.439999999999999503e+00
7.450000000000000178e+00
7.459999999999999964e+00
7.469999999999999751e+00
7.480000000000000426e+00
7.490000000000000213e+00
7.500000000000000000e+00
7.509999999999999787e+00
7.519999999999999574e+00
7.530000000000000249e+00
7.540000000000000036e+00
7.549999999999999822e+00
7.560000000000000497e+00
7.570000000000000284e+00
7.580000000000000071e+00
7.589999999999999858e+00
7.599999999999999645e+00
7.610000000000000320e+00
7.620000000000000107e+00
7.629999999999999893e+00
7.640000000000000568e+00
7.650000000000000355e+00
7.660000000000000142e+00
7.669999999999999929e+00
7.679999999999999716e+00
7.690000000000000391e+00
7.700000000000000178e+00
7.709999999999999964e+00
7.720000000000000639e+00
7.730000000000000426e+00
7.740000000000000213e+00
7.750000000000000000e+00
7.759999999999999787e+00
7.770000000000000462e+00
7.780000000000000249e+00
7.790000000000000036e+00
7.800000000000000711e+00
7.810000000000000497e+00
7.820000000000000284e+00
7.830000000000000071e+00
7.839999999999999858e+00
7.850000000000000533e+00
7.860000000000000320e+00
7.870000000000000107e+00
7.880000000000000782e+00
7.890000000000000568e+00
7.900000000000000355e+00
7.910000000000000142e+00
7.919999999999999929e+00
7.930000000000000604e+00
7.940000000000000391e+00
7.950000000000000178e+00
7.960000000000000853e+00
7.970000000000000639e+00
7.980000000000000426e+00
7.990000000000000213e+00
8.000000000000000000e+00
8.009999999999999787e+00
8.019999999999999574e+00
8.030000000000001137e+00
8.040000000000000924e+00
8.050000000000000711e+00
8.060000000000000497e+00
8.070000000000000284e+00
8.080000000000000071e+00
8.089999999999999858e+00
8.100000000000001421e+00
8.110000000000001208e+00
8.120000000000000995e+00
8.130000000000000782e+00
8.140000000000000568e+00
8.150000000000000355e+00
8.160000000000000142e+00
8.169999999999999929e+00
8.179999999999999716e+00
8.190000000000001279e+00
8.200000000000001066e+00
8.210000000000000853e+00
8.220000000000000639e+00
8.230000000000000426e+00
8.240000000000000213e+00
8.250000000000000000e+00
8.260000000000001563e+00
8.270000000000001350e+00
8.280000000000001137e+00
8.290000000000000924e+00
8.300000000000000711e+00
8.310000000000000497e+00
8.320000000000000284e+00
8.330000000000000071e+00
8.339999999999999858e+00
8.349999999999999645e+00
8.359999999999999432e+00
8.369999999999999218e+00
8.379999999999999005e+00
8.390000000000000568e+00
8.400000000000000355e+00
8.410000000000000142e+00
8.419999999999999929e+00
8.429999999999999716e+00
8.439999999999999503e+00
8.449999999999999289e+00
8.459999999999999076e+00
8.469999999999998863e+00
8.480000000000000426e+00
8.490000000000000213e+00
8.500000000000000000e+00
8.509999999999999787e+00
8.519999999999999574e+00
8.529999999999999361e+00
8.539999999999999147e+00
8.550000000000000711e+00
8.560000000000000497e+00
8.570000000000000284e+00
8.580000000000000071e+00
8.589999999999999858e+00
8.599999999999999645e+00
8.609999999999999432e+00
8.619999999999999218e+00
8.629999999999999005e+00
8.640000000000000568e+00
8.650000000000000355e+00
8.660000000000000142e+00
8.669999999999999929e+00
8.679999999999999716e+00
8.689999999999999503e+00
8.699999999999999289e+00
8.710000000000000853e+00
8.720000000000000639e+00
8.730000000000000426e+00
8.740000000000000213e+00
8.750000000000000000e+00
8.759999999999999787e+00
8.769999999999999574e+00
8.779999999999999361e+00
8.789999999999999147e+00
8.800000000000000711e+00
8.810000000000000497e+00
8.820000000000000284e+00
8.830000000000000071e+00
8.839999999999999858e+00
8.849999999999999645e+00
8.859999999999999432e+00
8.870000000000000995e+00
8.880000000000000782e+00
8.890000000000000568e+00
8.900000000000000355e+00
8.910000000000000142e+00
8.919999999999999929e+00
8.929999999999999716e+00
8.939999999999999503e+00
8.949999999999999289e+00
8.960000000000000853e+00
8.970000000000000639e+00
8.980000000000000426e+00
8.990000000000000213e+00
9.000000000000000000e+00
9.009999999999999787e+00
9.019999999999999574e+00
9.030000000000001137e+00
9.040000000000000924e+00
9.050000000000000711e+00
9.060000000000000497e+00
9.070000000000000284e+00
9.080000000000000071e+00
9.089999999999999858e+00
9.099999999999999645e+00
9.109999999999999432e+00
9.120000000000000995e+00
9.130000000000000782e+00
9.140000000000000568e+00
9.150000000000000355e+00
9.160000000000000142e+00
9.169999999999999929e+00
9.179999999999999716e+00
9.190000000000001279e+00
9.200000000000001066e+00
9.210000000000000853e+00
9.220000000000000639e+00
9.230000000000000426e+00
9.240000000000000213e+00
9.250000000000000000e+00
9.259999999999999787e+00
9.269999999999999574e+00
9.280000000000001137e+00
9.290000000000000924e+00
9.300000000000000711e+00
9.310000000000000497e+00
9.320000000000000284e+00
9.330000000000000071e+00
9.339999999999999858e+00
9.350000000000001421e+00
9.360000000000001208e+00
9.370000000000000995e+00
9.380000000000000782e+00
9.390000000000000568e+00
9.400000000000000355e+00
9.410000000000000142e+00
9.419999999999999929e+00
9.429999999999999716e+00
9.440000000000001279e+00
9.450000000000001066e+00
9.460000000000000853e+00
9.470000000000000639e+00
9.480000000000000426e+00
9.490000000000000213e+00
9.500000000000000000e+00
9.510000000000001563e+00
9.520000000000001350e+00
9.530000000000001137e+00
9.540000000000000924e+00
9.550000000000000711e+00
9.560000000000000497e+00
9.570000000000000284e+00
9.580000000000000071e+00
9.589999999999999858e+00
9.599999999999999645e+00
9.609999999999999432e+00
9.619999999999999218e+00
9.629999999999999005e+00
9.640000000000000568e+00
9.650000000000000355e+00
9.660000000000000142e+00
9.669999999999999929e+00
9.679999999999999716e+00
9.689999999999999503e+00
9.699999999999999289e+00
9.709999999999999076e+00
9.719999999999998863e+00
9.730000000000000426e+00
9.740000000000000213e+00
9.750000000000000000e+00
9.759999999999999787e+00
9.769999999999999574e+00
9.779999999999999361e+00
9.789999999999999147e+00
9.800000000000000711e+00
9.810000000000000497e+00
9.820000000000000284e+00
9.830000000000000071e+00
9.839999999999999858e+00
9.849999999999999645e+00
9.859999999999999432e+00
9.869999999999999218e+00
9.879999999999999005e+00
9.890000000000000568e+00
9.900000000000000355e+00
9.910000000000000142e+00
9.919999999999999929e+00
9.929999999999999716e+00
9.939999999999999503e+00
9.949999999999999289e+00
9.960000000000000853e+00
9.970000000000000639e+00
9.980000000000000426e+00
9.990000000000000213e+00
6.523485066277911265e+20
6.192494645152947896e+20
5.248397478909834035e+20
3.829333677783626547e+20
2.149141782215954596e+20
4.556956779827932365e+19
-1.023359883845483069e+20
-2.133052579300519772e+20
-2.812458060313134039e+20
-3.078664799391836406e+20
-2.996755725892787241e+20
-2.655101089711218688e+20
-2.145429295391947162e+20
-1.552331084818084332e+20
-9.495644137792883917e+19
-3.987671258579315098e+19
5.670590136182679552e+18
3.964785299127823565e+19
6.202347201516589056e+19
7.421359980540374221e+19
7.875124630167106355e+19
7.912828750601660006e+19
7.890940615895574118e+19
7.974616977043403571e+19
7.981223482024104755e+19
7.445222226617570099e+19
5.877705725174104883e+19
3.062111648046459290e+19
-7.971698069922713600e+18
-5.061875580707881779e+19
-8.860514503880142029e+19
-1.135410299367295877e+20
-1.211970783646133289e+20
-1.133773171002162217e+20
-9.649333294413745357e+19
-7.737294084257012122e+19
-5.966450880908821299e+19
-4.294561391383469261e+19
-2.478571589193763226e+19
-3.471561884344553472e+18
2.044799872835878093e+19
4.419112054952459469e+19
6.398929024015466496e+19
7.629335661080743117e+19
7.952136287520332186e+19
7.458169872360151450e+19
6.478396024657844634e+19
5.506423683392348160e+19
5.094720021456837018e+19
5.670081713496747213e+19
7.291123347068017869e+19
9.530242370215208550e+19
1.151746694211555328e+20
1.226863270144824115e+20
1.106442725974155264e+20
7.756408903329554432e+19
2.940620641027020390e+19
-2.178313106435943629e+19
-6.256748906118217728e+19
-8.399665067690752410e+19
-8.468464209432461312e+19
-7.016771249953303757e+19
-4.920943552332239667e+19
-3.015622170138231603e+19
-1.827603711643833549e+19
-1.535403562183630438e+19
-2.072759771785193882e+19
-3.290859041907964314e+19
-5.036415343081757082e+19
-7.095109276530864128e+19
-9.147162702978611610e+19
-1.074147426571066081e+20
-1.134276420390721126e+20
-1.049944256871796081e+20
-8.007154052988141568e+19
-4.016874913165077709e+19
9.176706374468465664e+18
5.978484297842010522e+19
1.032039135069355213e+20
1.335590835852678595e+20
1.490575687109756846e+20
1.520376636250927268e+20
1.478854923022730199e+20
1.422882907418655457e+20
1.382155405393908859e+20
1.347764058549294203e+20
1.286338239402872177e+20
1.166524573300933427e+20
9.829317763052099994e+19
7.552980420735734579e+19
5.072884348553558426e+19
2.444823984587902566e+19
-5.167858809392495616e+18
-4.013162666777881805e+19
-7.965066959934123213e+19
-1.190438238593057260e+20
-1.521298921388010701e+20
-1.739645715779973612e+20
-1.823329051791528755e+20
-1.780449624263137362e+20
-1.642724499749221827e+20
-1.455106803641898107e+20
-1.254753292588976538e+20
-1.051826866621508485e+20
-8.253798721552080896e+19
-5.362185603625272934e+19
-1.580582718652624282e+19
2.969194559760565043e+19
7.642159312378876723e+19
1.150178216473807913e+20
1.372457002225570775e+20
1.393299227036201943e+20
1.220844367291941028e+20
8.955687762514345984e+19
4.718051238403035955e+19
1.183264239774400512e+18
-4.207192815443850854e+19
-7.710843995540850278e+19
-1.000325014385152655e+20
-1.091767576091261174e+20
-1.046638260321733181e+20
-8.833635008169210675e+19
-6.363750881815959962e+19
-3.516350034820097638e+19
-7.647515158240894976e+18
1.535364989580870656e+19
3.170232083733000192e+19
4.061406214745230541e+19
4.210398527080443904e+19
3.688149316387065856e+19
2.671826534158331904e+19
1.548630627371287962e+19
8.683823257888811008e+18
1.092352680296875622e+19
2.281009412085434368e+19
3.947799784414587290e+19
5.229586956666100122e+19
5.236414791925565850e+19
3.424814733161979494e+19
-7.225421805660231680e+17
-4.410269569511763149e+19
-8.426394245863112704e+19
-1.121072763846630277e+20
-1.244857153446672630e+20
-1.239270126794635674e+20
-1.153294361372541583e+20
-1.028367390904999772e+20
-8.854200313114252083e+19
-7.349815443788111872e+19
-5.881013073392484352e+19
-4.638942309688597709e+19
-3.824190873462410445e+19
-3.479299981583378432e+19
-3.481883474250366566e+19
-3.583515128254341530e+19
-3.509194829631133696e+19
-3.111159539419496038e+19
-2.488121961982667571e+19
-1.921594102529054310e+19
-1.677564408156767437e+19
-1.780693104316229427e+19
-1.941693423743709594e+19
-1.813706501255615078e+19
-1.250505454171459379e+19
-4.682713460680952832e+18
1.501837369275102208e+18
4.178519620940834816e+18
5.749929538071450624e+18
1.119533803851801805e+19
2.456472052211073843e+19
4.559009620470763520e+19
6.906112560873673523e+19
8.696925123298148352e+19
9.275227977545288909e+19
8.479699330637768294e+19
6.749692382393937101e+19
4.948684819126457958e+19
3.898882165563282227e+19
3.948948154093678592e+19
4.814371557523372442e+19
5.793588291406041088e+19
6.250990276137020621e+19
5.937534717744024781e+19
5.030756637014174106e+19
3.862790236185146982e+19
2.680508874440487731e+19
1.639585747464811930e+19
9.352934587059367936e+18
7.991122928441895936e+18
1.257033109289332736e+19
1.957968691843937485e+19
2.383633209920164659e+19
2.241377084449973453e+19
1.593950894808047616e+19
7.168138598591987712e+18
-5.505398359517248000e+17
-4.175895238997665792e+18
-2.719668198565815296e+18
2.068044758808066048e+18
6.227339195817732096e+18
6.026603793123036160e+18
2.979148989255004160e+17
-8.931213076260373504e+18
-1.807781199410920448e+19
-2.412270056859108557e+19
-2.602830264077121536e+19
-2.461098407259137229e+19
-2.240501722507915264e+19
-2.284482961592858624e+19
-2.925866573669518950e+19
-4.267862969142371942e+19
-6.007293946842962330e+19
-7.510304344889991168e+19
-8.084163507333975245e+19
-7.318892867618042675e+19
-5.276416025840708813e+19
-2.413474049930568499e+19
5.426322298524372992e+18
2.759832311499573658e+19
3.526874078276530176e+19
2.481717802081221427e+19
-1.836100851103979776e+18
-3.733758717337609830e+19
-7.105840884102284083e+19
-9.229944437787502182e+19
-9.361742895024806298e+19
-7.331600322237600563e+19
-3.665786125559606477e+19
5.502715112667915264e+18
4.139438908275089408e+19
6.387300650211093709e+19
7.248871219514505626e+19
7.131395948407175578e+19
6.480583594340488806e+19
5.485730079165499802e+19
4.163762643165757440e+19
2.640105642415856026e+19
1.346140900879220531e+19
8.672137560002697216e+18
1.511513924335460352e+19
3.091648958305582285e+19
5.097667469953320550e+19
7.134033489744200499e+19
9.090223971556212736e+19
1.106744512318000005e+20
1.306655849415884145e+20
1.479262227828955218e+20
1.567037652814920090e+20
1.508127242516731658e+20
1.269523842593658307e+20
8.680789068801708851e+19
3.659427228448309248e+19
-1.538687035220963942e+19
-6.190347083388957491e+19
-9.815227700787852083e+19
-1.212230950112478167e+20
-1.294452128531352781e+20
-1.226349048599764337e+20
-1.031690857955101573e+20
-7.598917501491635814e+19
-4.761500868817024614e+19
-2.437920671280377037e+19
-1.046360456199464755e+19
-7.097767257907342336e+18
-1.231552267435523277e+19
-2.185787146603273421e+19
-3.110768808448718848e+19
-3.676260973086528307e+19
-3.749165193110129050e+19
-3.389539827814815744e+19
-2.713917426146482586e+19
-1.788306539746328371e+19
-6.218257703450670080e+18
7.043941638439325696e+18
1.991454870847654298e+19
2.945715318834060902e+19
3.281343473599941837e+19
2.844584519118036173e+19
1.706015802745665126e+19
1.669686609224017920e+18
-1.278526949220512358e+19
-2.110441723528755610e+19
-1.974712609705792717e+19
-8.648866752736652288e+18
8.496306817376553984e+18
2.584938187742986240e+19
3.798072160922244710e+19
4.202462774946339226e+19
3.838142905118965760e+19
3.046877324652460032e+19
2.324232775746489549e+19
2.046054869344296141e+19
2.226950975355117568e+19
2.594669383965184000e+19
2.891474375710833459e+19
3.124961193307968307e+19
3.593938044012349440e+19
4.597144783061182054e+19
6.145948744146027315e+19
7.971511810720727040e+19
9.751316466020935270e+19
1.127130897386152919e+20
1.230680136466290606e+20
1.249964242791698596e+20
1.140777655959256105e+20
8.758712036824888115e+19
4.690536955851618714e+19
-1.733794033373743104e+18
-4.850485183680759398e+19
-8.303151828530751078e+19
-9.842352886210822144e+19
-9.402640038406753485e+19
-7.439156365588601242e+19
-4.706271482022400819e+19
-1.930969579249083597e+19
3.436891807608960000e+18
1.815587177554420122e+19
2.360684905930191667e+19
2.068145923773982720e+19
1.298642730463655936e+19
6.597444726745909248e+18
7.990066403449545728e+18
2.158399527473754112e+19
4.740138693022560256e+19
8.045774961147405926e+19
1.122813264881801298e+20
1.339493099372350833e+20
1.400074852868649452e+20
1.303008419052544819e+20
1.090003998014782505e+20
8.201209883695775744e+19
5.499431914773511373e+19
3.319515081849129370e+19
2.102863178115174400e+19
2.118867650624952320e+19
3.256231720208181658e+19
4.971072629507544678e+19
6.412578148720640000e+19
6.825437549336583373e+19
5.929713088188162048e+19
3.934220519121367859e+19
1.225279047380927693e+19
-2.063061516653091226e+19
-5.968016116269503283e+19
-1.034355766180185539e+20
-1.455212814333064151e+20
-1.752515283574379315e+20
-1.823945207107752428e+20
-1.615490018195487457e+20
-1.149554487839010324e+20
-5.177767926267179827e+19
1.516327809174118400e+19
7.324466194950126797e+19
1.142749075187577979e+20
1.363329354205744824e+20
1.425911503680231342e+20
1.382963547092807844e+20
1.285639308526560870e+20
1.172623791990532342e+20
1.062956535739745731e+20
9.566823209775700378e+19
8.502750022081183744e+19
7.466682352529779917e+19
6.522535038207156224e+19
5.616982732677588582e+19
4.491097047311504179e+19
2.826278403493602918e+19
4.870598109188527104e+18
-2.385863000583467008e+19
-5.500193561620049101e+19
-8.513043919620792320e+19
-1.103049991243075748e+20
-1.265160544465883955e+20
-1.311825365051392655e+20
-1.246303952540582543e+20
-1.102112502053013914e+20
-9.209472752224413286e+19
-7.283938195411268403e+19
-5.330739448418348237e+19
-3.420549238738814157e+19
-1.747767956239412019e+19
-6.064712155886970880e+18
-1.888260409123168256e+18
-4.742139478341353472e+18
-1.232558724111674163e+19
-2.210057388197835571e+19
-3.238320534092943360e+19
-4.275823043025046733e+19
-5.328368135258612531e+19
-6.385893359218796134e+19
-7.524502672853966848e+19
-8.887284778398262886e+19
-1.056612733126637814e+20
-1.240555901637707694e+20
-1.391196989805188547e+20
-1.440554480007209452e+20
-1.334325697393036493e+20
-1.064207185586510070e+20
-6.757593043026019123e+19
-2.591159417029440717e+19
7.882334123475219456e+18
2.565436252713464627e+19
2.599708763957727232e+19
1.595105763666498355e+19
7.997385403957280768e+18
1.348019842841687654e+19
3.622024553663676416e+19
7.022502626069889024e+19
1.024574226170658324e+20
1.193706500799655281e+20
1.128713942785144914e+20
8.337200458359619584e+19
3.842275187986580275e+19
-1.063765920051962470e+19
-5.219673403485723034e+19
-7.732917637972115456e+19
-8.248153885104947200e+19
-6.989008848755250790e+19
-4.633023186024257126e+19
-2.047540828648559411e+19
1.518124662619054080e+17
1.116422122522928947e+19
1.141211636159327437e+19
2.279663595287456256e+18
-1.291549877991706419e+19
-2.939266574833528013e+19
-4.173124138065219584e+19
-4.583889763566444544e+19
-4.065350801045018214e+19
-2.862800772687191654e+19
-1.511389775898921370e+19
-5.945353578126319616e+18
-6.529474174657665024e+18
-2.052771762765241958e+19
-4.846009252054371533e+19
-8.653966656512824115e+19
-1.271679739875376497e+20
-1.611866395700330496e+20
-1.809557732649604219e+20
-1.825638503380264878e+20
-1.657888949119408865e+20
-1.331204688628253164e+20
-8.852983231636691354e+19
-3.715324278130953421e+19
1.473984585755738522e+19
6.019790082579528909e+19
9.292775679595442995e+19
1.086271073313744159e+20
1.068491300227424420e+20
9.169898563538282086e+19
7.033771711635842662e+19
5.041924646041229722e+19
3.758686246706318541e+19
3.358161746557433856e+19
3.589579231026214502e+19
3.869710498209399603e+19
3.605648778928205414e+19
2.504772912919136666e+19
7.048281033527108608e+18
-1.323186436949953536e+19
-2.975441266465266483e+19
-3.774754354959961293e+19
-3.588407283666217370e+19
-2.669855056387769549e+19
-1.554259056955876762e+19
-7.439680797177950208e+18
-4.995894821050180608e+18
-7.407450653634991104e+18
-1.160878024835289702e+19
-1.356156561920925491e+19
-1.089743682299288371e+19
-4.029413199976558080e+18
4.546030582198218752e+18
1.208196320179697664e+19
1.806814104775847936e+19
2.527590782658893824e+19
3.790742714659655680e+19
5.761097447268963942e+19
8.027824323006174003e+19
9.683844557441459814e+19
9.740395392521656730e+19
7.683831229515438490e+19
3.799449203951267840e+19
-8.722985592393835520e+18
-4.918768273215821414e+19
-7.172184829182368154e+19
-7.158793332586444390e+19
-5.044770347905953792e+19
-1.388194803259681382e+19
2.989577379775601050e+19
7.112382797625501286e+19
1.003041510781807493e+20
1.110447628354441544e+20
1.020160939759320760e+20
7.660129302903844045e+19
4.116744985975372186e+19
3.313441961938831360e+18
-2.951976322664291123e+19
-5.047694492210420122e+19
-5.369288026690179891e+19
-3.615639163213614694e+19
-5.487730528909312000e+17
4.360198689251337011e+19
8.254783121078601318e+19
1.030271572617381806e+20
9.733868167567368192e+19
6.633689033902309376e+19
1.948364495629711770e+19
-2.917077066469978112e+19
-6.700995825417280717e+19
-8.724949180107879219e+19
-9.043992474550360474e+19
-8.223995991489344307e+19
-6.959602968169740698e+19
-5.772261392535686349e+19
-4.934579058668493210e+19
-4.513085354613459354e+19
-4.425610121416950579e+19
-4.503767632143195341e+19
-4.549594315479315251e+19
-4.374267402140894003e+19
-3.786251134383620915e+19
-2.569602590518342451e+19
-5.518494122420217856e+18
2.262532818812304589e+19
5.622211372162215936e+19
8.993822705071502131e+19
1.161003266183037092e+20
1.270668108807289242e+20
1.190218246693796413e+20
9.478167061225712845e+19
6.332815803328186778e+19
3.624167725956810752e+19
2.287674505546364928e+19
2.620605798925632717e+19
4.159312134567636173e+19
5.882781493916388557e+19
6.787953657459435110e+19
6.380396100153858458e+19
4.843978597344043008e+19
2.761448167848510669e+19
6.987336282601783296e+18
-1.158149013840374374e+19
-2.896018088167190118e+19
-4.555631453572281139e+19
-5.926989548160126976e+19
-6.610856894896241869e+19
-6.270739168712719565e+19
-4.841181942960857088e+19
-2.640563256371663667e+19
-2.849476399827008000e+18
1.526592661433923994e+19
2.390005114568517222e+19
2.456292843587849830e+19
2.305548272943180186e+19
2.549632529024058573e+19
3.467357831578003046e+19
4.842774439666343936e+19
6.136648799558858342e+19
6.777963942159727821e+19
6.444397147286682829e+19
5.205518432361504768e+19
3.490020678385825382e+19
1.823384510993895014e+19
6.020143795222557696e+18
-5.057031324483114240e+17
-2.661089073890520064e+18
-2.963845279083429376e+18
-3.428787278318983168e+18
-4.894228544160687104e+18
-7.007555142136070144e+18
-8.690716919731614720e+18
-8.247650618233965568e+18
-4.254874647086080512e+18
3.832902159252789248e+18
1.436583806545928397e+19
2.359893810678884762e+19
2.707125210412897485e+19
2.245809631069170483e+19
1.125024188331477606e+19
-1.814535809703364608e+18
-1.202389310527494349e+19
-1.822219277160448410e+19
-2.342657086026720461e+19
-3.230846075009720730e+19
-4.726422441523493274e+19
-6.668374627106124595e+19
-8.677948916786036736e+19
-1.046845896750403912e+20
-1.187762877214047764e+20
-1.283817211311470510e+20
-1.336987162088302019e+20
-1.361973918719230771e+20
-1.366741709689946276e+20
-1.329460326847224709e+20
-1.200221988738773156e+20
-9.333306434413930086e+19
-5.323924476630785229e+19
-6.816652830790194176e+18
3.496635087697028301e+19
6.403124866885388698e+19
7.964257804470753690e+19
8.706692530770516378e+19
9.244026007237779456e+19
9.866188841334456320e+19
1.040583183422047355e+20
1.040068819391231427e+20
9.314293475077973606e+19
6.836430689729703117e+19
3.099598596365169869e+19
-1.275531644963017933e+19
-5.358781581216974438e+19
-8.266271053856936755e+19
-9.457986131394225766e+19
-8.912600102482400051e+19
-7.065975799075579494e+19
-4.543826452835555738e+19
-1.842190633692500173e+19
7.965307387140440064e+18
3.308480702134788096e+19
5.715074866046468096e+19
7.954124383141285069e+19
9.813720683744934298e+19
1.096676859614018437e+20
1.109763563375393178e+20
1.004081737646483538e+20
7.864493299979195187e+19
4.918559602786925773e+19
1.757991008964633600e+19
-9.843772828955217920e+18
-2.830697383705251021e+19
-3.628538029498043187e+19
-3.545667298902073344e+19
-2.941995407091181158e+19
-2.157753619931168768e+19
-1.385129694981532058e+19
-6.731966133330916352e+18
-7.139260407500318720e+17
3.165316651086631936e+18
4.566917564264986624e+18
4.436745870731915264e+18
3.842060377247406080e+18
2.511236403427102720e+18
-1.760918079522074112e+18
-1.185340971167745024e+19
-2.899770774388480410e+19
-5.148717987380429619e+19
-7.508917343420574925e+19
-9.496805074611350733e+19
-1.074997951794425364e+20
-1.110733233335561257e+20
-1.053923256455261880e+20
-9.092934082156976538e+19
-6.938609402261794816e+19
-4.402183223470660813e+19
-1.904547653639470694e+19
2.054942916628653056e+18
1.730892301892577075e+19
2.569893851649370931e+19
2.679508162766053376e+19
2.071677154939506688e+19
8.846897105160662016e+18
-6.616077740542748672e+18
-2.302642493462285517e+19
-3.746931578587179418e+19
-4.654154827782524109e+19
-4.657465932097480294e+19
-3.458708919549278618e+19
-1.111718200626647859e+19
1.863894930750260019e+19
4.661304201732254106e+19
6.531130430238901043e+19
7.142208495159279616e+19
6.663864499527018086e+19
5.672150947442653594e+19
4.848261414085559910e+19
4.706840987326377165e+19
5.392365908786516787e+19
6.635746035414396928e+19
7.878410553913448858e+19
8.556370463131702067e+19
8.399180798333504717e+19
7.622085632357959270e+19
6.785737921190992282e+19
6.421954407364621926e+19
6.590845557378551808e+19
6.804422587996090368e+19
6.334152270899461325e+19
4.753718275518228070e+19
2.092088788392810496e+19
-1.269845012777331302e+19
-4.870335309322480845e+19
-8.284998382951292928e+19
-1.115122865564382986e+20
-1.316199251366133596e+20
-1.414462427430264668e+20
-1.413983951929982976e+20
-1.343335540664899830e+20
-1.243247651527653949e+20
-1.156782858167223091e+20
-1.120676723308708168e+20
-1.154751683447281910e+20
-1.245040260191004099e+20
-1.341847705358143160e+20
-1.375556151219028787e+20
-1.286103431324257976e+20
-1.047012911274778952e+20
-6.764383833206921626e+19
-2.314762055381392179e+19
2.115780643722987930e+19
5.849874475434114253e+19
8.527987372170810163e+19
1.015398753644174868e+20
1.101059111289190154e+20
1.151660646660756603e+20
1.206942525855558533e+20
1.290440776642512650e+20
1.401238551479228662e+20
1.514733114496676004e+20
1.593224807370274243e+20
1.593198214317636321e+20
1.471744836103629046e+20
1.196888541128258683e+20
7.662296684119754342e+19
2.276513870165063680e+19
-3.186006470949164646e+19
-7.459685587236323328e+19
-9.539653955146522624e+19
-9.128387859622997197e+19
-6.768975180178304205e+19
-3.560116164274643354e+19
-6.528143332378736640e+18
1.197221223236240179e+19
1.829219327508433306e+19
1.598341582052284211e+19
1.065910525061217690e+19
6.658331906127327232e+18
4.840942100162538496e+18
2.917215421486274560e+18
-2.609035926452271104e+18
-1.366875809130400358e+19
-2.931452954574793523e+19
-4.633973971931892122e+19
-6.060683187851938202e+19
-6.857208958362658406e+19
-6.805749646590464819e+19
-5.897905940521305702e+19
-4.301435788359507149e+19
-2.326441728357258445e+19
-2.837154418868688896e+18
1.560213735947815117e+19
2.968034394403672064e+19
3.745259262202189414e+19
3.835778044733509632e+19
3.392384748212838810e+19
2.723951725364192870e+19
2.165888463315284787e+19
1.940156897625691750e+19
2.097772371212871270e+19
2.513723267996180070e+19
2.963687012451425485e+19
3.270530775005067674e+19
3.469477412797091430e+19
3.724808159743851725e+19
4.138538836924027699e+19
4.630637438304567296e+19
5.027717105071480013e+19
5.252665041077040742e+19
5.313674520955944141e+19
5.193623177989897421e+19
4.816432443678592205e+19
4.061290680329544499e+19
2.753666241070287258e+19
7.436956639403173888e+18
-1.992164755154832589e+19
-5.116928406730091725e+19
-7.951683537030579814e+19
-9.724276423581578035e+19
-9.904790867770068173e+19
-8.422091823065532006e+19
-5.636173705960044134e+19
-2.203159747154332877e+19
1.074416370578502656e+19
3.415487326131680051e+19
4.303938681379776102e+19
3.666798122469818368e+19
1.901926585819612365e+19
-2.159681721802185728e+18
-1.901479597716408320e+19
-2.719310284620167578e+19
-2.731534827909778227e+19
-2.234140535982119731e+19
-1.475453447637620531e+19
-5.460360111117945856e+18
5.021897125442710528e+18
1.621165242932552090e+19
2.864569232559081882e+19
4.434644572452069376e+19
6.537226964187419443e+19
9.219363512739748250e+19
1.226987265980831007e+20
1.522117943985991844e+20
1.747083467502013645e+20
1.847877250757203395e+20
1.786026175529421373e+20
1.542399965915913585e+20
1.128761829669193482e+20
5.903204278958795162e+19
8.287656944186936320e+17
-5.194646109281052262e+19
-9.066877859526108774e+19
-1.103472102118194872e+20
-1.102132080033714995e+20
-9.322173597028050534e+19
-6.508038023359385600e+19
-3.334214904716525978e+19
-5.570109928689766400e+18
1.249771239443727770e+19
1.816382515019931853e+19
1.158529807711882035e+19
-4.122016441270760448e+18
-2.337971280053288960e+19
-3.928909486347493376e+19
-4.573238602952863744e+19
-3.982437105765710234e+19
-2.296539771792440934e+19
-5.823459143079751680e+17
1.925155682942194483e+19
2.838621668118073344e+19
2.228264933537381581e+19
2.768653174580837376e+18
-2.275133528328564326e+19
-4.575348747076918477e+19
-6.121856521489688986e+19
-6.893909527187545293e+19
-7.127933145689624576e+19
-7.016728043909969510e+19
-6.580717002555154432e+19
-5.741355277863149568e+19
-4.457496151069569843e+19
-2.821344079452696166e+19
-1.061384782374525338e+19
5.006555444345917440e+18
1.583791854031425946e+19
2.014898845486495334e+19
1.757273549220393370e+19
9.055127999633175552e+18
-2.634108619236179968e+18
-1.331398833412179968e+19
-1.855394222453809152e+19
-1.552058699532250931e+19
-4.465422276416308736e+18
1.147905664797284557e+19
2.757482655008308429e+19
3.895011555041127629e+19
4.151145015232399770e+19
3.318919686838553805e+19
1.465504715173634458e+19
-9.806005765515581440e+18
-3.306670069212160000e+19
-4.685298850853649613e+19
-4.469744405421960397e+19
-2.522670007407677030e+19
7.158813497107806208e+18
4.363868661476013670e+19
7.475199176809177088e+19
9.418876242322400870e+19
1.003721270355766968e+20
9.489278927989176730e+19
8.018417512846558822e+19
5.947045769985748992e+19
3.706445999299339059e+19
1.830570428702799258e+19
7.732866457888827392e+18
6.334652111488059392e+18
1.057305698786968781e+19
1.406400196051582566e+19
1.098253475109468774e+19
-1.417768425663673600e+18
-2.241145230498988851e+19
-4.924281610314232627e+19
-7.874107000447048090e+19
-1.077859266599013089e+20
-1.332198216748568740e+20
-1.515192878970697482e+20
-1.594787573126210847e+20
-1.551216546821977539e+20
-1.385358059223002808e+20
-1.124455174344332902e+20
-8.127060387079824998e+19
-4.987258351337535898e+19
-2.208467013293107610e+19
4.092114725884966400e+16
1.677718326059752243e+19
3.032685163106633318e+19
4.377026513785403802e+19
5.838439272378236928e+19
7.212790937444977869e+19
8.048822383284479590e+19
7.928121602307768320e+19
6.783782899678501274e+19
5.002625815776495206e+19
3.212710104898954035e+19
1.994243608948934656e+19
1.646827550913322189e+19
2.040303490104434278e+19
2.664591158365935206e+19
2.779705072686638694e+19
1.782426661058444083e+19
-4.666843186596597760e+18
-3.552936009423378842e+19
-6.789915408219271987e+19
-9.529498219378750259e+19
-1.134096667443834225e+20
-1.196478552841086239e+20
-1.126635727675349402e+20
-9.208035554684346368e+19
-5.869468374241219379e+19
-1.576782003830196019e+19
3.148256048077737574e+19
7.617320847687689830e+19
1.113142132356692214e+20
1.323121489644252201e+20
1.386119688371360399e+20
1.327425138787341926e+20
1.185656410934394225e+20
9.932198393417015296e+19
7.701916297036452659e+19
5.307269403143605453e+19
2.932651214127230976e+19
8.345758469647746048e+18
-6.727747630334127104e+18
-1.280208195263451546e+19
-7.984111343571554304e+18
6.792551406082603008e+18
2.641333839206544998e+19
4.238363522069078016e+19
4.635097676317949133e+19
3.454700536007943782e+19
1.008409954490989363e+19
-1.882007719114091315e+19
-4.354279142040231936e+19
-5.898557049006969651e+19
-6.482172391956851098e+19
-6.382654348827684864e+19
-5.933695553537415578e+19
-5.364248093234724864e+19
-4.761400590601622323e+19
-4.121489140698623181e+19
-3.443941916044275302e+19
-2.800992202456456397e+19
-2.353919601815811277e+19
-2.216690060188112486e+19
-2.301423310134355558e+19
-2.225485835330011546e+19
-1.516955721467773747e+19
8.190840782443033600e+17
2.384594767383702323e+19
4.836334434605735936e+19
6.719941671488211354e+19
7.558688794874106675e+19
7.395639076159633818e+19
6.787194183894873702e+19
6.446820696719590195e+19
6.799521781945085952e+19
7.754398827374131610e+19
8.923937091891906150e+19
9.963201835847856947e+19
1.070282344421266883e+20
1.112362760378191544e+20
1.122109581154082652e+20
1.099050795520049152e+20
1.047202462292041564e+20
9.743967417892690330e+19
8.956336934043775795e+19
8.247394770885843354e+19
7.652184085831093453e+19
7.073045275352942182e+19
6.275290729020438938e+19
5.010548919365024973e+19
3.143074770907052442e+19
7.313694857610608640e+18
-1.991664473765763482e+19
-4.720024144413818061e+19
-7.163636999262203904e+19
-9.059914958030564557e+19
-1.021112494163621970e+20
-1.054212289200237609e+20
-1.016199127652651172e+20
-9.297869510503692698e+19
-8.238317181576239514e+19
-7.245856620812790170e+19
-6.503261935741028762e+19
-6.113411010108601139e+19
-6.005798963308181094e+19
-5.934373209618587648e+19
-5.580916582395010253e+19
-4.768737721086555750e+19
-3.684898673036272026e+19
-2.871650361489071309e+19
1.361373260690021679e+21
4.216313433249766441e+20
7.615188412809818931e+20
4.137035642390907453e+20
4.899799463149573243e+20
3.614898412969326019e+20
4.898288962101554708e+20
1.886677425601401324e+20
-7.767948381807391539e+19
-1.620268907474704138e+20
-2.331113447345419715e+20
-2.251764412803857777e+20
-3.828782907036532736e+20
9.482504568566081126e+19
-1.898178090295288136e+20
-7.078978719845827215e+20
3.891243655825981440e+18
-1.823788168746243195e+20
-3.130971939138730721e+20
-4.659453532683517297e+20
-6.240476673508743578e+19
-5.370518420030331290e+20
-6.974885138945540096e+19
-1.128555925962552771e+20
-2.772063424819180339e+20
-1.416697395995958313e+20
-2.338781762376276378e+19
-1.980400073391871099e+20
-1.324422718421991424e+19
5.539175131468204605e+20
4.704660976320737444e+20
4.948846759822114161e+20
4.346029505846716662e+20
2.227661031857392189e+20
2.716744998342434488e+20
2.710312757018880901e+20
3.492643720080549478e+19
1.882957992056659640e+20
1.662141954726727516e+20
9.447017781548548096e+19
2.150245314312085176e+20
-9.953724021376181862e+19
-1.190175522705060659e+20
-1.422567293439663145e+20
4.864288383743326945e+20
5.681850177418166272e+19
-2.232212439721364685e+19
1.297053198242021376e+18
-3.670866334869555773e+20
-2.628331246448793354e+20
3.255323417508419994e+19
-2.455402018322335662e+20
-1.527712722595002450e+20
-1.429287257253043241e+20
1.887346645844728218e+19
-3.960901874866559386e+19
-7.833577379257856819e+19
-4.087002186510447411e+19
2.432240139755281449e+20
3.612498058011853455e+20
3.898186110563180872e+20
1.661018961081983304e+20
1.430018741492305101e+20
1.280169357751531602e+20
-9.674048336388580966e+19
-2.314428897216356680e+20
-1.556839607311825633e+20
-2.882551013732704584e+20
-9.488750113674231808e+20
-6.672587304056012145e+20
-6.182409858918666732e+20
-6.420437157961940337e+20
-1.826957317731055043e+20
-2.994802008212960707e+20
-1.165880775109855150e+20
2.768029438225919508e+20
9.667731548456720794e+19
-1.091067880148335329e+20
1.510393980496799334e+19
-2.267475687370611753e+20
-3.565441064757813576e+20
-1.101906436772142776e+20
2.869093509521368678e+20
-1.439763304901226004e+20
-2.700027325237679882e+20
-1.956241570980083794e+20
-4.678682096763362345e+20
-2.301619138943369871e+20
-3.558885828992675348e+20
-2.488783360498901975e+20
-6.700308489007058125e+20
-3.294261614206779392e+19
-6.617207516420353556e+20
-1.633725482911441879e+20
-9.560808976016002253e+19
-2.778563849462596239e+20
-1.377845783655906017e+20
5.804336318736708403e+19
1.905342378512241132e+20
-1.157748010602211574e+20
4.508435119028001833e+20
4.054344252654868234e+20
3.949074465803112284e+20
4.225539832469363098e+20
4.380392716808518369e+20
1.919183532738876539e+20
3.678435310407285473e+20
2.359594519763804488e+20
-1.419955569878410199e+20
2.887539938066379571e+20
-1.538167051944470774e+20
8.505267102400538214e+19
-9.706862914530443264e+19
7.576767465317728256e+19
3.104094246012012462e+20
1.060194556690164613e+20
2.383149630155128832e+19
-1.140207316840176681e+20
-1.288629220236077302e+20
-3.557786692272594616e+20
-4.493399605961241395e+19
-4.758638693311819284e+20
-5.271963178200832410e+19
3.518025894317827031e+20
1.336614503319601152e+20
2.361040179508019200e+20
2.402507833152026706e+20
4.041602356255653888e+18
3.133733030702318879e+20
-4.872550284603162624e+18
-5.775578306861974159e+20
-2.185900642728998339e+20
-6.122733316256531743e+20
-6.988492451771853046e+20
-2.104475342079210291e+19
-2.391860345358558167e+20
-4.477778541803093361e+20
-2.961585627008765788e+20
3.341524304277589197e+20
4.980641202397207593e+20
2.554510097161838920e+20
1.882133210572846531e+20
-8.098835340391245414e+19
4.497041122705748787e+19
3.858642293513319875e+20
1.156742560521503375e+20
-9.945750616991491686e+19
5.741488471282601165e+19
1.884107586605510820e+20
3.319812237941874360e+20
6.863813142464933396e+20
1.994030815914397532e+20
4.619761406230701015e+20
2.778953669705759457e+20
3.665773425914827244e+20
3.195807625796418273e+20
3.612566211647032525e+20
7.325169684324129178e+19
3.161630901036856115e+20
-7.714767458613487206e+19
-1.377186829063558267e+20
-1.629724346139321303e+20
-2.140564716336971776e+20
-9.506578452321402880e+18
-3.028510618621617111e+20
-7.402269969571318333e+20
-2.870085869607111885e+19
-1.945692039429153096e+20
-5.843504520575970181e+20
-3.287319317231781806e+20
-5.960887298358561997e+20
-6.350736353064344617e+20
-3.095629106397786931e+20
-2.542905054945974682e+20
-6.505044447034186138e+19
-1.365461712216145265e+20
3.215393886684630221e+19
-3.670593865086350131e+19
3.525979638317921075e+19
3.211635152637573202e+20
3.362859338627211592e+20
5.546574471613959373e+20
5.379177231297554678e+20
1.824405085881788006e+20
8.959900566697069773e+19
2.617949493564738109e+20
1.503326246926915994e+20
1.638021704724439368e+20
1.195752721166232453e+20
1.652134554255040184e+20
-2.119794543598501888e+19
8.932944691300873011e+19
-2.603262060933624627e+19
-1.507320016654376632e+20
-1.604120645112483021e+20
-4.407364456788483113e+20
-1.810727862584307876e+20
-2.630759159694570291e+19
-9.992848590234661683e+19
-1.855312192935307510e+20
1.065894349323443896e+20
6.990806223598859059e+19
-7.983479938806185984e+18
-1.825410335081171517e+20
1.373590050491554857e+20
-2.148192949275417641e+20
-4.010785024423179059e+19
-1.199771025910477619e+19
-9.379814855080411136e+19
2.949921842561432945e+20
-7.336378475385926451e+19
1.504179726276246897e+20
-2.063054004455211008e+19
1.393109450166265446e+20
1.978533492240364339e+19
1.008786796999847444e+20
2.503198848371665142e+20
-2.504646152009243689e+20
-2.860326756494501478e+19
-2.117252433888579420e+20
2.777710773131521556e+20
-2.022280917057777172e+20
-2.741595392288437043e+19
1.953690010040276091e+20
-7.331144450910558618e+19
1.861371958825047818e+20
-3.697439642566105498e+20
-3.706078778499562209e+20
-3.093615787311460516e+20
-7.149211229212419031e+20
-7.993748856258282127e+20
-4.615410861112997970e+20
-6.290543164787827671e+20
-7.291560922101841920e+20
-5.698827170512130540e+20
-7.143262967470468628e+20
-6.709388811497352724e+20
-3.512702166712440586e+20
-5.830396923259283046e+20
-8.798510643133735240e+20
-1.587595394056097628e+20
-1.858195496822909174e+20
-1.557040850468717199e+20
2.010731643064884920e+20
2.431113398915317105e+20
-4.299228867348293222e+19
5.679222200947703808e+19
6.086884796431073280e+19
5.374454704221674537e+20
-1.301994199722523361e+20
7.693687084030351114e+20
5.747088868547913318e+19
4.174184392862015160e+20
6.218183626261214003e+19
3.160108441793252557e+20
3.206506269960191345e+20
3.613674566784269681e+20
1.187715742235392737e+20
3.020556765910532096e+20
-2.116800091240089518e+20
-2.007910970221123338e+20
-2.976321799613264691e+20
-2.779634547513066783e+20
-2.723216710265114460e+20
-5.479022964612236575e+20
-9.699228581667379610e+20
-5.105945096040805827e+20
-3.241797554796243190e+20
-9.130498362923150213e+20
-6.198806836238855700e+20
-5.823046621391182889e+20
-5.464387176458354688e+20
1.692755902487278387e+20
-8.685746236034121728e+18
2.157669521174948741e+20
5.681651489442008924e+20
9.455346413368948818e+20
3.249253385111391437e+20
5.721982496999200522e+20
5.065059380491903304e+20
3.617938169050798490e+19
4.908150517705736192e+20
-7.867585024474742784e+19
-3.658457617712912794e+20
4.677104735282318541e+19
-5.497692656611465626e+19
-3.313563989208182292e+20
-6.955897999331426304e+18
1.857101366316708659e+20
2.169671591858798592e+18
-1.220424181889158349e+19
-1.787293491116386550e+20
-2.078666479698821775e+20
-2.140944486160704471e+20
5.053356936894957486e+20
9.722760545038447411e+19
-1.693001888551875379e+19
7.653562456104920678e+19
-4.701387372477022208e+19
-7.605825022038795878e+19
1.206476334178752266e+20
-1.109768290505284649e+20
-1.796137166717614817e+20
3.404259775039825510e+19
1.384648265433088000e+20
4.983193045925730714e+19
2.261602628315580989e+20
1.317239121994338796e+20
2.368039070255074509e+20
3.811942242048383386e+20
6.228396251422287462e+19
4.871951562854975406e+20
-5.999961747740426240e+18
-6.725051920260739891e+19
-8.269913068739860890e+19
-2.577275051054160937e+20
-4.699602699292560589e+19
-3.400974756042768384e+18
1.133562522991434138e+19
6.714139524247794483e+19
1.581216924209113989e+20
2.007752635387394130e+20
1.426950581302287401e+20
3.457820121218049638e+20
1.244010565295648276e+20
2.406091361551279718e+20
-1.524711052586998825e+20
-1.029751888969256141e+20
6.563999858936093082e+19
-2.365698304037848351e+20
-3.594048779918696776e+20
1.449062225853588439e+20
2.753540458502034555e+20
-1.019690701126264422e+20
-2.733687240741921751e+20
-1.679782079636491469e+19
-6.241796658338390344e+20
-5.744453439914592174e+20
-3.731229360798795039e+20
-1.044159526146460877e+19
-6.878130579627353047e+20
2.653759383487968707e+20
-6.211486646963808502e+20
-2.543532207987165757e+20
-1.969224155709109699e+20
-4.477992553785013043e+19
-6.290479401370491290e+19
8.728772762602045440e+18
2.650509918949594890e+20
-2.587729508215816192e+19
7.054969092639880643e+20
2.523895160267635425e+20
2.803175471740155331e+20
1.628486682735772959e+20
3.393268186546196972e+20
-1.078693784497579622e+19
2.173447896692225475e+20
2.095461974349489111e+20
-3.707360274935416095e+20
1.943243172804244275e+19
-1.648729985344602112e+19
-4.118025939383536845e+19
-1.380330333477116314e+20
2.912928215113956065e+20
2.477326942856061911e+20
8.252132520838037504e+19
4.852766458915019817e+20
-2.392329173981315727e+20
2.276465475354068255e+20
-2.702503947806881874e+20
3.666676050604610028e+20
-2.806716195502125220e+20
-1.958568538482073928e+20
1.378455857912652759e+20
-3.121857145340239544e+20
5.057007285627676262e+19
-3.310591822659290399e+20
-6.308816994655021302e+20
-3.892114956216004772e+20
-4.196565257127660093e+20
-4.383930993625614254e+20
-6.926585864944185508e+20
-7.130475446707410698e+20
-5.494927927209235579e+20
-3.502329210742820045e+20
-4.071298349860682465e+20
-6.223145523915742249e+20
-1.372898759071645041e+20
-3.943894167019963023e+20
-3.593719717929754296e+20
1.137850915379698729e+20
2.037088734956633457e+20
-1.723286442216479785e+20
1.372108552439636951e+20
3.521590016814664909e+20
2.499746137798931907e+20
1.118345616461114900e+20
3.016245369484156600e+20
1.454559850961746002e+20
-4.122510357074930565e+20
4.586924242938888192e+20
5.578856611894316237e+19
1.691108343046733824e+19
8.259489564384768819e+19
-8.397120686813452698e+19
7.577254382659646259e+19
1.942070227457728840e+20
-6.697754663496083046e+19
3.709718256755954156e+20
1.765934809976059986e+20
4.848625893551867167e+20
-1.276985086344576369e+20
1.899225040228722934e+20
8.745117087881913958e+19
-3.248555182450225971e+19
-6.520287055161516360e+20
-3.932577291645873029e+20
-3.637473791514918257e+20
-1.341197298214014812e+21
-1.239338537448399438e+21
-1.107444001850632700e+21
-9.761033488029995500e+20
-2.125127030886325289e+20
-5.034794680560585277e+20
-1.649777276615865139e+20
3.889618439675041546e+20
6.621766797010382356e+20
3.601249184048564142e+20
3.164791085781347205e+20
6.263578029887743590e+20
2.365282336691453952e+20
3.875391018810180895e+20
4.654621947685314232e+20
-7.087005997331382272e+18
-3.160980152999582106e+19
1.171539660735145574e+20
-1.204325513577386476e+20
1.296826653577744220e+20
5.982015210895337062e+19
-1.105737481624108401e+20
-3.781956312048211067e+20
-6.662932985342957978e+19
-4.009781427257464586e+20
-1.532517246738366464e+20
2.838487576467755500e+20
-4.400740925379350364e+20
3.549218736230839091e+19
6.843160346060914688e+18
2.269695291422251418e+19
-1.804036223929921044e+20
3.691880521318950502e+19
1.286047156963324723e+20
-2.357804657936726753e+20
-1.355085961119389450e+20
1.505659909939323208e+20
-1.336932632846443479e+20
6.895077937363759923e+19
2.199889328513168179e+20
-2.680341062312001536e+19
4.265648284666817413e+20
-1.102786590707757875e+19
4.594973230587550106e+20
5.269717850097555866e+19
1.143435891224021565e+20
4.808850976071965737e+20
3.637844941425187226e+20
3.915513295445027717e+20
-2.030129124343011082e+20
3.478401681455558164e+20
-2.913372446834819072e+18
2.845681093692725658e+20
-9.538213463383133389e+19
6.444678982551365222e+19
3.775463530944014582e+20
1.590682871852055921e+20
1.980148786902765404e+20
-2.223420701634933555e+20
-1.089020751696856351e+20
1.834996071557800919e+20
-5.408447301494505472e+20
-7.207822424568160584e+20
-1.852347336294588744e+20
-3.153850319555201597e+20
-6.419674695634864046e+20
-4.441692701111563059e+20
-2.045373117436232991e+20
-8.402936814809959629e+20
-7.623845288182273802e+20
-4.942033415393498890e+20
-3.871482829725960765e+20
-6.786313911707212186e+20
5.418732432727316890e+19
-7.305343531911122780e+20
-1.798706116290202829e+20
-1.135644717349066506e+20
-3.562664908847421850e+19
4.334539820820647117e+19
1.871836506260745748e+20
7.456712134688285655e+20
3.943645956887082435e+20
1.297747355629183304e+21
4.311676423711657820e+20
7.440531930862992753e+20
4.034806483155052134e+20
4.794888796112064348e+20
3.582291412465190175e+20
4.871269663610492682e+20
1.865627948326468977e+20
-7.030808731500465357e+19
-1.633686504429668270e+20
-2.394109491578373407e+20
-2.000729018578040259e+20
-3.906657569164146770e+20
7.834732905875950797e+19
-1.869130376715844977e+20
-6.898646290462440161e+20
-8.324330201743884288e+18
-1.829843529824898908e+20
-3.148754186100088504e+20
-4.672850045937962189e+20
-5.789339032639818957e+19
-5.439650206483679805e+20
-7.281878473148832154e+19
-1.099746043536930243e+20
-2.839222857372207677e+20
-1.474979510109224305e+20
-3.165935585763472179e+19
-2.190956724594021499e+20
-1.310431819076101734e+19
5.462314577814649569e+20
4.736380787689206579e+20
4.852050658350805811e+20
4.387046019953841930e+20
2.074143425748648591e+20
2.607650427278322565e+20
2.678906770739555205e+20
2.391640042999749018e+19
1.851991119035346452e+20
1.492309429859815260e+20
7.572200037255269581e+19
2.124781120448008028e+20
-1.105047780652063130e+20
-1.132595487299883500e+20
-1.511709782887293256e+20
4.853108463787237704e+20
5.529238035678573363e+19
-3.314319943622302106e+19
4.958669236495974400e+18
-3.488313583466321019e+20
-2.432260471593589801e+20
2.070548679866554778e+19
-2.497930202336722944e+20
-1.482758014606434632e+20
-1.430317872325265981e+20
2.383864674295742464e+19
-2.433301162312807219e+19
-6.306803856896845414e+19
-4.176058770835426509e+19
2.322375818424677827e+20
3.530255530783691244e+20
3.778886895582943642e+20
1.649906271470359675e+20
1.409267431342887404e+20
1.318316013393018880e+20
-8.226045777761900954e+19
-2.244987058499302195e+20
-1.609561905832048722e+20
-2.766422829588608451e+20
-9.372625070351135539e+20
-6.511350914460281733e+20
-6.082663537312960348e+20
-6.368884546591145329e+20
-1.755149127096771543e+20
-2.948130324941247611e+20
-9.816007432413485466e+19
2.664988437695441142e+20
1.112967838096225731e+20
-9.409001624188013773e+19
3.198491598069432320e+19
-2.321821501312571802e+20
-3.498472121767517225e+20
-9.883220878008149606e+19
2.841770985453372047e+20
-1.231437437223095501e+20
-2.547329750625880637e+20
-1.686452936350734746e+20
-4.707551380626798019e+20
-2.305214433341105766e+20
-3.359604643656189870e+20
-2.505167070371176776e+20
-6.629596896101463491e+20
-2.724057979854572749e+19
-6.594920141729237565e+20
-1.622990228261217239e+20
-8.548430989082440499e+19
-2.800641554229378417e+20
-1.324653375710728028e+20
7.024624073244567142e+19
1.878681395804797665e+20
-1.273747546428565094e+20
4.425113175144016118e+20
4.058102222509131694e+20
3.857947417588866744e+20
4.167480499101625221e+20
4.468668462233183846e+20
1.992765831888335012e+20
3.676069595106215199e+20
2.390089372529212785e+20
-1.222984749049236685e+20
2.914992825674152018e+20
-1.562805040167937638e+20
9.009339424918680371e+19
-7.879796973867997594e+19
7.405679410002106778e+19
3.043677376048099492e+20
9.457815050130974310e+19
2.835836864139624448e+19
-1.171068598256947692e+20
-1.370866328041202647e+20
-3.399641822928253747e+20
-5.299432775896950374e+19
-4.645156151133953065e+20
-5.613738599146061824e+19
3.375550954907296072e+20
1.262793057620847493e+20
2.319372239894269133e+20
2.402273864244862648e+20
1.266757164655968256e+18
3.286323595504663921e+20
7.825456923997634560e+18
-5.646118418992532029e+20
-2.127185232010453975e+20
-6.015809026118805094e+20
-6.907940567755217961e+20
-3.325182778994275123e+19
-2.494956393556082688e+20
-4.457217384034630369e+20
-2.763549296711339868e+20
3.376503960991537562e+20
4.972216708181828567e+20
2.541736996939382129e+20
1.779924321800552448e+20
-8.731339455781352243e+19
4.199908766213419827e+19
3.665824575764834550e+20
1.094245238907433124e+20
-1.002550272058531512e+20
4.906157069462772122e+19
1.841817752799794954e+20
3.216945414983615775e+20
6.649113622631478723e+20
2.135225527563358044e+20
4.552504441579262444e+20
2.703528585005377782e+20
3.681275699824552837e+20
3.138612812651796890e+20
3.607469332295686554e+20
8.310521316548752179e+19
3.115423233887782830e+20
-8.374959002169953485e+19
-1.277749621328917299e+20
-1.703739491008391414e+20
-2.078041046115575398e+20
-1.381365132946728550e+19
-2.987881700555153736e+20
-7.305462159922524324e+20
-2.636098862645562573e+19
-1.803783067911344620e+20
-5.804371095237227971e+20
-3.283982559384981996e+20
-5.838997664955367424e+20
-6.240011003319036150e+20
-3.086763150769137910e+20
-2.660735477254602097e+20
-6.707495202915247718e+19
-1.362604373080885166e+20
4.811764766144777421e+19
-4.081162418262324019e+19
4.412038031502160691e+19
3.437956310810964787e+20
3.460951457405411000e+20
5.619510336556399329e+20
5.499460581973609677e+20
1.989834807751905116e+20
9.436347799985926963e+19
2.685217165580383027e+20
1.543737940813472072e+20
1.686079681262245642e+20
1.145099824601927516e+20
1.601506598114851553e+20
-2.457759442742018048e+19
7.739904369628492595e+19
-1.809024130436877517e+19
-1.370835456702116004e+20
-1.475681364244210647e+20
-4.393571049147549614e+20
-1.949972955234985574e+20
-1.008567271858320179e+19
-9.620685679327444992e+19
-1.891753304720890921e+20
1.171262859949868319e+20
5.315027380329250816e+19
-7.345920005025824768e+18
-1.780429333133703250e+20
1.522548808274568806e+20
-2.076202360109594051e+20
-2.561233513087395430e+19
-9.662337453503021056e+18
-9.103269337157861376e+19
2.968451791212280545e+20
-5.515195264643629056e+19
1.511687177776482222e+20
-1.153302924653651558e+19
1.390824718433140081e+20
2.682505362018612019e+19
1.076788991707892941e+20
2.539855800898661908e+20
-2.463313187986661704e+20
-4.903748919739862221e+19
-1.985046792582358630e+20
2.693565877693594993e+20
-1.889053951104301138e+20
-2.978922615703758438e+19
1.806376434326705275e+20
-5.617486825722059162e+19
1.886111603294648402e+20
-3.571488862227262341e+20
-3.747495567441809900e+20
-2.874729690763047731e+20
-7.014271504389484052e+20
-8.012699006400714506e+20
-4.642354193320273510e+20
-6.286462569445693850e+20
-7.171661175895307059e+20
-5.611501556974223360e+20
-7.006932084357899223e+20
-6.654526074737110548e+20
-3.580755306631407862e+20
-5.747623508825698468e+20
-8.622553818182230999e+20
-1.681483300033360036e+20
-1.738824352355697295e+20
-1.496579455013712036e+20
2.109507183019965809e+20
2.453348840914078925e+20
-4.972035058327512678e+19
7.601178528554208461e+19
5.283779901535970918e+19
5.125257632593246945e+20
-1.295746920016668262e+20
7.690472275985741906e+20
5.697446617774502707e+19
4.105770884098624061e+20
5.195538455989741158e+19
3.255059172839915520e+20
3.151793908229844500e+20
3.575673156006041354e+20
1.161915215387945861e+20
3.056852937388987515e+20
-2.131681346347346166e+20
-2.111311404646069699e+20
-2.915686679399073055e+20
-2.729633259571317309e+20
-2.699400931404435948e+20
-5.419693951313258742e+20
-9.571570857101230080e+20
-4.991174169174642524e+20
-3.108335620163853353e+20
-8.985237222532715643e+20
-6.116449473628303524e+20
-5.553495435172328243e+20
-5.313483012121926042e+20
1.633042446080446300e+20
-1.321821441897581773e+19
1.884428717391075082e+20
5.681466785589457060e+20
9.119583622813691412e+20
3.128236096094711316e+20
5.845442314868935885e+20
5.054498021744574464e+20
4.443233324080562176e+19
4.837351951164789228e+20
-6.454202844252733440e+19
-3.698901010621703127e+20
5.760037817900911821e+19
-4.687948831963637350e+19
-3.303407100026788250e+20
1.942905432735901286e+19
1.871879455635742392e+20
-5.027568067308158976e+18
1.599877175333355520e+19
-1.886678540811134566e+20
-1.897242026587329659e+20
-2.172348089914296893e+20
5.020804007731270779e+20
9.275744720905882829e+19
-1.920015604180739686e+19
8.363192189844455424e+19
-4.291358631191904256e+19
-6.341508803905506509e+19
1.284199367865427558e+20
-1.103570949500871639e+20
-1.711140751643403878e+20
2.866579435221208269e+19
1.448536315139782083e+20
5.575123980854598042e+19
2.228004350970141082e+20
1.156408373548406538e+20
2.361901209221951652e+20
3.659997077185337754e+20
7.511682321872637133e+19
4.874554373037044531e+20
-1.191578375578609254e+19
-6.995758308757864448e+19
-6.529118539820197478e+19
-2.503538639104355860e+20
-5.168213617325113344e+19
-5.614559292905488384e+18
8.588047359747817472e+18
5.961391193692779315e+19
1.530140046877282796e+20
1.939028056997971886e+20
1.450105925989281300e+20
3.239418422704534979e+20
1.277533244774227640e+20
2.322181998662417121e+20
-1.617815774456111432e+20
-1.020416849717588132e+20
6.732571201969219174e+19
-2.344988090127309865e+20
-3.603793705404098150e+20
1.411469071092516127e+20
2.714377823004812902e+20
-9.101085603952328704e+19
-2.505677898003398001e+20
-1.177503235119985459e+19
-6.169818479059124879e+20
-5.731596573532990996e+20
-3.672029537662580818e+20
-2.348127780863580570e+19
-6.949817332187350958e+20
2.737032382848067174e+20
-6.069930127390628905e+20
-2.450244321267710689e+20
-1.832142136900845568e+20
-4.745672869440336691e+19
-5.840393775025540301e+19
1.623697271618640282e+19
2.498865145168275702e+20
-1.635565404209073357e+19
6.971275515672542577e+20
2.408094798868119552e+20
2.709756955351329014e+20
1.522854791378884362e+20
3.379967309591598858e+20
-9.992351213909180416e+18
2.163745148013840957e+20
1.951091328694825779e+20
-3.570181031822203290e+20
2.790094279213999718e+19
-2.609267718414663680e+19
-4.382045538770485248e+19
-1.455837408931379937e+20
2.911923412797866639e+20
2.358554150849038254e+20
7.761166034426186957e+19
4.672635112164792730e+20
-2.507423205433582551e+20
2.176339132847551939e+20
-2.728800711138439332e+20
3.505512092534581494e+20
-2.747796341349920276e+20
-2.044886694533634458e+20
1.476217342887492321e+20
-2.973239324648899871e+20
4.802086251395232563e+19
-3.327226253727812813e+20
-6.191441997849931284e+20
-3.823942564944281600e+20
-4.117951562006795387e+20
-4.500024754205444014e+20
-6.845623584752350003e+20
-6.991318165779791217e+20
-5.527974715705377423e+20
-3.509750369043265618e+20
-4.057125768050937692e+20
-6.206925889353317089e+20
-1.316330216811460035e+20
-3.870913694139164918e+20
-3.687026791869338092e+20
1.253921198304636436e+20
1.981560284074454548e+20
-1.705332340401215898e+20
1.392696129061965005e+20
3.610685602615598776e+20
2.405401208174223032e+20
1.237659138047208325e+20
2.850265131333242061e+20
1.583254008611135816e+20
-4.080544320692598866e+20
4.386609377064381317e+20
5.426655964488636826e+19
3.265094983073398784e+19
6.217085864264702362e+19
-7.651793203168385434e+19
7.293687725871543091e+19
2.076830400206486897e+20
-8.099788286689542144e+19
3.532027916217042862e+20
1.587306212533668413e+20
4.721001788703904891e+20
-1.316971331728326001e+20
2.120746804881727160e+20
1.009191358931738296e+20
-1.101497951030607872e+19
-6.442022042692453663e+20
-3.921907127216966205e+20
-3.456316291225978143e+20
-1.321896554070213132e+21
-1.226216801082596655e+21
-1.083732733347217015e+21
-9.664594366265892536e+20
-2.144319150748640215e+20
-5.037157216141673759e+20
-1.540335226934976840e+20
3.810129439142046597e+20
6.544205594024592015e+20
3.555241429949302702e+20
3.291185312076786565e+20
6.214650022222071071e+20
2.224264401209513738e+20
3.952578232477454172e+20
4.601564941308762522e+20
6.059010849253621760e+18
-2.847529157520890266e+19
1.295322932076546621e+20
-1.168264280890241188e+20
1.328675840667670282e+20
5.830004293240461722e+19
-1.040216518497885225e+20
-3.548892134655519621e+20
-4.822355137535777178e+19
-3.956315638608124969e+20
-1.596240272307142001e+20
2.903744481364635812e+20
-4.372517355870308270e+20
3.752912104104289894e+19
-1.251837491946717184e+18
1.331623797170425037e+19
-1.905552787961492275e+20
2.494429215526276301e+19
1.242063925109514568e+20
-2.387938404913800806e+20
-1.386313281309182525e+20
1.527157583168457933e+20
-1.355332678402168586e+20
6.122469198767377613e+19
2.207219465187691069e+20
-1.413091098477199360e+19
4.368117501381983601e+20
2.463363105900462080e+18
4.502165175037423780e+20
4.974762513152763494e+19
1.134026682544506798e+20
4.702248980439178936e+20
3.669544859353397330e+20
3.857742371700143555e+20
-2.180298859091192709e+20
3.271838365754306068e+20
-8.066266619921301504e+18
2.772105667089551852e+20
-8.889724094273447526e+19
6.322979872394182656e+19
3.670694589934600192e+20
1.626644942302058906e+20
2.021794815885810074e+20
-2.192789434416077210e+20
-1.051686751547277967e+20
1.807780290940150743e+20
-5.283988076818396611e+20
-7.248141085173486715e+20
-1.963930338352609362e+20
-3.134679679213565379e+20
-6.422939159415048110e+20
-4.432469337523177390e+20
-2.051979708028692726e+20
-8.383659919167853691e+20
-7.497057155586268856e+20
-4.832407568476652175e+20
-3.973441962520745083e+20
-6.639230694615049830e+20
4.270144579757408256e+19
-7.137807266171594998e+20
-1.562244232349587866e+20
-9.871929814861375078e+19
-2.556317646635977933e+19
4.136333743322510131e+19
1.980179485439211602e+20
7.499579858679737876e+20
3.838720368360093123e+20
