1.000000000000000194e-02
2.000000000000000389e-02
3.000000000000000583e-02
4.000000000000000777e-02
5.000000000000000971e-02
6.000000000000001166e-02
7.000000000000000666e-02
8.000000000000001554e-02
9.000000000000001055e-02
1.000000000000000194e-01
1.100000000000000144e-01
1.200000000000000233e-01
1.300000000000000044e-01
1.400000000000000133e-01
1.500000000000000222e-01
1.600000000000000311e-01
1.700000000000000122e-01
1.800000000000000211e-01
1.900000000000000022e-01
2.000000000000000389e-01
2.100000000000000200e-01
2.200000000000000289e-01
2.300000000000000377e-01
2.400000000000000466e-01
2.500000000000000000e-01
2.600000000000000089e-01
2.700000000000000178e-01
2.800000000000000266e-01
2.900000000000000355e-01
3.000000000000000444e-01
3.099999999999999978e-01
3.200000000000000622e-01
3.300000000000000711e-01
3.400000000000000244e-01
3.500000000000000333e-01
3.600000000000000422e-01
3.699999999999999956e-01
3.800000000000000044e-01
3.900000000000000688e-01
4.000000000000000777e-01
4.100000000000000311e-01
4.200000000000000400e-01
4.300000000000001044e-01
4.400000000000000577e-01
4.500000000000000666e-01
4.600000000000000755e-01
4.700000000000000289e-01
4.800000000000000933e-01
4.900000000000000466e-01
5.000000000000000000e-01
5.100000000000000089e-01
5.200000000000000178e-01
5.300000000000000266e-01
5.400000000000000355e-01
5.500000000000000444e-01
5.600000000000000533e-01
5.700000000000000622e-01
5.800000000000000711e-01
5.899999999999999689e-01
6.000000000000000888e-01
6.099999999999999867e-01
6.199999999999999956e-01
6.300000000000001155e-01
6.400000000000001243e-01
6.500000000000000222e-01
6.600000000000001421e-01
6.700000000000000400e-01
6.800000000000000488e-01
6.900000000000000577e-01
7.000000000000000666e-01
7.099999999999999645e-01
7.200000000000000844e-01
7.299999999999999822e-01
7.399999999999999911e-01
7.500000000000000000e-01
7.600000000000000089e-01
7.700000000000000178e-01
7.800000000000001377e-01
7.900000000000000355e-01
8.000000000000001554e-01
8.100000000000000533e-01
8.200000000000000622e-01
8.300000000000000711e-01
8.400000000000000799e-01
8.499999999999999778e-01
8.600000000000002087e-01
8.700000000000001066e-01
8.800000000000001155e-01
8.900000000000001243e-01
9.000000000000001332e-01
9.100000000000000311e-01
9.200000000000001510e-01
9.300000000000000488e-01
9.400000000000000577e-01
9.500000000000001776e-01
9.600000000000001865e-01
9.700000000000000844e-01
9.800000000000000933e-01
9.899999999999999911e-01
1.000000000000000000e+00
1.010000000000000231e+00
1.020000000000000018e+00
1.030000000000000027e+00
1.040000000000000036e+00
1.050000000000000266e+00
1.060000000000000053e+00
1.070000000000000062e+00
1.080000000000000071e+00
1.090000000000000080e+00
1.100000000000000089e+00
1.110000000000000098e+00
1.120000000000000107e+00
1.130000000000000115e+00
1.140000000000000124e+00
1.150000000000000133e+00
1.160000000000000142e+00
1.170000000000000151e+00
1.179999999999999938e+00
1.189999999999999947e+00
1.200000000000000178e+00
1.210000000000000187e+00
1.219999999999999973e+00
1.229999999999999982e+00
1.239999999999999991e+00
1.250000000000000000e+00
1.260000000000000231e+00
1.270000000000000018e+00
1.280000000000000249e+00
1.290000000000000036e+00
1.300000000000000044e+00
1.310000000000000275e+00
1.320000000000000284e+00
1.330000000000000293e+00
1.340000000000000080e+00
1.350000000000000089e+00
1.360000000000000098e+00
1.370000000000000329e+00
1.380000000000000115e+00
1.390000000000000124e+00
1.400000000000000133e+00
1.410000000000000142e+00
1.419999999999999929e+00
1.430000000000000160e+00
1.440000000000000169e+00
1.450000000000000178e+00
1.459999999999999964e+00
1.469999999999999973e+00
1.479999999999999982e+00
1.490000000000000435e+00
1.500000000000000000e+00
1.510000000000000231e+00
1.520000000000000018e+00
1.530000000000000249e+00
1.540000000000000036e+00
1.550000000000000266e+00
1.560000000000000275e+00
1.570000000000000284e+00
1.580000000000000071e+00
1.590000000000000080e+00
1.600000000000000311e+00
1.610000000000000320e+00
1.620000000000000107e+00
1.630000000000000115e+00
1.640000000000000124e+00
1.650000000000000133e+00
1.660000000000000142e+00
1.670000000000000151e+00
1.680000000000000160e+00
1.690000000000000169e+00
1.699999999999999956e+00
1.709999999999999964e+00
1.720000000000000417e+00
1.730000000000000204e+00
1.740000000000000213e+00
1.750000000000000000e+00
1.760000000000000231e+00
1.770000000000000018e+00
1.780000000000000249e+00
1.790000000000000258e+00
1.800000000000000266e+00
1.810000000000000275e+00
1.820000000000000062e+00
1.830000000000000071e+00
1.840000000000000302e+00
1.850000000000000533e+00
1.860000000000000098e+00
1.869999999999999885e+00
1.880000000000000115e+00
1.890000000000000346e+00
1.900000000000000355e+00
1.910000000000000142e+00
1.920000000000000373e+00
1.930000000000000160e+00
1.940000000000000169e+00
1.950000000000000400e+00
1.960000000000000187e+00
1.970000000000000417e+00
1.979999999999999982e+00
1.990000000000000213e+00
2.000000000000000000e+00
2.010000000000000231e+00
2.020000000000000462e+00
2.030000000000000249e+00
2.040000000000000036e+00
2.049999999999999822e+00
2.060000000000000053e+00
2.070000000000000284e+00
2.080000000000000071e+00
2.090000000000000302e+00
2.100000000000000533e+00
2.110000000000000320e+00
2.120000000000000107e+00
2.130000000000000338e+00
2.140000000000000124e+00
2.150000000000000355e+00
2.160000000000000142e+00
2.170000000000000373e+00
2.180000000000000160e+00
2.190000000000000391e+00
2.200000000000000178e+00
2.209999999999999964e+00
2.220000000000000195e+00
2.229999999999999982e+00
2.240000000000000213e+00
2.250000000000000444e+00
2.260000000000000231e+00
2.270000000000000462e+00
2.280000000000000249e+00
2.290000000000000036e+00
2.300000000000000266e+00
2.310000000000000497e+00
2.320000000000000284e+00
2.330000000000000071e+00
2.340000000000000302e+00
2.350000000000000533e+00
2.359999999999999876e+00
2.369999999999999662e+00
2.379999999999999893e+00
2.390000000000000568e+00
2.400000000000000355e+00
2.410000000000000586e+00
2.420000000000000373e+00
2.430000000000000604e+00
2.439999999999999947e+00
2.450000000000000178e+00
2.459999999999999964e+00
2.470000000000000195e+00
2.479999999999999982e+00
2.490000000000000213e+00
2.500000000000000000e+00
2.510000000000000675e+00
2.520000000000000462e+00
2.530000000000000249e+00
2.540000000000000036e+00
2.550000000000000266e+00
2.560000000000000497e+00
2.570000000000000284e+00
2.580000000000000071e+00
2.590000000000000302e+00
2.600000000000000089e+00
2.609999999999999876e+00
2.620000000000000551e+00
2.630000000000000338e+00
2.640000000000000568e+00
2.650000000000000355e+00
2.660000000000000586e+00
2.670000000000000373e+00
2.680000000000000160e+00
2.689999999999999947e+00
2.700000000000000178e+00
2.709999999999999964e+00
2.720000000000000195e+00
2.729999999999999982e+00
2.740000000000000657e+00
2.750000000000000444e+00
2.760000000000000231e+00
2.770000000000000462e+00
2.780000000000000249e+00
2.790000000000000036e+00
2.800000000000000266e+00
2.810000000000000497e+00
2.820000000000000284e+00
2.830000000000000071e+00
2.839999999999999858e+00
2.850000000000000089e+00
2.860000000000000320e+00
2.870000000000000551e+00
2.880000000000000338e+00
2.890000000000000568e+00
2.900000000000000355e+00
2.910000000000000586e+00
2.919999999999999929e+00
2.930000000000000160e+00
2.939999999999999947e+00
2.950000000000000178e+00
2.959999999999999964e+00
2.970000000000000639e+00
2.980000000000000870e+00
2.990000000000000657e+00
3.000000000000000000e+00
3.010000000000000231e+00
3.020000000000000462e+00
3.030000000000000249e+00
3.040000000000000036e+00
3.050000000000000266e+00
3.060000000000000497e+00
3.070000000000000284e+00
3.080000000000000071e+00
3.090000000000000302e+00
3.100000000000000533e+00
3.110000000000000320e+00
3.120000000000000551e+00
3.130000000000000338e+00
3.140000000000000568e+00
3.150000000000000355e+00
3.160000000000000142e+00
3.169999999999999929e+00
3.180000000000000160e+00
3.189999999999999947e+00
3.200000000000000622e+00
3.210000000000000409e+00
3.220000000000000639e+00
3.230000000000000426e+00
3.240000000000000213e+00
3.250000000000000000e+00
3.260000000000000231e+00
3.270000000000000462e+00
3.280000000000000249e+00
3.290000000000000036e+00
3.300000000000000266e+00
3.310000000000000497e+00
3.320000000000000284e+00
3.330000000000000515e+00
3.340000000000000302e+00
3.350000000000000533e+00
3.360000000000000320e+00
3.370000000000000551e+00
3.380000000000000338e+00
3.390000000000000568e+00
3.399999999999999911e+00
3.410000000000000142e+00
3.419999999999999929e+00
3.430000000000000160e+00
3.440000000000000835e+00
3.450000000000000622e+00
3.460000000000000409e+00
3.470000000000000639e+00
3.480000000000000426e+00
3.490000000000000213e+00
3.500000000000000000e+00
3.510000000000000231e+00
3.520000000000000462e+00
3.530000000000000249e+00
3.540000000000000036e+00
3.550000000000000711e+00
3.560000000000000497e+00
3.570000000000000284e+00
3.580000000000000515e+00
3.590000000000000302e+00
3.600000000000000533e+00
3.610000000000000320e+00
3.620000000000000551e+00
3.630000000000000338e+00
3.640000000000000124e+00
3.649999999999999911e+00
3.660000000000000142e+00
3.670000000000000373e+00
3.680000000000000604e+00
3.690000000000000835e+00
3.700000000000001066e+00
3.710000000000000409e+00
3.720000000000000195e+00
3.730000000000000426e+00
3.739999999999999769e+00
3.750000000000000000e+00
3.760000000000000231e+00
3.770000000000000462e+00
3.780000000000000693e+00
3.790000000000000480e+00
3.800000000000000711e+00
3.810000000000000053e+00
3.820000000000000284e+00
3.830000000000000515e+00
3.840000000000000746e+00
3.850000000000000089e+00
3.860000000000000320e+00
3.870000000000000551e+00
3.880000000000000338e+00
3.889999999999999680e+00
3.900000000000000799e+00
3.910000000000001030e+00
3.920000000000000373e+00
3.930000000000000604e+00
3.940000000000000835e+00
3.950000000000000178e+00
3.959999999999999964e+00
3.970000000000000195e+00
3.980000000000000426e+00
3.990000000000000657e+00
4.000000000000000000e+00
4.009999999999999787e+00
4.020000000000000462e+00
4.030000000000000249e+00
4.040000000000000924e+00
4.050000000000000711e+00
4.060000000000000497e+00
4.070000000000000284e+00
4.080000000000000071e+00
4.090000000000000746e+00
4.099999999999999645e+00
4.110000000000000320e+00
4.120000000000000107e+00
4.130000000000000782e+00
4.140000000000000568e+00
4.150000000000000355e+00
4.160000000000000142e+00
4.169999999999999929e+00
4.180000000000000604e+00
4.190000000000000391e+00
4.200000000000001066e+00
4.209999999999999964e+00
4.220000000000000639e+00
4.230000000000000426e+00
4.240000000000000213e+00
4.250000000000000888e+00
4.260000000000000675e+00
4.270000000000000462e+00
4.280000000000000249e+00
4.290000000000000924e+00
4.300000000000000711e+00
4.310000000000000497e+00
4.320000000000000284e+00
4.330000000000000071e+00
4.340000000000000746e+00
4.349999999999999645e+00
4.360000000000000320e+00
4.370000000000000107e+00
4.380000000000000782e+00
4.390000000000000568e+00
4.400000000000000355e+00
4.410000000000001030e+00
4.419999999999999929e+00
4.430000000000000604e+00
4.440000000000000391e+00
4.450000000000000178e+00
4.459999999999999964e+00
4.470000000000000639e+00
4.480000000000000426e+00
4.490000000000000213e+00
4.500000000000000888e+00
4.510000000000000675e+00
4.520000000000000462e+00
4.530000000000000249e+00
4.540000000000000924e+00
4.550000000000000711e+00
4.560000000000000497e+00
4.570000000000001172e+00
4.580000000000000071e+00
4.590000000000000746e+00
4.600000000000000533e+00
4.610000000000001208e+00
4.620000000000000995e+00
4.630000000000000782e+00
4.640000000000000568e+00
4.650000000000000355e+00
4.660000000000000142e+00
4.669999999999999929e+00
4.680000000000000604e+00
4.690000000000000391e+00
4.700000000000001066e+00
4.709999999999999964e+00
4.719999999999999751e+00
4.730000000000000426e+00
4.739999999999999325e+00
4.750000000000000000e+00
4.759999999999999787e+00
4.770000000000000462e+00
4.780000000000001137e+00
4.790000000000000924e+00
4.800000000000000711e+00
4.810000000000000497e+00
4.820000000000001172e+00
4.830000000000000959e+00
4.840000000000000746e+00
4.850000000000000533e+00
4.860000000000001208e+00
4.870000000000000107e+00
4.879999999999999893e+00
4.890000000000000568e+00
4.900000000000000355e+00
4.910000000000001030e+00
4.919999999999999929e+00
4.930000000000000604e+00
4.940000000000000391e+00
4.950000000000000178e+00
4.959999999999999964e+00
4.969999999999999751e+00
4.980000000000000426e+00
4.990000000000000213e+00
5.000000000000000000e+00
5.010000000000000675e+00
5.020000000000001350e+00
5.030000000000001137e+00
5.040000000000000924e+00
5.050000000000000711e+00
5.060000000000000497e+00
5.070000000000001172e+00
5.080000000000000071e+00
5.090000000000000746e+00
5.100000000000000533e+00
5.110000000000000320e+00
5.120000000000000995e+00
5.129999999999999893e+00
5.140000000000000568e+00
5.150000000000000355e+00
5.160000000000000142e+00
5.169999999999999929e+00
5.180000000000000604e+00
5.190000000000000391e+00
5.200000000000000178e+00
5.209999999999999964e+00
5.219999999999999751e+00
5.230000000000000426e+00
5.240000000000001101e+00
5.250000000000001776e+00
5.260000000000000675e+00
5.270000000000000462e+00
5.280000000000001137e+00
5.290000000000000036e+00
5.300000000000000711e+00
5.310000000000000497e+00
5.320000000000001172e+00
5.330000000000000959e+00
5.340000000000000746e+00
5.350000000000000533e+00
5.360000000000000320e+00
5.370000000000000107e+00
5.379999999999999893e+00
5.390000000000000568e+00
5.400000000000000355e+00
5.410000000000001030e+00
5.419999999999999929e+00
5.430000000000000604e+00
5.440000000000000391e+00
5.449999999999999289e+00
5.459999999999999964e+00
5.470000000000000639e+00
5.480000000000001315e+00
5.490000000000001101e+00
5.500000000000000888e+00
5.510000000000000675e+00
5.520000000000000462e+00
5.530000000000001137e+00
5.540000000000000924e+00
5.550000000000000711e+00
5.560000000000000497e+00
5.570000000000001172e+00
5.580000000000000071e+00
5.590000000000000746e+00
5.600000000000000533e+00
5.610000000000000320e+00
5.620000000000000995e+00
5.629999999999999893e+00
5.640000000000000568e+00
5.650000000000000355e+00
5.660000000000000142e+00
5.669999999999999929e+00
5.679999999999999716e+00
5.690000000000000391e+00
5.700000000000000178e+00
5.710000000000000853e+00
5.720000000000000639e+00
5.730000000000001315e+00
5.740000000000001101e+00
5.750000000000000888e+00
5.760000000000000675e+00
5.770000000000000462e+00
5.780000000000001137e+00
5.790000000000000036e+00
5.800000000000000711e+00
5.810000000000000497e+00
5.820000000000001172e+00
5.830000000000000959e+00
5.839999999999999858e+00
5.850000000000000533e+00
5.860000000000000320e+00
5.870000000000000107e+00
5.879999999999999893e+00
5.890000000000000568e+00
5.900000000000000355e+00
5.910000000000000142e+00
5.919999999999999929e+00
5.929999999999999716e+00
5.940000000000001279e+00
5.950000000000001066e+00
5.960000000000001741e+00
5.970000000000000639e+00
5.980000000000001315e+00
5.990000000000001101e+00
6.000000000000000000e+00
6.010000000000000675e+00
6.020000000000000462e+00
6.030000000000001137e+00
6.040000000000000924e+00
6.050000000000000711e+00
6.060000000000000497e+00
6.070000000000000284e+00
6.080000000000000071e+00
6.089999999999999858e+00
6.100000000000000533e+00
6.110000000000000320e+00
6.120000000000000995e+00
6.129999999999999893e+00
6.140000000000000568e+00
6.150000000000000355e+00
6.160000000000000142e+00
6.170000000000001705e+00
6.180000000000000604e+00
6.190000000000001279e+00
6.200000000000001066e+00
6.210000000000000853e+00
6.220000000000000639e+00
6.230000000000000426e+00
6.240000000000001101e+00
6.250000000000000888e+00
6.260000000000000675e+00
6.270000000000000462e+00
6.280000000000001137e+00
6.290000000000000036e+00
6.300000000000000711e+00
6.310000000000000497e+00
6.320000000000000284e+00
6.330000000000000959e+00
6.339999999999999858e+00
6.350000000000000533e+00
6.360000000000000320e+00
6.370000000000000107e+00
6.379999999999999893e+00
6.390000000000000568e+00
6.400000000000001243e+00
6.410000000000001030e+00
6.420000000000000817e+00
6.430000000000000604e+00
6.440000000000001279e+00
6.450000000000001066e+00
6.460000000000000853e+00
6.470000000000000639e+00
6.480000000000000426e+00
6.490000000000001101e+00
6.500000000000000000e+00
6.510000000000000675e+00
6.520000000000000462e+00
6.530000000000001137e+00
6.540000000000000924e+00
6.550000000000000711e+00
6.560000000000000497e+00
6.570000000000000284e+00
6.580000000000000071e+00
6.589999999999999858e+00
6.600000000000000533e+00
6.610000000000000320e+00
6.620000000000000995e+00
6.629999999999999893e+00
6.640000000000000568e+00
6.650000000000001243e+00
6.660000000000001030e+00
6.670000000000001705e+00
6.680000000000000604e+00
6.690000000000001279e+00
6.700000000000001066e+00
6.710000000000000853e+00
6.720000000000000639e+00
6.730000000000000426e+00
6.740000000000001101e+00
6.750000000000000888e+00
6.760000000000000675e+00
6.770000000000000462e+00
6.780000000000001137e+00
6.790000000000000036e+00
6.799999999999999822e+00
6.810000000000000497e+00
6.820000000000000284e+00
6.830000000000000959e+00
6.839999999999999858e+00
6.850000000000000533e+00
6.860000000000000320e+00
6.870000000000000995e+00
6.880000000000001670e+00
6.890000000000000568e+00
6.900000000000001243e+00
6.910000000000001030e+00
6.920000000000000817e+00
6.930000000000000604e+00
6.940000000000001279e+00
6.950000000000001066e+00
6.960000000000000853e+00
6.970000000000000639e+00
6.980000000000000426e+00
6.990000000000001101e+00
7.000000000000000000e+00
7.010000000000000675e+00
7.020000000000000462e+00
7.030000000000000249e+00
7.040000000000000924e+00
7.049999999999999822e+00
7.060000000000000497e+00
7.070000000000000284e+00
7.080000000000000071e+00
7.089999999999999858e+00
7.100000000000001421e+00
7.110000000000001208e+00
7.120000000000000995e+00
7.130000000000000782e+00
7.140000000000000568e+00
7.150000000000001243e+00
7.160000000000001030e+00
7.170000000000001705e+00
7.180000000000000604e+00
7.190000000000000391e+00
7.200000000000001066e+00
7.209999999999999964e+00
7.220000000000000639e+00
7.230000000000000426e+00
7.240000000000001101e+00
7.250000000000000888e+00
7.260000000000000675e+00
7.270000000000000462e+00
7.280000000000000249e+00
7.290000000000000036e+00
7.299999999999999822e+00
7.310000000000000497e+00
7.320000000000000284e+00
7.330000000000000959e+00
7.340000000000000746e+00
7.350000000000000533e+00
7.360000000000001208e+00
7.370000000000000995e+00
7.380000000000001670e+00
7.390000000000001457e+00
7.400000000000002132e+00
7.410000000000000142e+00
7.420000000000000817e+00
7.430000000000000604e+00
7.440000000000000391e+00
7.450000000000001066e+00
7.460000000000000853e+00
7.470000000000001528e+00
7.479999999999999538e+00
7.490000000000000213e+00
7.500000000000000000e+00
7.510000000000000675e+00
7.520000000000000462e+00
7.530000000000000249e+00
7.540000000000000924e+00
7.550000000000000711e+00
7.560000000000001386e+00
7.570000000000001172e+00
7.580000000000000959e+00
7.590000000000001634e+00
7.600000000000001421e+00
7.610000000000000320e+00
7.620000000000000107e+00
7.630000000000000782e+00
7.640000000000000568e+00
7.650000000000001243e+00
7.660000000000001030e+00
7.670000000000000817e+00
7.680000000000001492e+00
7.690000000000001279e+00
7.700000000000000178e+00
7.709999999999999964e+00
7.720000000000000639e+00
7.730000000000000426e+00
7.740000000000001101e+00
7.750000000000000888e+00
7.760000000000000675e+00
7.769999999999999574e+00
7.779999999999999361e+00
7.790000000000000036e+00
7.800000000000001599e+00
7.810000000000001386e+00
7.820000000000002061e+00
7.830000000000000959e+00
7.840000000000000746e+00
7.850000000000000533e+00
7.860000000000001208e+00
7.870000000000000995e+00
7.880000000000001670e+00
7.890000000000001457e+00
7.900000000000000355e+00
7.910000000000000142e+00
7.919999999999999929e+00
7.930000000000000604e+00
7.940000000000000391e+00
7.950000000000001066e+00
7.960000000000000853e+00
7.970000000000001528e+00
7.980000000000001315e+00
7.990000000000000213e+00
8.000000000000000000e+00
8.009999999999999787e+00
8.019999999999999574e+00
8.030000000000001137e+00
8.040000000000000924e+00
8.050000000000000711e+00
8.060000000000000497e+00
8.070000000000000284e+00
8.080000000000001847e+00
8.090000000000001634e+00
8.100000000000001421e+00
8.110000000000001208e+00
8.120000000000000995e+00
8.130000000000000782e+00
8.140000000000000568e+00
8.150000000000000355e+00
8.160000000000000142e+00
8.170000000000001705e+00
8.180000000000001492e+00
8.189999999999999503e+00
8.199999999999999289e+00
8.210000000000000853e+00
8.220000000000000639e+00
8.230000000000000426e+00
8.240000000000000213e+00
8.250000000000000000e+00
8.260000000000001563e+00
8.270000000000001350e+00
8.280000000000001137e+00
8.290000000000000924e+00
8.300000000000000711e+00
8.310000000000002274e+00
8.320000000000000284e+00
8.330000000000000071e+00
8.339999999999999858e+00
8.350000000000001421e+00
8.360000000000001208e+00
8.370000000000000995e+00
8.380000000000000782e+00
8.390000000000000568e+00
8.400000000000002132e+00
8.410000000000000142e+00
8.419999999999999929e+00
8.429999999999999716e+00
8.440000000000001279e+00
8.450000000000001066e+00
8.460000000000000853e+00
8.470000000000000639e+00
8.480000000000000426e+00
8.490000000000000213e+00
8.500000000000001776e+00
8.510000000000001563e+00
8.520000000000001350e+00
8.530000000000001137e+00
8.540000000000000924e+00
8.550000000000000711e+00
8.560000000000000497e+00
8.570000000000000284e+00
8.580000000000001847e+00
8.590000000000001634e+00
8.600000000000001421e+00
8.609999999999999432e+00
8.620000000000000995e+00
8.630000000000000782e+00
8.640000000000000568e+00
8.650000000000000355e+00
8.660000000000000142e+00
8.670000000000001705e+00
8.680000000000001492e+00
8.690000000000001279e+00
8.699999999999999289e+00
8.710000000000000853e+00
8.720000000000000639e+00
8.730000000000002203e+00
8.740000000000000213e+00
8.750000000000000000e+00
8.760000000000001563e+00
8.770000000000001350e+00
8.780000000000001137e+00
8.790000000000000924e+00
8.800000000000000711e+00
8.810000000000002274e+00
8.820000000000002061e+00
8.830000000000000071e+00
8.839999999999999858e+00
8.850000000000001421e+00
8.860000000000001208e+00
8.870000000000000995e+00
8.880000000000000782e+00
8.890000000000000568e+00
8.900000000000000355e+00
8.910000000000000142e+00
8.919999999999999929e+00
8.929999999999999716e+00
8.940000000000001279e+00
8.950000000000001066e+00
8.960000000000000853e+00
8.970000000000000639e+00
8.980000000000000426e+00
8.990000000000001990e+00
9.000000000000001776e+00
9.010000000000001563e+00
9.020000000000001350e+00
9.030000000000001137e+00
9.040000000000000924e+00
9.050000000000000711e+00
9.060000000000000497e+00
9.070000000000000284e+00
9.080000000000001847e+00
9.090000000000001634e+00
9.100000000000001421e+00
9.110000000000001208e+00
9.120000000000000995e+00
9.130000000000000782e+00
9.140000000000002345e+00
9.150000000000000355e+00
9.160000000000000142e+00
9.170000000000001705e+00
9.180000000000001492e+00
9.189999999999999503e+00
9.200000000000001066e+00
9.209999999999999076e+00
9.220000000000002416e+00
9.230000000000000426e+00
9.240000000000001990e+00
9.250000000000000000e+00
9.260000000000001563e+00
9.270000000000001350e+00
9.280000000000001137e+00
9.289999999999999147e+00
9.300000000000000711e+00
9.310000000000002274e+00
9.320000000000000284e+00
9.330000000000001847e+00
9.339999999999999858e+00
9.350000000000001421e+00
9.360000000000001208e+00
9.370000000000002771e+00
9.380000000000000782e+00
9.390000000000000568e+00
9.400000000000002132e+00
9.410000000000001918e+00
9.419999999999999929e+00
9.430000000000001492e+00
9.439999999999999503e+00
9.450000000000001066e+00
9.460000000000000853e+00
9.470000000000000639e+00
9.479999999999998650e+00
9.490000000000001990e+00
9.500000000000000000e+00
9.510000000000001563e+00
9.519999999999999574e+00
9.530000000000001137e+00
9.540000000000000924e+00
9.550000000000000711e+00
9.560000000000002274e+00
9.570000000000000284e+00
9.580000000000001847e+00
9.590000000000001634e+00
9.600000000000001421e+00
9.609999999999999432e+00
9.620000000000000995e+00
9.630000000000000782e+00
9.640000000000002345e+00
9.650000000000000355e+00
9.660000000000001918e+00
9.669999999999999929e+00
9.680000000000001492e+00
9.690000000000001279e+00
9.700000000000001066e+00
9.709999999999999076e+00
9.720000000000002416e+00
9.730000000000000426e+00
9.740000000000000213e+00
9.750000000000000000e+00
9.759999999999999787e+00
9.769999999999999574e+00
9.780000000000001137e+00
9.790000000000002700e+00
9.800000000000000711e+00
9.810000000000002274e+00
9.820000000000002061e+00
9.830000000000001847e+00
9.839999999999999858e+00
9.850000000000001421e+00
9.860000000000001208e+00
9.870000000000000995e+00
9.880000000000000782e+00
9.890000000000000568e+00
9.900000000000000355e+00
9.910000000000001918e+00
9.919999999999999929e+00
9.930000000000001492e+00
9.939999999999999503e+00
9.950000000000002842e+00
9.960000000000000853e+00
9.970000000000000639e+00
9.980000000000000426e+00
9.990000000000000213e+00
0.000000000000000000e+00
1.258834236528108489e-07
6.601421550588024724e-08
4.760913825945037132e-08
3.979299620316916698e-08
3.648443016152858987e-08
3.575286732665408370e-08
3.687316362169543992e-08
3.959107946757079187e-08
4.387848106182467214e-08
4.983474669060462408e-08
5.764251408926121143e-08
6.754783006028768499e-08
7.984653148001462301e-08
9.484604894277774310e-08
1.127432407873874443e-07
1.333344405545513350e-07
1.555169688059499884e-07
1.767805568631799138e-07
1.933424716772265844e-07
2.016245078252211794e-07
2.004240592874814446e-07
1.916554588217972401e-07
1.788760584154215568e-07
1.653181945222945317e-07
1.529899341758304816e-07
1.427752796093308714e-07
1.348609390246676073e-07
1.290973243715945371e-07
1.252128219037487217e-07
1.229180853258160207e-07
1.219479678442464079e-07
1.220724042349356184e-07
1.230928187122281077e-07
1.248322322555325126e-07
1.271235692457397351e-07
1.297994965401187999e-07
1.326867563283046406e-07
1.356072001065681421e-07
1.383859654738093572e-07
1.408645756826879401e-07
1.429142060722482687e-07
1.444435493624756512e-07
1.453977529064576717e-07
1.457493159561755461e-07
1.454864213552937154e-07
1.446062585253451872e-07
1.431189444514713217e-07
1.410621557075080681e-07
1.385200130901497891e-07
1.356357614696047714e-07
1.326093136036029743e-07
1.296775126407263814e-07
1.270828586668785833e-07
1.250403994828214108e-07
1.237107901648016098e-07
1.231827575804723312e-07
1.234643719636055345e-07
1.244818741190660007e-07
1.260868556311714044e-07
1.280748823546983380e-07
1.302180409102227380e-07
1.323084625311686480e-07
1.342014824999178130e-07
1.358418912490397382e-07
1.372607417797023653e-07
1.385425643789247734e-07
1.397754719502425161e-07
1.410019622352306336e-07
1.421858922411609263e-07
1.432056952360514833e-07
1.438782344505246633e-07
1.440102832970365591e-07
1.434638550753645151e-07
1.422114996415972148e-07
1.403575118626741434e-07
1.381156297483198549e-07
1.357550678256301901e-07
1.335393905332194966e-07
1.316797377182056656e-07
1.303116011681463014e-07
1.294931993291454500e-07
1.292184967519991183e-07
1.294377406894380806e-07
1.300797469628015617e-07
1.310711601734341725e-07
1.323486245873019162e-07
1.338611990380382816e-07
1.355629229165632507e-07
1.373986343691790131e-07
1.392888125725441158e-07
1.411204078155831729e-07
1.427497871047439348e-07
1.440206877909410681e-07
1.447945085555258794e-07
1.449839426118573442e-07
1.445773498933589860e-07
1.436437285135223584e-07
1.423163958756370833e-07
1.407626990374415508e-07
1.391516406489575668e-07
1.376294869145098787e-07
1.363078636309638534e-07
1.352633658875824912e-07
1.345444464176178621e-07
1.341804386630776158e-07
1.341882689468135902e-07
1.345740167120115309e-07
1.353285327084385081e-07
1.364184778418858532e-07
1.377761085068514366e-07
1.392926278697086269e-07
1.408204879422180954e-07
1.421888156284419545e-07
1.432322327894231027e-07
1.438270280700881420e-07
1.439227178559624647e-07
1.435560078497578166e-07
1.428404415105475593e-07
1.419355440916668003e-07
1.410073523917209674e-07
1.401934226982494517e-07
1.395808603082843440e-07
1.391999067149203769e-07
1.390313284886060799e-07
1.390236962585005559e-07
1.391155575299597896e-07
1.392567954963292638e-07
1.394235249243300361e-07
1.396225229702727128e-07
1.398844634650118194e-07
1.402489063130496963e-07
1.407464378761060087e-07
1.413837208297082456e-07
1.421358430198715610e-07
1.429481129091843338e-07
1.437469097391854938e-07
1.444565987418568979e-07
1.450173243006187608e-07
1.453976872169226154e-07
1.455978495130431042e-07
1.456423331034529167e-07
1.455660349056670946e-07
1.453996138981011632e-07
1.451602407823568809e-07
1.448511099643922237e-07
1.444694092171740028e-07
1.440190415414720093e-07
1.435224502806495415e-07
1.430261533087216970e-07
1.425970303523176825e-07
1.423099999289112330e-07
1.422308440310057351e-07
1.423993769432037885e-07
1.428177788464157952e-07
1.434473978579335315e-07
1.442153260303976725e-07
1.450297731006604618e-07
1.458007598147746990e-07
1.464604933599421420e-07
1.469771305001174763e-07
1.473574154061596143e-07
1.476375357016994004e-07
1.478657138325489484e-07
1.480825984000537015e-07
1.483056623125968701e-07
1.485221098589132293e-07
1.486922280495705639e-07
1.487622921344108072e-07
1.486833358874256254e-07
1.484299004380440623e-07
1.480123526944143608e-07
1.474783415583961853e-07
1.469029508276617331e-07
1.463712175660734957e-07
1.459588977837635173e-07
1.457169965240099374e-07
1.456634808689877431e-07
1.457831123869889836e-07
1.460343253814920824e-07
1.463607193656312835e-07
1.467039657175830924e-07
1.470148286159920663e-07
1.472597565282873799e-07
1.474220799557806786e-07
1.474987717573112000e-07
1.474952049490644553e-07
1.474207220308902901e-07
1.472869524372207506e-07
1.471091077088143111e-07
1.469087496532479537e-07
1.467155830120201364e-07
1.465661291795605376e-07
1.464985420508573140e-07
1.465446383865145045e-07
1.467215977735624236e-07
1.470262116418959209e-07
1.474339646587436346e-07
1.479038581785005600e-07
1.483880822079156169e-07
1.488438619932024894e-07
1.492436760099584858e-07
1.495802097166126213e-07
1.498640858559464752e-07
1.501150257142952107e-07
1.503495027889570991e-07
1.505691481115662141e-07
1.507538610967483678e-07
1.508621384753319296e-07
1.508391201142522808e-07
1.506306899719936045e-07
1.502000276158830826e-07
1.495418214449583078e-07
1.486895894614772954e-07
1.477134830545366124e-07
1.467089770470980126e-07
1.457796527155693383e-07
1.450186539438734780e-07
1.444930549886258132e-07
1.442339838735469422e-07
1.442338273295758619e-07
1.444506932368189496e-07
1.448193879504470630e-07
1.452670701508756680e-07
1.457303663201552396e-07
1.461696198865633518e-07
1.465760434925096619e-07
1.469694076297130571e-07
1.473870063504370287e-07
1.478675691808473138e-07
1.484352143695930070e-07
1.490880973960874019e-07
1.497946621416713067e-07
1.504981742636611580e-07
1.511280757772742345e-07
1.516149848951227064e-07
1.519052569266990279e-07
1.519713368854904725e-07
1.518157236832197816e-07
1.514685977830201116e-07
1.509809879690594514e-07
1.504160017273250287e-07
1.498401312052736131e-07
1.493156239585443789e-07
1.488941003920772065e-07
1.486113598981189188e-07
1.484835551767115820e-07
1.485053027213977935e-07
1.486505109968720381e-07
1.488765424004398781e-07
1.491317188517976906e-07
1.493652254104636794e-07
1.495374429760317633e-07
1.496281013412327722e-07
1.496398351499583347e-07
1.495958896005441950e-07
1.495324945729850032e-07
1.494880746390779665e-07
1.494923292479485154e-07
1.495580878464565872e-07
1.496779486989764009e-07
1.498264436250988537e-07
1.499671452939883065e-07
1.500629491566049161e-07
1.500869243487584060e-07
1.500308875976807303e-07
1.499093787713282565e-07
1.497579120990624174e-07
1.496258610369834615e-07
1.495656235669883565e-07
1.496204777457237260e-07
1.498137186634348007e-07
1.501414094293209478e-07
1.505705360869691771e-07
1.510435483146961530e-07
1.514890864485195182e-07
1.518371090096559738e-07
1.520349633725492531e-07
1.520599334963638696e-07
1.519242702623820917e-07
1.516708831266796878e-07
1.513609681757178230e-07
1.510574668883451763e-07
1.508092921072266000e-07
1.506405657217181970e-07
1.505473174893992685e-07
1.505019792154351902e-07
1.504640691670433166e-07
1.503939572643317912e-07
1.502658119368100550e-07
1.500760876918239514e-07
1.498453155421435774e-07
1.496130840134327693e-07
1.494281116518813857e-07
1.493364588500884880e-07
1.493709684961941349e-07
1.495442459097624017e-07
1.498463744271845075e-07
1.502474762737116177e-07
1.507043096803037561e-07
1.511693679381343349e-07
1.516004689481982326e-07
1.519687261427321069e-07
1.522631924250624146e-07
1.524913281521974847e-07
1.526755035108652711e-07
1.528466388042511155e-07
1.530365490108292643e-07
1.532705635003127417e-07
1.535617114473271714e-07
1.539074151154414583e-07
1.542893080756683565e-07
1.546764139254239845e-07
1.550313476152703549e-07
1.553184278090429657e-07
1.555118531479166416e-07
1.556017967567654340e-07
1.555966961124251174e-07
1.555210854132619461e-07
1.554096096068813962e-07
1.552988622357701606e-07
1.552191011404013533e-07
1.551877257093667285e-07
1.552058538380039364e-07
1.552586496645023480e-07
1.553193652624777920e-07
1.553563933228703524e-07
1.553419637130960879e-07
1.552605153188348123e-07
1.551144652583409605e-07
1.549254039095035052e-07
1.547298205874184263e-07
1.545700610416222693e-07
1.544827299933680175e-07
1.544875896663386294e-07
1.545799436137248193e-07
1.547286914727702478e-07
1.548809877739130943e-07
1.549729412488142525e-07
1.549442052982002951e-07
1.547529466783826246e-07
1.543870929028896690e-07
1.538684851890777096e-07
1.532486256712248410e-07
1.525973658768600482e-07
1.519879823430731575e-07
1.514827928250721032e-07
1.511227520186822080e-07
1.509229266007231815e-07
1.508740652975152959e-07
1.509490493954592514e-07
1.511119975265732245e-07
1.513273541374282397e-07
1.515665951012168471e-07
1.518112467926112931e-07
1.520523705503643255e-07
1.522878688701215214e-07
1.525193939699380767e-07
1.527502086577382639e-07
1.529844392259101916e-07
1.532273033638569390e-07
1.534854633360544055e-07
1.537667216942318797e-07
1.540786879221220894e-07
1.544265534672911663e-07
1.548105086983622382e-07
1.552234980814150264e-07
1.556499152891857602e-07
1.560655623872280092e-07
1.564388927350674413e-07
1.567333977485082078e-07
1.569110484324727718e-07
1.569368301607761341e-07
1.567843367143344736e-07
1.564419185214326213e-07
1.559181330254270420e-07
1.552446886622167817e-07
1.544752240178912190e-07
1.536792615754486705e-07
1.529321148511444708e-07
1.523027327351851761e-07
1.518419876757853283e-07
1.515737822047917692e-07
1.514908648086922915e-07
1.515566057296491709e-07
1.517130785317123017e-07
1.518944165606149471e-07
1.520426774080954182e-07
1.521220367760830477e-07
1.521270215631516745e-07
1.520821815308810162e-07
1.520335121865240665e-07
1.520346679073418065e-07
1.521322936857019230e-07
1.523543789369268437e-07
1.527040296018079769e-07
1.531593235936804782e-07
1.536784920349878269e-07
1.542087063863525526e-07
1.546962538807726938e-07
1.550958805598023173e-07
1.553775740737065769e-07
1.555298903482091980e-07
1.555597937150137716e-07
1.554895977065086645e-07
1.553518832902741936e-07
1.551833545109721831e-07
1.550186256535125304e-07
1.548849607684715818e-07
1.547989189679522761e-07
1.547655787733713908e-07
1.547804821092042141e-07
1.548337432167557472e-07
1.549151184097895229e-07
1.550184841718596243e-07
1.551442998674181737e-07
1.552992253202211916e-07
1.554929112561226424e-07
1.557327910154872482e-07
1.560182640699261624e-07
1.563359113984864904e-07
1.566573321440150673e-07
1.569408115839179960e-07
1.571372450834021742e-07
1.571995660661287278e-07
1.570936330751484545e-07
1.568076581951404964e-07
1.563573330569795279e-07
1.557849632063938578e-07
1.551527296652728945e-07
1.545318950304666765e-07
1.539907119424711433e-07
1.535837665932947837e-07
1.533447270295709955e-07
1.532833861685487378e-07
1.533868601040360978e-07
1.536240350212149933e-07
1.539519301700946832e-07
1.543225674117537163e-07
1.546891690632418826e-07
1.550109446459543330e-07
1.552562275977486895e-07
1.554041355342507516e-07
1.554451544539520642e-07
1.553810551317820687e-07
1.552243583313187000e-07
1.549972643822522044e-07
1.547297236398926125e-07
1.544563426393659457e-07
1.542121725561201366e-07
1.540279632839113944e-07
1.539258771778687946e-07
1.539166777108606557e-07
1.539990032681223361e-07
1.541607063381002075e-07
1.543816870455675024e-07
1.546374049813561401e-07
1.549023524703024172e-07
1.551530741667894067e-07
1.553706082489019314e-07
1.555423581066423537e-07
1.556633824244460046e-07
1.557370184647292580e-07
1.557747185052837269e-07
1.557949973860319194e-07
1.558214284770499289e-07
1.558796847153480523e-07
1.559937437535090034e-07
1.561815821172472081e-07
1.564509236966527703e-07
1.567957907908752741e-07
1.571946727280678055e-07
1.576110715246576210e-07
1.579969862607339837e-07
1.582994815585646321e-07
1.584697710027376158e-07
1.584732997556426633e-07
1.582984634494933242e-07
1.579613585612598556e-07
1.575046913510254326e-07
1.569905779019270153e-07
1.564888267814306128e-07
1.560636194154780066e-07
1.557618150773119059e-07
1.556054660769501828e-07
1.555899523354530424e-07
1.556878543419801133e-07
1.558575000099105547e-07
1.560541230395973859e-07
1.562408845364642461e-07
1.563968940304278654e-07
1.565200672069481546e-07
1.566241431931835481e-07
1.567310026753414431e-07
1.568608943297961461e-07
1.570237531002560846e-07
1.572143375322475245e-07
1.574126526547222326e-07
1.575894708443082078e-07
1.577151726038775235e-07
1.577690695889731370e-07
1.577462371419893254e-07
1.576597864710599448e-07
1.575381120006379219e-07
1.574182729756635769e-07
1.573376641692631509e-07
1.573262437150639403e-07
1.574010060838727951e-07
1.575635205050904579e-07
1.578005498758060508e-07
1.580871957834788979e-07
1.583917078036156554e-07
1.586810144617752192e-07
1.589261208914911011e-07
1.591066987326200641e-07
1.592143736528953932e-07
1.592543204519840869e-07
1.592448162218984803e-07
1.592144957592491602e-07
1.591973465367856142e-07
1.592260004145690256e-07
1.593244607619092915e-07
1.595017845075150155e-07
1.597482375309469543e-07
1.600350489486525277e-07
1.603182124239635165e-07
1.605459492856372056e-07
1.606685816418496016e-07
1.606488282320557497e-07
1.604701714339808429e-07
1.601411880921080549e-07
1.596946489860125733e-07
1.591815269615613077e-07
1.586613364461288602e-07
1.581910084885472092e-07
1.578146121160296265e-07
1.575558106492679698e-07
1.574142782274755537e-07
1.573666045233593193e-07
1.573715189220071817e-07
1.573785227734484248e-07
1.573382849720782510e-07
1.572126671570948359e-07
1.569822870704284912e-07
1.566501902189607342e-07
1.562412428551060252e-07
1.557978620715165854e-07
1.553733286511784651e-07
1.550241002666630625e-07
1.548023702687753110e-07
1.547497762290181088e-07
1.548928038113368442e-07
1.552401507331819458e-07
1.557821410855775322e-07
1.564921740249004577e-07
1.573300694287685598e-07
1.582469645012185142e-07
1.591911249703948115e-07
1.601137680526927342e-07
1.609739195149812022e-07
1.617415628196575498e-07
1.623988389571132881e-07
1.629395944393154495e-07
1.633678707863041152e-07
1.636958535142246314e-07
1.639414898701834421e-07
1.641257428720780047e-07
1.642695006686077472e-07
1.643904787605228172e-07
1.645007815088009899e-07
1.646058326559685305e-07
1.647050161511218712e-07
1.647937208766229877e-07
1.648658775229066770e-07
1.649158476160565586e-07
1.649388326816114541e-07
1.649297034698886057e-07
1.648809725639083302e-07
1.647811626822701137e-07
1.646147958770793428e-07
1.643646204813939448e-07
1.640157361157548869e-07
1.635603849022449703e-07
1.630017818790023189e-07
1.623556849792608188e-07
1.616493026397825709e-07
1.609181285625455497e-07
1.602018587922620583e-07
1.595404613999515829e-07
1.589709262456824597e-07
1.585246473933226757e-07
1.582251278345315481e-07
1.580858102287661845e-07
1.581081540440029164e-07
1.582803649706996339e-07
1.585772975505769444e-07
1.589619740440870616e-07
1.593889193352021147e-07
1.598091325174296908e-07
1.601760524747961604e-07
1.604514550038649796e-07
1.606100407677793233e-07
1.606416978786676454e-07
1.605510426567245357e-07
1.603546347587635161e-07
1.600768781273421314e-07
1.597457828739028803e-07
1.593894490279994810e-07
1.590335668183076319e-07
1.586997235039694490e-07
1.584040859823444861e-07
1.581561392993604801e-07
1.579574949189828985e-07
1.578011474983959615e-07
1.576717654088112721e-07
1.575475430829008472e-07
1.574038343094542009e-07
1.572183189865028653e-07
1.569769388891151622e-07
1.566793678368680001e-07
1.563424984628554808e-07
1.560005386809661426e-07
1.557009765961175598e-07
1.554968076805961023e-07
1.554366151983865219e-07
1.555548321324633186e-07
1.558644936946073702e-07
1.563541043709850570e-07
1.569892300374958632e-07
1.577184127557214676e-07
1.584821747673874171e-07
1.592232991090458786e-07
1.598963058316673320e-07
1.604741631639462913e-07
1.609508221852444240e-07
1.613390723705930704e-07
1.616642849675521389e-07
1.619555710856440605e-07
1.622364795917164264e-07
1.625174417878544183e-07
1.627917377498886626e-07
1.630359512241237920e-07
1.632148847159332099e-07
1.632898962173504492e-07
1.632287632882239236e-07
1.630146926671723056e-07
1.626521947451958521e-07
1.621683043957231696e-07
1.616088370266927270e-07
1.610305839102118152e-07
1.604911730559011005e-07
1.600386097738204013e-07
1.597023931157788218e-07
1.594877930238515697e-07
1.593744794908014610e-07
1.593201648226146939e-07
1.592691056200568689e-07
1.591641652215268276e-07
1.589599070459385627e-07
1.586334435741421000e-07
1.581900951221366614e-07
1.576624317340619406e-07
1.571033760184729297e-07
1.565757358569229604e-07
1.561410940409020483e-07
1.558504010030656055e-07
1.557374762058481899e-07
1.558156134976843687e-07
1.560769997259509357e-07
1.564946682778053524e-07
1.570268960708950567e-07
1.576239194920747709e-07
1.582363654429021879e-07
1.588239703783388236e-07
1.593624328707292498e-07
1.598461854201920515e-07
1.602858086107330707e-07
1.607005350680025957e-07
1.611080884815205130e-07
1.615151540998175953e-07
1.619116181811811066e-07
1.622704290443198386e-07
1.625530276787407936e-07
1.627184527084127895e-07
1.627330879542406402e-07
1.625780095453477846e-07
1.622520017060673878e-07
1.617700615618689641e-07
1.611588345102232667e-07
1.604512462701123789e-07
1.596823806660456593e-07
1.588876308853290216e-07
1.581028601084047768e-07
1.573653113407365490e-07
1.567136911595808223e-07
1.561862900571493787e-07
1.558169427198395678e-07
1.556296319685870021e-07
1.556331904077486136e-07
1.558176693075019606e-07
1.561535939678136144e-07
1.565947080221531739e-07
1.570840923199283628e-07
1.575627906346114029e-07
1.579793342949021524e-07
1.582980089454385169e-07
1.585036741608710481e-07
1.586016894163049838e-07
1.586129084933329552e-07
1.585652406518227840e-07
1.584842878132057208e-07
1.583857124010837726e-07
1.582713728259032614e-07
1.581302090966990458e-07
1.579436389332308433e-07
1.576939975066183978e-07
1.573735414528837605e-07
1.569911173886396077e-07
1.565741345510013836e-07
1.561649814637801646e-07
1.558129420095253835e-07
1.555641571592767798e-07
1.554526341240434801e-07
1.554946829535290911e-07
1.556878900656535061e-07
1.560143584883692716e-07
1.564468418268404529e-07
1.569557725434864743e-07
1.575151288241240998e-07
1.581056043941528515e-07
1.587144999094405725e-07
1.593328375019259222e-07
1.599510440477857623e-07
1.605548911960448482e-07
1.611231633907242700e-07
1.616278808079167652e-07
1.620370736804005599e-07
1.623193565682587410e-07
1.624491065324490549e-07
1.624110094802444576e-07
1.622030513859694218e-07
1.618375130053020060e-07
1.613399641631928774e-07
1.607465317918677522e-07
1.600998686505888099e-07
1.594443890728729343e-07
1.588215135525269745e-07
1.582657815680901702e-07
1.578025868151631281e-07
1.574478803801133502e-07
1.572095836059420776e-07
1.570899044027779389e-07
1.570874995055304049e-07
1.571985736185995862e-07
1.574164874751926348e-07
1.577300836682915851e-07
1.581215269132340968e-07
1.585648120002671830e-07
1.590260883222167981e-07
1.594665205879544079e-07
1.598475957876084274e-07
1.601378159641874158e-07
1.603189741373327930e-07
1.603900967287582425e-07
1.603677916454712732e-07
1.602828952476305549e-07
1.601744110432369796e-07
1.600823056407348552e-07
1.600406718159094044e-07
1.600723310668580727e-07
1.601854680933857580e-07
1.603725560039481862e-07
1.606116235916941156e-07
1.608697149056484002e-07
1.611081132768674910e-07
1.612885707186096345e-07
1.613795137736112447e-07
1.613611212011197151e-07
1.612283623338989145e-07
1.609915183103685835e-07
1.606742489837775224e-07
1.603097383185279177e-07
1.599357173146278896e-07
1.595892033563211472e-07
1.593016922864709372e-07
1.590954065521879516e-07
1.589810993500771565e-07
1.589578085790440623e-07
1.590147402395907415e-07
1.591350468416538215e-07
1.593006882073040194e-07
1.594970415702991889e-07
1.597157934958719495e-07
1.599551159798482152e-07
1.602171005676486356e-07
1.605034651879498453e-07
1.608111495574750595e-07
1.611293170763994055e-07
1.614386162104295372e-07
1.617127243526802116e-07
1.619215957595777208e-07
1.620356300954022642e-07
1.620300711374634634e-07
1.618891182691089906e-07
1.616093344578430086e-07
1.612019526541016069e-07
1.606936917806646471e-07
1.601257473186807900e-07
1.595507327702835080e-07
1.590275282431343701e-07
1.586142648938108429e-07
1.583600449800607925e-07
1.582964258993708318e-07
1.584301126167884604e-07
1.587386153120348502e-07
1.591706823233140651e-07
1.596528578935763400e-07
1.601022707603889809e-07
1.604437355999922632e-07
1.606270508726317874e-07
1.606391921174086348e-07
1.605070270289086931e-07
1.602892432618060469e-07
1.600600005178878209e-07
1.598894828589481445e-07
1.598269600476557739e-07
1.598904859328752070e-07
1.600650602713875599e-07
1.603088692806241439e-07
1.605654507321095287e-07
1.607783756868394252e-07
1.609044943505748283e-07
1.609222964305373229e-07
1.608335935329127396e-07
1.606590484661399110e-07
1.604300712661960193e-07
1.601803937217063149e-07
1.599400055898800242e-07
1.597326002132326795e-07
1.595760706529692170e-07
1.594845815747394268e-07
1.594705413823255145e-07
1.595452365082642899e-07
1.597176117102667390e-07
1.599913809718603731e-07
1.603611892887243221e-07
1.608089070175718054e-07
1.613013449868317912e-07
1.617906900203169949e-07
1.622186508830526321e-07
1.625245274271329992e-07
1.626561749583978415e-07
1.625814611179174913e-07
1.622969509839364387e-07
1.618308539580620106e-07
1.612388663223839118e-07
1.605938329867373880e-07
1.599720828125935978e-07
1.594400628456313098e-07
1.590444053213143696e-07
1.588072863104987790e-07
1.587274690770459810e-07
1.587861234830630480e-07
1.589554968250590156e-07
1.592078824598765283e-07
1.595222992787945849e-07
1.598870361385233770e-07
1.602976111610583011e-07
1.607512434929843879e-07
1.612400133046999865e-07
1.617451572311014887e-07
1.622344967435106927e-07
1.626641335613605369e-07
1.629844998252075377e-07
1.631496952848414378e-07
1.631279006004338742e-07
1.629099052102570236e-07
1.625129637341801989e-07
1.619785380224557061e-07
1.613645504596925608e-07
1.607345917012989583e-07
1.601472414343770891e-07
1.596481114350805184e-07
1.592659223326051684e-07
1.590125928812947929e-07
1.588864093398382861e-07
1.588769357525658008e-07
1.589702879184906937e-07
1.591535762818457604e-07
1.594176609169928024e-07
1.597578387864951732e-07
1.601726387852351421e-07
1.606613872099428726e-07
1.612214562832196782e-07
1.618460364894691890e-07
1.625229297989801985e-07
1.632343988462914813e-07
1.639577087860838091e-07
1.646658240585141448e-07
1.653278650623666618e-07
1.659093563992575042e-07
1.663728194972538503e-07
1.666795821081225646e-07
1.667935404099322126e-07
1.666869569477609819e-07
1.663474134890947073e-07
1.657841642364607716e-07
1.650317728359808466e-07
1.641493125975618290e-07
1.632145074961590856e-07
1.623136266057603768e-07
1.615291946532161709e-07
1.609282073100733576e-07
1.605533768426927331e-07
1.604191153717628356e-07
1.605127903652117104e-07
1.608005758569396645e-07
1.612362251459524300e-07
1.617705059560076047e-07
1.623590170317685666e-07
1.629666863126816618e-07
1.635683024173025701e-07
1.641456516835375071e-07
1.646828501783835024e-07
1.651619673913639165e-07
1.655608844587696528e-07
1.658545429881492763e-07
1.660195161877365594e-07
1.660405257951145608e-07
1.659166069360511762e-07
1.656645155015681864e-07
1.653178175440341706e-07
1.649215942999134909e-07
1.645242081780280728e-07
1.641684900321929914e-07
1.638847539982350173e-07
1.636873544338881958e-07
1.635754211939779821e-07
1.635372878267700392e-07
1.635572036894876334e-07
1.636223622027707380e-07
1.637282095707412679e-07
1.638804857845782118e-07
1.640934180236276597e-07
1.643846730507975759e-07
1.647686876400449493e-07
1.652504702886328146e-07
1.658217340775494418e-07
1.664603828804978482e-07
1.671332661180197778e-07
1.678011645943101267e-07
1.684245007711266857e-07
1.689683753939012555e-07
1.694060557538885351e-07
1.697206685299984693e-07
1.699053093793182358e-07
1.699619863133573497e-07
1.698998606703838830e-07
1.697332692134395161e-07
1.694800147550324412e-07
1.691602944406400074e-07
1.687963312798587406e-07
1.684123919622930102e-07
1.680346310286284633e-07
1.676902401597342525e-07
1.674056493605118147e-07
1.672038511036806262e-07
1.671011721656253786e-07
1.671040031997970162e-07
1.672061761634453552e-07
1.673878308358471974e-07
1.676165697009463755e-07
1.678512816758594725e-07
1.680482255166437684e-07
1.681681092612821613e-07
1.681824491367362683e-07
1.680777411058895920e-07
1.678568085380193773e-07
1.675376210284159993e-07
1.671504337533788902e-07
1.667341173490220338e-07
1.663322217910081411e-07
1.659889494447378702e-07
1.657450139511307293e-07
1.656333886157831220e-07
1.656751484557758430e-07
1.658758738950022876e-07
1.662232873729218733e-07
1.666868456242477535e-07
1.672198767802005237e-07
1.677645439834141757e-07
1.682594379522832976e-07
1.686489466522006849e-07
1.688928075440742929e-07
1.689736920350794023e-07
1.689007020013383806e-07
1.687075209157885010e-07
1.684454559159729125e-07
1.681731038871315759e-07
0.000000000000000000e+00
1.358055177772511042e-07
7.216571155909822806e-08
5.179014201825878925e-08
4.278849533710560815e-08
3.868675661312711091e-08
3.744463226326319744e-08
3.837493615741072088e-08
4.141532237161811712e-08
4.698497804345265764e-08
5.609796896443958207e-08
7.079658577713126078e-08
9.531237616828705095e-08
1.394361133766663583e-07
2.310349276540357263e-07
4.874806704384229466e-07
2.823786799282275891e-06
-1.250013753868296561e-06
-6.742158832002625764e-07
-5.571398079296728823e-07
-5.446880786768332224e-07
-5.884419962760938117e-07
-6.816159119059784748e-07
-8.366765156470305840e-07
-1.086450457271138060e-06
-1.502700853135021975e-06
-2.274729680801978939e-06
-4.082793989293152396e-06
-1.155686633343311166e-05
2.851172712124217236e-05
7.946370058241092969e-06
5.493740140619253019e-06
4.939544468449304226e-06
5.248241372393058589e-06
6.519006041586681243e-06
1.098392260046084672e-05
1.868370207653009373e-04
-1.084289250217258560e-05
-5.129154554160101988e-06
-3.398295995280592912e-06
-2.627646302461245525e-06
-2.266549240601157626e-06
-2.129539003569580350e-06
-2.164212248706578291e-06
-2.454288898241235528e-06
-3.330604407800988161e-06
-6.914172840605324007e-06
1.620739152319382220e-05
3.131541174933856861e-06
1.613623864645632077e-06
1.048003258613244575e-06
7.659842149160665235e-07
6.053903746822045478e-07
5.060638338030462095e-07
4.417926086187483283e-07
4.009775940985838770e-07
3.768896917974134125e-07
3.650942543038316926e-07
3.623348175268015466e-07
3.670773607052761413e-07
3.769850323903544661e-07
3.898148738117111070e-07
4.045660367021229172e-07
4.194938963475320637e-07
4.338879598314040089e-07
4.475773089763480550e-07
4.616407510608514501e-07
4.741060898361261828e-07
4.849484131223247645e-07
4.973952719446305105e-07
5.116406951463292040e-07
5.263096455054539827e-07
5.405491239121548004e-07
5.517894291295570109e-07
5.561779813371766348e-07
5.508469675722286670e-07
5.376305071605248834e-07
5.185214290903667779e-07
4.958534112992056753e-07
4.730407658602653241e-07
4.536446951694963373e-07
4.397050979809673984e-07
4.318221435497762136e-07
4.319559081713075338e-07
4.406215003917585872e-07
4.583299936755957846e-07
4.859678291276105587e-07
5.231451752690188187e-07
5.692701180826940459e-07
6.255263288221900907e-07
6.923345110339450157e-07
7.625344667969365472e-07
8.273543227643735578e-07
8.788391621560279465e-07
9.079486613371959157e-07
9.084279503853735384e-07
8.742413843462849787e-07
8.152914952490627460e-07
7.453223932055071384e-07
6.774829815463789893e-07
6.186883424160364952e-07
5.702782903636060312e-07
5.339599695209887288e-07
5.105070683649095643e-07
4.997057961538364455e-07
5.024735713314398719e-07
5.171886700953139512e-07
5.421682620849287499e-07
5.774752361564814327e-07
6.207330377788624972e-07
6.647121201792863704e-07
6.988150664967260629e-07
7.134564356768345633e-07
7.045885683410259780e-07
6.732596185590273710e-07
6.255875437667381544e-07
5.705911516051445530e-07
5.177977108427213335e-07
4.736212120113161793e-07
4.392634049277298725e-07
4.151085580052647594e-07
4.007226115488617850e-07
3.951914679310308304e-07
3.980611670175315740e-07
4.084326752224372850e-07
4.261461239019158177e-07
4.512041056160340711e-07
4.827295864767233933e-07
5.199215964950356795e-07
5.608915523517353616e-07
6.027174931126764500e-07
6.443948587436936656e-07
6.856786149510377781e-07
7.256929001369855231e-07
7.653742248058301945e-07
8.040210973355149697e-07
8.394171221431635211e-07
8.646393645860759807e-07
8.787498981052153667e-07
8.786968864187211886e-07
8.633640829281384768e-07
8.340687960906102678e-07
7.890511958139671982e-07
7.364540316580301097e-07
6.827279953330596604e-07
6.341112916203845888e-07
5.952671718293647573e-07
5.671444470017776240e-07
5.483493810862990928e-07
5.374344148423991871e-07
5.329387883642657816e-07
5.328046036826267916e-07
5.369703479989079778e-07
5.464386709782595872e-07
5.589099821873409843e-07
5.719662270631532719e-07
5.869008094815011903e-07
6.044531711557397702e-07
6.241434806552199541e-07
6.474305050578188396e-07
6.749272805229483502e-07
7.045749215152274562e-07
7.359887253075037660e-07
7.725104193615924473e-07
8.107857591343137407e-07
8.445588968117787004e-07
8.741444672594203264e-07
8.939547043550214174e-07
8.949706327468559381e-07
8.816639447179611484e-07
8.566957685835749851e-07
8.190093738858486837e-07
7.764830629319335663e-07
7.332483487854538315e-07
6.898270031991811322e-07
6.507631504745939667e-07
6.203944903096421522e-07
5.966193882912301055e-07
5.771161861206954228e-07
5.618067753411164472e-07
5.511439315030068261e-07
5.453828269742599013e-07
5.429433341805300252e-07
5.415453890783664605e-07
5.388488384459023413e-07
5.327276739841144392e-07
5.233244199200418861e-07
5.118817458465719285e-07
4.981146117867706846e-07
4.822120020492674970e-07
4.672764754446500092e-07
4.547564924201494752e-07
4.461688858898555015e-07
4.414270198193620109e-07
4.404409563667262685e-07
4.437399053002417878e-07
4.504871881874296733e-07
4.595633840155065400e-07
4.690966451882165353e-07
4.777245271154883128e-07
4.861205151929167069e-07
4.943971291052960898e-07
5.028898095974269165e-07
5.120906774942831075e-07
5.226678818804290713e-07
5.378920004740540161e-07
5.566029038786199077e-07
5.783685839526739486e-07
6.013466365762221619e-07
6.217494158270619363e-07
6.381140642150796246e-07
6.457291699643366895e-07
6.397055372190633258e-07
6.224166224421948333e-07
5.987102622519235232e-07
5.722625603319136051e-07
5.470896407322089774e-07
5.267000469979177116e-07
5.133741837136509640e-07
5.075088051224671759e-07
5.102195638677512955e-07
5.214025292655705170e-07
5.384530902844849023e-07
5.604914926173201769e-07
5.860665031041095871e-07
6.109295905485821856e-07
6.325449809164613635e-07
6.499480037764964658e-07
6.625878397177891152e-07
6.692011855481356078e-07
6.720972432875892264e-07
6.765869424794371357e-07
6.840070544492998413e-07
6.942121678258459465e-07
7.081548746923720866e-07
7.245473577181938965e-07
7.405550845761341983e-07
7.527485804449408465e-07
7.553593797438543083e-07
7.449640784153729844e-07
7.240804953199708830e-07
6.953043380900730589e-07
6.638763102790373702e-07
6.336155160176429736e-07
6.068328289324478851e-07
5.883091562043437480e-07
5.780998618342377143e-07
5.749839588046424840e-07
5.789981091071643909e-07
5.861627873453340629e-07
5.931064250869129890e-07
5.970690623116912610e-07
5.952299964441314579e-07
5.851156105454440056e-07
5.654228052988916170e-07
5.397181791905613201e-07
5.125491964449396464e-07
4.865361403209912234e-07
4.647769965213730969e-07
4.492283601043296171e-07
4.402589150285025341e-07
4.369498949833370567e-07
4.390120422227667079e-07
4.477556534621388876e-07
4.617331014093896765e-07
4.797966679179402206e-07
5.007684650552168012e-07
5.226407066635219293e-07
5.442203380220833076e-07
5.652110971375626231e-07
5.834480824446950807e-07
5.973917747650319068e-07
6.061942043311589199e-07
6.118689177061074449e-07
6.169703197814089547e-07
6.202505798544450096e-07
6.219437638213296938e-07
6.239006258672553417e-07
6.246837552533226417e-07
6.232316769415684361e-07
6.192873211433742014e-07
6.118425127463629341e-07
6.041193703200614876e-07
5.981926375746424197e-07
5.939734687464900815e-07
5.914299581019167008e-07
5.913369076389726477e-07
5.936527072359211202e-07
5.966615369677024889e-07
5.998652363325162971e-07
6.023270694432793170e-07
6.024311871364135905e-07
6.003076371043103716e-07
5.955486741321615085e-07
5.892948694009969761e-07
5.833726685865066351e-07
5.794629320861148986e-07
5.783059597524957594e-07
5.806094784787026502e-07
5.858907386497126428e-07
5.934126260973704222e-07
6.021106540243789050e-07
6.132514695567260073e-07
6.270349657754833148e-07
6.394765773959887798e-07
6.494979274291010513e-07
6.591145928659868565e-07
6.674336122994530549e-07
6.750812165699422629e-07
6.828278651697559028e-07
6.898547810087711637e-07
6.985017956387370777e-07
7.079192759328550329e-07
7.194300652916554152e-07
7.328574053347624250e-07
7.452910677953727036e-07
7.556904950363973844e-07
7.667299621041639348e-07
7.777430125937360513e-07
7.858818406711083841e-07
7.908969040735794365e-07
7.935433866156180913e-07
7.963194648856328616e-07
7.992469326556186434e-07
8.023294358911110335e-07
8.009805263200056778e-07
7.924878553004362591e-07
7.770737315178467652e-07
7.535261300041512974e-07
7.237948028949376898e-07
6.887812688641545517e-07
6.519372094813579583e-07
6.169917071517848824e-07
5.864989379170176411e-07
5.626574487352868991e-07
5.452381619617525784e-07
5.351795296108686644e-07
5.329755492748762197e-07
5.364671046688464002e-07
5.444130134331504279e-07
5.561863566925136195e-07
5.685682715248961959e-07
5.778156596799052448e-07
5.814182142533937782e-07
5.785849013008777767e-07
5.702985795133987379e-07
5.576263428371917112e-07
5.421750280854699836e-07
5.266234300657223864e-07
5.149893821138462732e-07
5.082456213934829736e-07
5.064636565402735308e-07
5.103239470443744188e-07
5.195600774536171556e-07
5.339165527164717042e-07
5.512576146077369295e-07
5.696280480278099040e-07
5.878258142272755091e-07
6.049305192329264185e-07
6.181127740281418473e-07
6.253724343248369591e-07
6.246967887469687338e-07
6.163714083818621248e-07
6.033978098581518525e-07
5.877532108640788530e-07
5.724555768496896907e-07
5.581268195117488094e-07
5.448011760745970128e-07
5.330399042290248278e-07
5.230602310320874782e-07
5.155823955405227140e-07
5.106232575692219281e-07
5.081877793793663535e-07
5.077785175290435755e-07
5.094055147435437715e-07
5.125492057664398221e-07
5.162222486464371768e-07
5.219602423717808934e-07
5.300393936062441073e-07
5.402793862395075795e-07
5.529537755587267222e-07
5.677669694146141817e-07
5.844241776056553442e-07
6.025047786047425836e-07
6.223967188884627257e-07
6.456213914209568429e-07
6.715790469513901222e-07
7.004433740070190453e-07
7.318310367643079595e-07
7.647176560305971083e-07
8.005833506166743585e-07
8.396879824397208580e-07
8.784652916900358357e-07
9.148650587964568271e-07
9.455544102119169524e-07
9.670355558736193311e-07
9.772481617256080663e-07
9.736371771927886746e-07
9.598731696351593943e-07
9.391525818855880682e-07
9.144823478537658110e-07
8.886270435468408749e-07
8.633448804023973159e-07
8.386196191633432320e-07
8.131349395856255554e-07
7.867223566402878912e-07
7.592428877078822737e-07
7.286067448528548216e-07
6.970248091710435384e-07
6.640050413561654815e-07
6.325862280536310597e-07
6.056207029836347958e-07
5.813341818775996706e-07
5.609835260060038393e-07
5.469504394401137815e-07
5.391926765052375428e-07
5.363722242236733423e-07
5.380361296967036103e-07
5.436808168775066026e-07
5.526187357043880445e-07
5.651415976554206609e-07
5.798697747495849743e-07
5.946037519921407474e-07
6.077545938065737411e-07
6.178914822808357443e-07
6.234967918101869586e-07
6.228957760932289223e-07
6.175003050307479959e-07
6.085229387940193412e-07
5.959489492494391181e-07
5.810656190073433961e-07
5.663721736078034763e-07
5.532059586599459914e-07
5.421935144205689594e-07
5.358957876331106386e-07
5.345680379949016342e-07
5.364224346230666596e-07
5.420438458979329304e-07
5.510411085122806946e-07
5.628253506878709943e-07
5.762924948506534589e-07
5.908130550848829175e-07
6.049262936467803864e-07
6.153455660736986134e-07
6.196720960371947743e-07
6.182540102642674057e-07
6.124163772319121819e-07
6.032640868871518842e-07
5.926348659768146993e-07
5.825060601875310771e-07
5.738132046489776422e-07
5.672312337582107996e-07
5.641238126994580058e-07
5.638935541526076268e-07
5.661985376584186826e-07
5.708103481724184855e-07
5.762280710565169592e-07
5.817839310608166791e-07
5.858276036546909678e-07
5.865854193414531349e-07
5.853794325351746553e-07
5.824030923637602251e-07
5.780079872081960157e-07
5.735582541851273900e-07
5.696695273362767617e-07
5.677672794503041924e-07
5.678604085979581992e-07
5.696949800470707066e-07
5.752682721072017808e-07
5.831520500592109934e-07
5.925195946931209966e-07
6.041509852645286473e-07
6.187175638932897059e-07
6.365336240893209610e-07
6.571699489999362356e-07
6.819070042650942942e-07
7.106806451872585687e-07
7.429429392400199424e-07
7.771136452652179691e-07
8.085324224721560161e-07
8.313444679799980976e-07
8.424571400029038831e-07
8.398039101298865582e-07
8.225977492446296345e-07
7.951080660981166468e-07
7.645981922969020518e-07
7.363966337798589119e-07
7.147831261121486538e-07
7.029566188020966351e-07
7.042495795762057342e-07
7.201611454252679085e-07
7.510628283929960153e-07
7.923305824103433066e-07
8.364263181954177176e-07
8.734291789406738583e-07
8.870940616581663039e-07
8.680578429437810099e-07
8.162434036097086272e-07
7.415923430392238601e-07
6.604480615049679248e-07
5.800740247372196432e-07
5.171149355859430461e-07
4.761547684606799085e-07
4.495282995067449248e-07
4.348551854449951327e-07
4.298376214918559279e-07
4.329360308566850028e-07
4.424790835900858049e-07
4.555784056323047399e-07
4.698766349864654116e-07
4.822468298451616980e-07
4.890534241581285919e-07
4.885167168402193431e-07
4.813031750672846228e-07
4.699708369534815174e-07
4.568100124700565031e-07
4.441428903600639187e-07
4.337023919942828657e-07
4.270103475990598150e-07
4.247148345023447032e-07
4.264422163083956870e-07
4.320970804862616637e-07
4.415580151662804462e-07
4.535540309439033300e-07
4.668088956155541399e-07
4.803750353014808963e-07
4.933547590613466910e-07
5.051827596581911643e-07
5.161937486311605744e-07
5.256312029950699494e-07
5.332928864985752060e-07
5.401113341521734448e-07
5.465517928566797221e-07
5.519001272416774484e-07
5.549208950806479783e-07
5.566723769203478418e-07
5.568816363177661039e-07
5.550043683349998857e-07
5.520740854811903000e-07
5.488821379185075446e-07
5.463631463586509093e-07
5.446149702883215784e-07
5.443407576834597238e-07
5.469174166821498049e-07
5.515228233804349233e-07
5.575373561583665134e-07
5.642960350757902389e-07
5.704616109182326884e-07
5.751158969650769076e-07
5.769922882400802874e-07
5.750968130611710133e-07
5.704270658581365969e-07
5.632987352189435498e-07
5.544186167200382699e-07
5.451377167167624526e-07
5.365388534948418165e-07
5.301278715809036682e-07
5.268001796010338202e-07
5.269427339728738727e-07
5.305948454238529453e-07
5.362712584120388408e-07
5.428791813425686004e-07
5.500743925655896262e-07
5.571914088432779449e-07
5.634982988066606605e-07
5.685254503787145005e-07
5.726051179437367521e-07
5.741332326696256994e-07
5.731236457979809252e-07
5.713111445429439031e-07
5.691528870834808953e-07
5.672466049137911243e-07
5.667574027911538394e-07
5.672041799431299622e-07
5.675779809154696447e-07
5.679894282745565007e-07
5.683747662051112290e-07
5.677734818363919196e-07
5.661589961597685122e-07
5.632783690593743212e-07
5.593095905741567754e-07
5.537875089715023188e-07
5.463315532580387054e-07
5.377878108213563050e-07
5.287640220390870331e-07
5.197001561174190010e-07
5.098480163534114532e-07
4.988524519599089753e-07
4.879764520101911299e-07
4.789910134604380029e-07
4.722766356617488978e-07
4.670188929649242765e-07
4.640574803405649010e-07
4.640358150551535222e-07
4.661212440403329102e-07
4.698916847838022571e-07
4.743573450006758508e-07
4.783233940671450306e-07
4.808137136064930581e-07
4.816814284122425192e-07
4.810555421734495002e-07
4.792758068164922420e-07
4.769752424280689834e-07
4.749574395756222433e-07
4.743126265415678923e-07
4.761605194646485790e-07
4.808070430358112254e-07
4.884244582591467130e-07
4.984280819827311963e-07
5.104252249068197469e-07
5.233867210505857015e-07
5.353595435816603645e-07
5.449642565258548993e-07
5.516926200455789093e-07
5.550793223245596728e-07
5.549454847973853875e-07
5.515713810653241225e-07
5.456384679019584863e-07
5.399421355398461441e-07
5.366665136993667860e-07
5.363010145578749874e-07
5.395483718795944861e-07
5.465797573606124520e-07
5.569306108574575809e-07
5.699027113044073640e-07
5.838768328834022727e-07
5.984419620320798118e-07
6.125781418227907351e-07
6.239591726038681028e-07
6.309269803577507205e-07
6.331376993562532511e-07
6.305954687489103411e-07
6.243800931239992738e-07
6.164987700077279380e-07
6.080252915827141887e-07
5.994664674530277923e-07
5.911412780815893519e-07
5.829183732051664233e-07
5.761778691413724069e-07
5.709906447621615824e-07
5.676981418534583416e-07
5.667712889222434900e-07
5.677954903183681731e-07
5.708863608610231553e-07
5.749687622969947142e-07
5.804421083295922179e-07
5.878037555223989660e-07
5.958670300224112486e-07
6.029964015902367582e-07
6.085096163207631425e-07
6.113425353603219968e-07
6.103129703374810516e-07
6.058838614884949117e-07
5.994659062210106217e-07
5.929474345521535492e-07
5.873102672532382329e-07
5.833258777654196772e-07
5.813985246497405484e-07
5.812461805895597666e-07
5.829867523007445319e-07
5.852580899495211188e-07
5.861044906853596321e-07
5.835817571311825430e-07
5.782519516492806282e-07
5.704746674758704032e-07
5.595190464769563683e-07
5.472898788956865793e-07
5.354789748838748158e-07
5.243351240092840531e-07
5.153149514505103416e-07
5.087935936032516264e-07
5.048639579055565081e-07
5.035553232429219210e-07
5.034316764231752719e-07
5.038282112209257815e-07
5.048059362416353720e-07
5.068847652486779382e-07
5.089623738793877048e-07
5.100994197357814215e-07
5.109598636926821005e-07
5.120943576549687600e-07
5.142219628110865944e-07
5.175192704905810915e-07
5.215406892125955369e-07
5.254618749703632374e-07
5.278672891235969175e-07
5.287429641579307889e-07
5.283519945503640217e-07
5.257753902602183615e-07
5.207626798440457693e-07
5.146562128315273748e-07
5.082394405894908694e-07
5.032353794457537531e-07
5.000733608238068964e-07
4.993293573463805799e-07
5.017081795822994923e-07
5.064832097614656924e-07
5.136140955161926080e-07
5.219704462305614001e-07
5.293291456154499154e-07
5.347558597729189596e-07
5.377967560347757282e-07
5.382181082050513542e-07
5.357004176496153387e-07
5.298442376639719244e-07
5.229498965309867972e-07
5.167102398499327044e-07
5.122233967947921909e-07
5.102300630049894480e-07
5.116807574157583728e-07
5.168878370592729373e-07
5.251103581301558735e-07
5.349112610599500655e-07
5.447376890415200469e-07
5.541809176284108264e-07
5.621961805839205900e-07
5.673114037949993126e-07
5.694729177626061261e-07
5.693480084419423781e-07
5.676618492966367344e-07
5.651114616941668616e-07
5.632953432719810247e-07
5.625457862856394993e-07
5.625091010638283733e-07
5.629796731917808665e-07
5.636462958682895583e-07
5.646190346101628033e-07
5.652891774419242273e-07
5.653180571386609629e-07
5.645027135599580763e-07
5.633812809217149330e-07
5.630385274537057286e-07
5.635259918063481881e-07
5.655198938567046671e-07
5.700747249107790114e-07
5.764734494118960723e-07
5.845604431364268921e-07
5.933476003440103400e-07
6.013980987257066555e-07
6.067325418595310640e-07
6.085907217297241717e-07
6.060681662166510609e-07
5.983175508679494531e-07
5.870968921615608523e-07
5.737002481830300110e-07
5.603439033026149847e-07
5.494654259658317900e-07
5.415029976162583880e-07
5.369886939316347732e-07
5.351405594232112530e-07
5.349932571035854169e-07
5.356994433242229342e-07
5.362458731292301348e-07
5.352017034426378305e-07
5.314702869524679149e-07
5.252631460535307982e-07
5.167616547461269653e-07
5.077134403752434004e-07
4.994477847876211536e-07
4.923546107612617875e-07
4.872331453384544896e-07
4.837179309780416819e-07
4.814121840663727628e-07
4.802916775901733459e-07
4.796534101268451083e-07
4.789159285101256474e-07
4.778062496195613100e-07
4.764780123706613305e-07
4.744906549406702152e-07
4.726566842053042564e-07
4.712922537878627200e-07
4.704621500955715836e-07
4.710060512804186767e-07
4.730352614647110417e-07
4.761573812885592691e-07
4.797979868585044682e-07
4.833790021260561421e-07
4.870325217486505738e-07
4.900600531591821764e-07
4.920009771060431868e-07
4.926676365737011107e-07
4.922296616100545647e-07
4.918759285438851827e-07
4.921899587985226510e-07
4.935928855690764895e-07
4.967034550571730103e-07
5.020187738260922156e-07
5.086853430492493332e-07
5.161653224150530463e-07
5.244114703624211592e-07
5.319925358544120586e-07
5.373432000577713862e-07
5.396091210015602746e-07
5.389109762184500548e-07
5.363483968375669967e-07
5.327575753818146646e-07
5.290776042354026461e-07
5.267723150107342680e-07
5.275236852178169327e-07
5.305464430892723597e-07
5.353509823768133548e-07
5.419092531591451592e-07
5.498864686198673482e-07
5.584538619619851164e-07
5.653967945387244267e-07
5.692292682194542332e-07
5.699455368668257230e-07
5.670921717442690224e-07
5.619291303489526634e-07
5.556700678069946298e-07
5.490748908605678286e-07
5.440580534831421874e-07
5.414130012316049161e-07
5.420690074110441059e-07
5.452433670422300604e-07
5.494265078126292205e-07
5.544612728652764074e-07
5.601954241109500638e-07
5.647132979732257432e-07
5.667975087257420441e-07
5.659890335378224985e-07
5.625647831808034862e-07
5.576353989191875990e-07
5.523577818593177324e-07
5.479813106070165810e-07
5.437535236193015252e-07
5.388224983093134688e-07
5.341675049732947190e-07
5.300836063086390568e-07
5.258886303554917468e-07
5.201389919499705223e-07
5.131538378271869204e-07
5.052763393330047462e-07
4.971696738322296462e-07
4.900565861901894287e-07
4.840017419306412487e-07
4.800889330689993571e-07
4.790893810558942369e-07
4.801087550281066304e-07
4.831438054244203197e-07
4.882700101112002859e-07
4.939801763866615772e-07
4.987312472949682557e-07
5.013341327134211332e-07
5.017777160488776760e-07
4.998217179336075161e-07
4.958075297431162724e-07
4.905356981417450434e-07
4.848432897816606504e-07
4.798522190915773390e-07
4.763460621633967410e-07
4.745708272631158323e-07
4.738619468538201174e-07
4.738088080774910700e-07
4.741918609169890910e-07
4.742356576682029165e-07
4.734291729353350060e-07
4.721784688241388493e-07
4.710315748784475418e-07
4.697564850241982493e-07
4.687905146872883198e-07
4.679831554708720696e-07
4.675817040018616156e-07
4.678201017982017215e-07
4.684918562722625854e-07
4.699621989853799900e-07
4.715333464750444547e-07
4.727827618591623389e-07
4.734427456116583080e-07
4.736802326379520078e-07
4.743329033530179564e-07
4.758376340640188012e-07
4.784787969491613049e-07
4.825610532053326542e-07
4.878122702199127827e-07
4.934718062972359555e-07
4.993433043923923449e-07
5.056333229092375006e-07
5.112069091433831370e-07
5.153538754342652623e-07
5.177341589504504421e-07
5.181717524615601013e-07
5.171684286422341779e-07
5.151419153264228380e-07
5.136800465467537185e-07
5.148198277626683148e-07
5.187548571576159432e-07
5.255509407028193539e-07
5.349588647603874349e-07
5.468690913826073341e-07
5.613270700587125885e-07
5.772641416315336922e-07
5.924215704161423482e-07
6.049293655649953583e-07
6.135930214682146445e-07
6.173711722315683705e-07
6.163683803269690173e-07
6.110914012211575509e-07
6.040010662252710703e-07
5.971348710367326839e-07
5.919926252688906508e-07
5.892492325502822390e-07
5.890890309993704643e-07
5.917852200699442276e-07
5.972391094946859457e-07
6.040764736654109358e-07
6.101555782493792107e-07
6.132525967083618045e-07
6.124260770991113208e-07
6.064505387227420592e-07
5.967621985617132182e-07
5.852077388362283380e-07
5.711165771162498909e-07
5.560055933874732251e-07
5.425358026255847112e-07
5.317195073707670313e-07
5.228045639827709613e-07
5.148486524490038157e-07
5.081428634930678366e-07
5.030077119415032835e-07
4.997629630113646125e-07
4.978639701828802243e-07
4.969441312804718308e-07
4.972112887988814042e-07
4.983816338916197435e-07
5.003397313031567141e-07
5.025365076335338794e-07
5.050042574557019449e-07
5.076971511723593083e-07
5.097553716423848870e-07
5.106669635586869980e-07
5.112065535779471229e-07
5.116857678118814458e-07
5.123415896413283896e-07
5.143716435246855037e-07
5.176922500825991405e-07
5.212957253380325783e-07
5.256862416956597559e-07
5.307705424469021416e-07
5.361438563606814456e-07
5.411702294082441567e-07
5.455461310860556413e-07
5.480757299979147541e-07
5.468723703912126955e-07
5.419791363991354532e-07
5.341880298954868231e-07
5.246990778413576878e-07
5.152251712766378846e-07
5.067599148355905101e-07
5.002683111808404026e-07
4.961434660927164588e-07
4.943865951062973989e-07
4.956855112527643016e-07
4.993716142937295153e-07
5.044385906090658201e-07
5.102171281088427640e-07
5.156607708443986620e-07
5.199905924652304802e-07
5.224686520583606492e-07
5.224622954854089542e-07
5.212561548452240772e-07
5.193919875405282542e-07
5.170008313831536935e-07
5.149199106393890131e-07
5.138551470791186957e-07
5.146321746118150160e-07
5.166024237221224362e-07
5.194278395589927587e-07
5.241692008384383928e-07
5.297870245861445088e-07
5.354879261509087994e-07
5.416995226442370601e-07
5.496045898710298357e-07
5.595302915594118771e-07
5.710782208380698605e-07
5.851314531701448605e-07
6.018790267651649373e-07
6.207409155389951444e-07
6.404436028224635121e-07
6.586838671665810641e-07
6.717303719808375933e-07
6.779205767384971066e-07
6.764498993124050771e-07
6.669337696021279992e-07
6.519268652242456184e-07
6.354648910176599036e-07
6.207061536965744041e-07
6.106183856957001508e-07
6.072814041714842354e-07
6.132171018602317325e-07
6.296650420161872371e-07
6.562402027386005508e-07
6.893916691179662525e-07
7.231091852755173477e-07
7.494895808123352832e-07
7.569829288658249288e-07
7.392767319796366301e-07
6.970891611163614996e-07
6.378291811660716436e-07
