1.000000000000000194e-02
2.000000000000000389e-02
3.000000000000000583e-02
4.000000000000000777e-02
5.000000000000000971e-02
6.000000000000001166e-02
7.000000000000000666e-02
8.000000000000001554e-02
9.000000000000001055e-02
1.000000000000000194e-01
1.100000000000000144e-01
1.200000000000000233e-01
1.300000000000000044e-01
1.400000000000000133e-01
1.500000000000000222e-01
1.600000000000000311e-01
1.700000000000000122e-01
1.800000000000000211e-01
1.900000000000000022e-01
2.000000000000000389e-01
2.100000000000000200e-01
2.200000000000000289e-01
2.300000000000000377e-01
2.400000000000000466e-01
2.500000000000000000e-01
2.600000000000000089e-01
2.700000000000000178e-01
2.800000000000000266e-01
2.900000000000000355e-01
3.000000000000000444e-01
3.099999999999999978e-01
3.200000000000000622e-01
3.300000000000000711e-01
3.400000000000000244e-01
3.500000000000000333e-01
3.600000000000000422e-01
3.699999999999999956e-01
3.800000000000000044e-01
3.900000000000000688e-01
4.000000000000000777e-01
4.100000000000000311e-01
4.200000000000000400e-01
4.300000000000001044e-01
4.400000000000000577e-01
4.500000000000000666e-01
4.600000000000000755e-01
4.700000000000000289e-01
4.800000000000000933e-01
4.900000000000000466e-01
5.000000000000000000e-01
5.100000000000000089e-01
5.200000000000000178e-01
5.300000000000000266e-01
5.400000000000000355e-01
5.500000000000000444e-01
5.600000000000000533e-01
5.700000000000000622e-01
5.800000000000000711e-01
5.899999999999999689e-01
6.000000000000000888e-01
6.099999999999999867e-01
6.199999999999999956e-01
6.300000000000001155e-01
6.400000000000001243e-01
6.500000000000000222e-01
6.600000000000001421e-01
6.700000000000000400e-01
6.800000000000000488e-01
6.900000000000000577e-01
7.000000000000000666e-01
7.099999999999999645e-01
7.200000000000000844e-01
7.299999999999999822e-01
7.399999999999999911e-01
7.500000000000000000e-01
7.600000000000000089e-01
7.700000000000000178e-01
7.800000000000001377e-01
7.900000000000000355e-01
8.000000000000001554e-01
8.100000000000000533e-01
8.200000000000000622e-01
8.300000000000000711e-01
8.400000000000000799e-01
8.499999999999999778e-01
8.600000000000002087e-01
8.700000000000001066e-01
8.800000000000001155e-01
8.900000000000001243e-01
9.000000000000001332e-01
9.100000000000000311e-01
9.200000000000001510e-01
9.300000000000000488e-01
9.400000000000000577e-01
9.500000000000001776e-01
9.600000000000001865e-01
9.700000000000000844e-01
9.800000000000000933e-01
9.899999999999999911e-01
1.000000000000000000e+00
1.010000000000000231e+00
1.020000000000000018e+00
1.030000000000000027e+00
1.040000000000000036e+00
1.050000000000000266e+00
1.060000000000000053e+00
1.070000000000000062e+00
1.080000000000000071e+00
1.090000000000000080e+00
1.100000000000000089e+00
1.110000000000000098e+00
1.120000000000000107e+00
1.130000000000000115e+00
1.140000000000000124e+00
1.150000000000000133e+00
1.160000000000000142e+00
1.170000000000000151e+00
1.179999999999999938e+00
1.189999999999999947e+00
1.200000000000000178e+00
1.210000000000000187e+00
1.219999999999999973e+00
1.229999999999999982e+00
1.239999999999999991e+00
1.250000000000000000e+00
1.260000000000000231e+00
1.270000000000000018e+00
1.280000000000000249e+00
1.290000000000000036e+00
1.300000000000000044e+00
1.310000000000000275e+00
1.320000000000000284e+00
1.330000000000000293e+00
1.340000000000000080e+00
1.350000000000000089e+00
1.360000000000000098e+00
1.370000000000000329e+00
1.380000000000000115e+00
1.390000000000000124e+00
1.400000000000000133e+00
1.410000000000000142e+00
1.419999999999999929e+00
1.430000000000000160e+00
1.440000000000000169e+00
1.450000000000000178e+00
1.459999999999999964e+00
1.469999999999999973e+00
1.479999999999999982e+00
1.490000000000000435e+00
1.500000000000000000e+00
1.510000000000000231e+00
1.520000000000000018e+00
1.530000000000000249e+00
1.540000000000000036e+00
1.550000000000000266e+00
1.560000000000000275e+00
1.570000000000000284e+00
1.580000000000000071e+00
1.590000000000000080e+00
1.600000000000000311e+00
1.610000000000000320e+00
1.620000000000000107e+00
1.630000000000000115e+00
1.640000000000000124e+00
1.650000000000000133e+00
1.660000000000000142e+00
1.670000000000000151e+00
1.680000000000000160e+00
1.690000000000000169e+00
1.699999999999999956e+00
1.709999999999999964e+00
1.720000000000000417e+00
1.730000000000000204e+00
1.740000000000000213e+00
1.750000000000000000e+00
1.760000000000000231e+00
1.770000000000000018e+00
1.780000000000000249e+00
1.790000000000000258e+00
1.800000000000000266e+00
1.810000000000000275e+00
1.820000000000000062e+00
1.830000000000000071e+00
1.840000000000000302e+00
1.850000000000000533e+00
1.860000000000000098e+00
1.869999999999999885e+00
1.880000000000000115e+00
1.890000000000000346e+00
1.900000000000000355e+00
1.910000000000000142e+00
1.920000000000000373e+00
1.930000000000000160e+00
1.940000000000000169e+00
1.950000000000000400e+00
1.960000000000000187e+00
1.970000000000000417e+00
1.979999999999999982e+00
1.990000000000000213e+00
2.000000000000000000e+00
2.010000000000000231e+00
2.020000000000000462e+00
2.030000000000000249e+00
2.040000000000000036e+00
2.049999999999999822e+00
2.060000000000000053e+00
2.070000000000000284e+00
2.080000000000000071e+00
2.090000000000000302e+00
2.100000000000000533e+00
2.110000000000000320e+00
2.120000000000000107e+00
2.130000000000000338e+00
2.140000000000000124e+00
2.150000000000000355e+00
2.160000000000000142e+00
2.170000000000000373e+00
2.180000000000000160e+00
2.190000000000000391e+00
2.200000000000000178e+00
2.209999999999999964e+00
2.220000000000000195e+00
2.229999999999999982e+00
2.240000000000000213e+00
2.250000000000000444e+00
2.260000000000000231e+00
2.270000000000000462e+00
2.280000000000000249e+00
2.290000000000000036e+00
2.300000000000000266e+00
2.310000000000000497e+00
2.320000000000000284e+00
2.330000000000000071e+00
2.340000000000000302e+00
2.350000000000000533e+00
2.359999999999999876e+00
2.369999999999999662e+00
2.379999999999999893e+00
2.390000000000000568e+00
2.400000000000000355e+00
2.410000000000000586e+00
2.420000000000000373e+00
2.430000000000000604e+00
2.439999999999999947e+00
2.450000000000000178e+00
2.459999999999999964e+00
2.470000000000000195e+00
2.479999999999999982e+00
2.490000000000000213e+00
2.500000000000000000e+00
2.510000000000000675e+00
2.520000000000000462e+00
2.530000000000000249e+00
2.540000000000000036e+00
2.550000000000000266e+00
2.560000000000000497e+00
2.570000000000000284e+00
2.580000000000000071e+00
2.590000000000000302e+00
2.600000000000000089e+00
2.609999999999999876e+00
2.620000000000000551e+00
2.630000000000000338e+00
2.640000000000000568e+00
2.650000000000000355e+00
2.660000000000000586e+00
2.670000000000000373e+00
2.680000000000000160e+00
2.689999999999999947e+00
2.700000000000000178e+00
2.709999999999999964e+00
2.720000000000000195e+00
2.729999999999999982e+00
2.740000000000000657e+00
2.750000000000000444e+00
2.760000000000000231e+00
2.770000000000000462e+00
2.780000000000000249e+00
2.790000000000000036e+00
2.800000000000000266e+00
2.810000000000000497e+00
2.820000000000000284e+00
2.830000000000000071e+00
2.839999999999999858e+00
2.850000000000000089e+00
2.860000000000000320e+00
2.870000000000000551e+00
2.880000000000000338e+00
2.890000000000000568e+00
2.900000000000000355e+00
2.910000000000000586e+00
2.919999999999999929e+00
2.930000000000000160e+00
2.939999999999999947e+00
2.950000000000000178e+00
2.959999999999999964e+00
2.970000000000000639e+00
2.980000000000000870e+00
2.990000000000000657e+00
3.000000000000000000e+00
3.010000000000000231e+00
3.020000000000000462e+00
3.030000000000000249e+00
3.040000000000000036e+00
3.050000000000000266e+00
3.060000000000000497e+00
3.070000000000000284e+00
3.080000000000000071e+00
3.090000000000000302e+00
3.100000000000000533e+00
3.110000000000000320e+00
3.120000000000000551e+00
3.130000000000000338e+00
3.140000000000000568e+00
3.150000000000000355e+00
3.160000000000000142e+00
3.169999999999999929e+00
3.180000000000000160e+00
3.189999999999999947e+00
3.200000000000000622e+00
3.210000000000000409e+00
3.220000000000000639e+00
3.230000000000000426e+00
3.240000000000000213e+00
3.250000000000000000e+00
3.260000000000000231e+00
3.270000000000000462e+00
3.280000000000000249e+00
3.290000000000000036e+00
3.300000000000000266e+00
3.310000000000000497e+00
3.320000000000000284e+00
3.330000000000000515e+00
3.340000000000000302e+00
3.350000000000000533e+00
3.360000000000000320e+00
3.370000000000000551e+00
3.380000000000000338e+00
3.390000000000000568e+00
3.399999999999999911e+00
3.410000000000000142e+00
3.419999999999999929e+00
3.430000000000000160e+00
3.440000000000000835e+00
3.450000000000000622e+00
3.460000000000000409e+00
3.470000000000000639e+00
3.480000000000000426e+00
3.490000000000000213e+00
3.500000000000000000e+00
3.510000000000000231e+00
3.520000000000000462e+00
3.530000000000000249e+00
3.540000000000000036e+00
3.550000000000000711e+00
3.560000000000000497e+00
3.570000000000000284e+00
3.580000000000000515e+00
3.590000000000000302e+00
3.600000000000000533e+00
3.610000000000000320e+00
3.620000000000000551e+00
3.630000000000000338e+00
3.640000000000000124e+00
3.649999999999999911e+00
3.660000000000000142e+00
3.670000000000000373e+00
3.680000000000000604e+00
3.690000000000000835e+00
3.700000000000001066e+00
3.710000000000000409e+00
3.720000000000000195e+00
3.730000000000000426e+00
3.739999999999999769e+00
3.750000000000000000e+00
3.760000000000000231e+00
3.770000000000000462e+00
3.780000000000000693e+00
3.790000000000000480e+00
3.800000000000000711e+00
3.810000000000000053e+00
3.820000000000000284e+00
3.830000000000000515e+00
3.840000000000000746e+00
3.850000000000000089e+00
3.860000000000000320e+00
3.870000000000000551e+00
3.880000000000000338e+00
3.889999999999999680e+00
3.900000000000000799e+00
3.910000000000001030e+00
3.920000000000000373e+00
3.930000000000000604e+00
3.940000000000000835e+00
3.950000000000000178e+00
3.959999999999999964e+00
3.970000000000000195e+00
3.980000000000000426e+00
3.990000000000000657e+00
4.000000000000000000e+00
4.009999999999999787e+00
4.020000000000000462e+00
4.030000000000000249e+00
4.040000000000000924e+00
4.050000000000000711e+00
4.060000000000000497e+00
4.070000000000000284e+00
4.080000000000000071e+00
4.090000000000000746e+00
4.099999999999999645e+00
4.110000000000000320e+00
4.120000000000000107e+00
4.130000000000000782e+00
4.140000000000000568e+00
4.150000000000000355e+00
4.160000000000000142e+00
4.169999999999999929e+00
4.180000000000000604e+00
4.190000000000000391e+00
4.200000000000001066e+00
4.209999999999999964e+00
4.220000000000000639e+00
4.230000000000000426e+00
4.240000000000000213e+00
4.250000000000000888e+00
4.260000000000000675e+00
4.270000000000000462e+00
4.280000000000000249e+00
4.290000000000000924e+00
4.300000000000000711e+00
4.310000000000000497e+00
4.320000000000000284e+00
4.330000000000000071e+00
4.340000000000000746e+00
4.349999999999999645e+00
4.360000000000000320e+00
4.370000000000000107e+00
4.380000000000000782e+00
4.390000000000000568e+00
4.400000000000000355e+00
4.410000000000001030e+00
4.419999999999999929e+00
4.430000000000000604e+00
4.440000000000000391e+00
4.450000000000000178e+00
4.459999999999999964e+00
4.470000000000000639e+00
4.480000000000000426e+00
4.490000000000000213e+00
4.500000000000000888e+00
4.510000000000000675e+00
4.520000000000000462e+00
4.530000000000000249e+00
4.540000000000000924e+00
4.550000000000000711e+00
4.560000000000000497e+00
4.570000000000001172e+00
4.580000000000000071e+00
4.590000000000000746e+00
4.600000000000000533e+00
4.610000000000001208e+00
4.620000000000000995e+00
4.630000000000000782e+00
4.640000000000000568e+00
4.650000000000000355e+00
4.660000000000000142e+00
4.669999999999999929e+00
4.680000000000000604e+00
4.690000000000000391e+00
4.700000000000001066e+00
4.709999999999999964e+00
4.719999999999999751e+00
4.730000000000000426e+00
4.739999999999999325e+00
4.750000000000000000e+00
4.759999999999999787e+00
4.770000000000000462e+00
4.780000000000001137e+00
4.790000000000000924e+00
4.800000000000000711e+00
4.810000000000000497e+00
4.820000000000001172e+00
4.830000000000000959e+00
4.840000000000000746e+00
4.850000000000000533e+00
4.860000000000001208e+00
4.870000000000000107e+00
4.879999999999999893e+00
4.890000000000000568e+00
4.900000000000000355e+00
4.910000000000001030e+00
4.919999999999999929e+00
4.930000000000000604e+00
4.940000000000000391e+00
4.950000000000000178e+00
4.959999999999999964e+00
4.969999999999999751e+00
4.980000000000000426e+00
4.990000000000000213e+00
5.000000000000000000e+00
5.010000000000000675e+00
5.020000000000001350e+00
5.030000000000001137e+00
5.040000000000000924e+00
5.050000000000000711e+00
5.060000000000000497e+00
5.070000000000001172e+00
5.080000000000000071e+00
5.090000000000000746e+00
5.100000000000000533e+00
5.110000000000000320e+00
5.120000000000000995e+00
5.129999999999999893e+00
5.140000000000000568e+00
5.150000000000000355e+00
5.160000000000000142e+00
5.169999999999999929e+00
5.180000000000000604e+00
5.190000000000000391e+00
5.200000000000000178e+00
5.209999999999999964e+00
5.219999999999999751e+00
5.230000000000000426e+00
5.240000000000001101e+00
5.250000000000001776e+00
5.260000000000000675e+00
5.270000000000000462e+00
5.280000000000001137e+00
5.290000000000000036e+00
5.300000000000000711e+00
5.310000000000000497e+00
5.320000000000001172e+00
5.330000000000000959e+00
5.340000000000000746e+00
5.350000000000000533e+00
5.360000000000000320e+00
5.370000000000000107e+00
5.379999999999999893e+00
5.390000000000000568e+00
5.400000000000000355e+00
5.410000000000001030e+00
5.419999999999999929e+00
5.430000000000000604e+00
5.440000000000000391e+00
5.449999999999999289e+00
5.459999999999999964e+00
5.470000000000000639e+00
5.480000000000001315e+00
5.490000000000001101e+00
5.500000000000000888e+00
5.510000000000000675e+00
5.520000000000000462e+00
5.530000000000001137e+00
5.540000000000000924e+00
5.550000000000000711e+00
5.560000000000000497e+00
5.570000000000001172e+00
5.580000000000000071e+00
5.590000000000000746e+00
5.600000000000000533e+00
5.610000000000000320e+00
5.620000000000000995e+00
5.629999999999999893e+00
5.640000000000000568e+00
5.650000000000000355e+00
5.660000000000000142e+00
5.669999999999999929e+00
5.679999999999999716e+00
5.690000000000000391e+00
5.700000000000000178e+00
5.710000000000000853e+00
5.720000000000000639e+00
5.730000000000001315e+00
5.740000000000001101e+00
5.750000000000000888e+00
5.760000000000000675e+00
5.770000000000000462e+00
5.780000000000001137e+00
5.790000000000000036e+00
5.800000000000000711e+00
5.810000000000000497e+00
5.820000000000001172e+00
5.830000000000000959e+00
5.839999999999999858e+00
5.850000000000000533e+00
5.860000000000000320e+00
5.870000000000000107e+00
5.879999999999999893e+00
5.890000000000000568e+00
5.900000000000000355e+00
5.910000000000000142e+00
5.919999999999999929e+00
5.929999999999999716e+00
5.940000000000001279e+00
5.950000000000001066e+00
5.960000000000001741e+00
5.970000000000000639e+00
5.980000000000001315e+00
5.990000000000001101e+00
6.000000000000000000e+00
6.010000000000000675e+00
6.020000000000000462e+00
6.030000000000001137e+00
6.040000000000000924e+00
6.050000000000000711e+00
6.060000000000000497e+00
6.070000000000000284e+00
6.080000000000000071e+00
6.089999999999999858e+00
6.100000000000000533e+00
6.110000000000000320e+00
6.120000000000000995e+00
6.129999999999999893e+00
6.140000000000000568e+00
6.150000000000000355e+00
6.160000000000000142e+00
6.170000000000001705e+00
6.180000000000000604e+00
6.190000000000001279e+00
6.200000000000001066e+00
6.210000000000000853e+00
6.220000000000000639e+00
6.230000000000000426e+00
6.240000000000001101e+00
6.250000000000000888e+00
6.260000000000000675e+00
6.270000000000000462e+00
6.280000000000001137e+00
6.290000000000000036e+00
6.300000000000000711e+00
6.310000000000000497e+00
6.320000000000000284e+00
6.330000000000000959e+00
6.339999999999999858e+00
6.350000000000000533e+00
6.360000000000000320e+00
6.370000000000000107e+00
6.379999999999999893e+00
6.390000000000000568e+00
6.400000000000001243e+00
6.410000000000001030e+00
6.420000000000000817e+00
6.430000000000000604e+00
6.440000000000001279e+00
6.450000000000001066e+00
6.460000000000000853e+00
6.470000000000000639e+00
6.480000000000000426e+00
6.490000000000001101e+00
6.500000000000000000e+00
6.510000000000000675e+00
6.520000000000000462e+00
6.530000000000001137e+00
6.540000000000000924e+00
6.550000000000000711e+00
6.560000000000000497e+00
6.570000000000000284e+00
6.580000000000000071e+00
6.589999999999999858e+00
6.600000000000000533e+00
6.610000000000000320e+00
6.620000000000000995e+00
6.629999999999999893e+00
6.640000000000000568e+00
6.650000000000001243e+00
6.660000000000001030e+00
6.670000000000001705e+00
6.680000000000000604e+00
6.690000000000001279e+00
6.700000000000001066e+00
6.710000000000000853e+00
6.720000000000000639e+00
6.730000000000000426e+00
6.740000000000001101e+00
6.750000000000000888e+00
6.760000000000000675e+00
6.770000000000000462e+00
6.780000000000001137e+00
6.790000000000000036e+00
6.799999999999999822e+00
6.810000000000000497e+00
6.820000000000000284e+00
6.830000000000000959e+00
6.839999999999999858e+00
6.850000000000000533e+00
6.860000000000000320e+00
6.870000000000000995e+00
6.880000000000001670e+00
6.890000000000000568e+00
6.900000000000001243e+00
6.910000000000001030e+00
6.920000000000000817e+00
6.930000000000000604e+00
6.940000000000001279e+00
6.950000000000001066e+00
6.960000000000000853e+00
6.970000000000000639e+00
6.980000000000000426e+00
6.990000000000001101e+00
7.000000000000000000e+00
7.010000000000000675e+00
7.020000000000000462e+00
7.030000000000000249e+00
7.040000000000000924e+00
7.049999999999999822e+00
7.060000000000000497e+00
7.070000000000000284e+00
7.080000000000000071e+00
7.089999999999999858e+00
7.100000000000001421e+00
7.110000000000001208e+00
7.120000000000000995e+00
7.130000000000000782e+00
7.140000000000000568e+00
7.150000000000001243e+00
7.160000000000001030e+00
7.170000000000001705e+00
7.180000000000000604e+00
7.190000000000000391e+00
7.200000000000001066e+00
7.209999999999999964e+00
7.220000000000000639e+00
7.230000000000000426e+00
7.240000000000001101e+00
7.250000000000000888e+00
7.260000000000000675e+00
7.270000000000000462e+00
7.280000000000000249e+00
7.290000000000000036e+00
7.299999999999999822e+00
7.310000000000000497e+00
7.320000000000000284e+00
7.330000000000000959e+00
7.340000000000000746e+00
7.350000000000000533e+00
7.360000000000001208e+00
7.370000000000000995e+00
7.380000000000001670e+00
7.390000000000001457e+00
7.400000000000002132e+00
7.410000000000000142e+00
7.420000000000000817e+00
7.430000000000000604e+00
7.440000000000000391e+00
7.450000000000001066e+00
7.460000000000000853e+00
7.470000000000001528e+00
7.479999999999999538e+00
7.490000000000000213e+00
7.500000000000000000e+00
7.510000000000000675e+00
7.520000000000000462e+00
7.530000000000000249e+00
7.540000000000000924e+00
7.550000000000000711e+00
7.560000000000001386e+00
7.570000000000001172e+00
7.580000000000000959e+00
7.590000000000001634e+00
7.600000000000001421e+00
7.610000000000000320e+00
7.620000000000000107e+00
7.630000000000000782e+00
7.640000000000000568e+00
7.650000000000001243e+00
7.660000000000001030e+00
7.670000000000000817e+00
7.680000000000001492e+00
7.690000000000001279e+00
7.700000000000000178e+00
7.709999999999999964e+00
7.720000000000000639e+00
7.730000000000000426e+00
7.740000000000001101e+00
7.750000000000000888e+00
7.760000000000000675e+00
7.769999999999999574e+00
7.779999999999999361e+00
7.790000000000000036e+00
7.800000000000001599e+00
7.810000000000001386e+00
7.820000000000002061e+00
7.830000000000000959e+00
7.840000000000000746e+00
7.850000000000000533e+00
7.860000000000001208e+00
7.870000000000000995e+00
7.880000000000001670e+00
7.890000000000001457e+00
7.900000000000000355e+00
7.910000000000000142e+00
7.919999999999999929e+00
7.930000000000000604e+00
7.940000000000000391e+00
7.950000000000001066e+00
7.960000000000000853e+00
7.970000000000001528e+00
7.980000000000001315e+00
7.990000000000000213e+00
8.000000000000000000e+00
8.009999999999999787e+00
8.019999999999999574e+00
8.030000000000001137e+00
8.040000000000000924e+00
8.050000000000000711e+00
8.060000000000000497e+00
8.070000000000000284e+00
8.080000000000001847e+00
8.090000000000001634e+00
8.100000000000001421e+00
8.110000000000001208e+00
8.120000000000000995e+00
8.130000000000000782e+00
8.140000000000000568e+00
8.150000000000000355e+00
8.160000000000000142e+00
8.170000000000001705e+00
8.180000000000001492e+00
8.189999999999999503e+00
8.199999999999999289e+00
8.210000000000000853e+00
8.220000000000000639e+00
8.230000000000000426e+00
8.240000000000000213e+00
8.250000000000000000e+00
8.260000000000001563e+00
8.270000000000001350e+00
8.280000000000001137e+00
8.290000000000000924e+00
8.300000000000000711e+00
8.310000000000002274e+00
8.320000000000000284e+00
8.330000000000000071e+00
8.339999999999999858e+00
8.350000000000001421e+00
8.360000000000001208e+00
8.370000000000000995e+00
8.380000000000000782e+00
8.390000000000000568e+00
8.400000000000002132e+00
8.410000000000000142e+00
8.419999999999999929e+00
8.429999999999999716e+00
8.440000000000001279e+00
8.450000000000001066e+00
8.460000000000000853e+00
8.470000000000000639e+00
8.480000000000000426e+00
8.490000000000000213e+00
8.500000000000001776e+00
8.510000000000001563e+00
8.520000000000001350e+00
8.530000000000001137e+00
8.540000000000000924e+00
8.550000000000000711e+00
8.560000000000000497e+00
8.570000000000000284e+00
8.580000000000001847e+00
8.590000000000001634e+00
8.600000000000001421e+00
8.609999999999999432e+00
8.620000000000000995e+00
8.630000000000000782e+00
8.640000000000000568e+00
8.650000000000000355e+00
8.660000000000000142e+00
8.670000000000001705e+00
8.680000000000001492e+00
8.690000000000001279e+00
8.699999999999999289e+00
8.710000000000000853e+00
8.720000000000000639e+00
8.730000000000002203e+00
8.740000000000000213e+00
8.750000000000000000e+00
8.760000000000001563e+00
8.770000000000001350e+00
8.780000000000001137e+00
8.790000000000000924e+00
8.800000000000000711e+00
8.810000000000002274e+00
8.820000000000002061e+00
8.830000000000000071e+00
8.839999999999999858e+00
8.850000000000001421e+00
8.860000000000001208e+00
8.870000000000000995e+00
8.880000000000000782e+00
8.890000000000000568e+00
8.900000000000000355e+00
8.910000000000000142e+00
8.919999999999999929e+00
8.929999999999999716e+00
8.940000000000001279e+00
8.950000000000001066e+00
8.960000000000000853e+00
8.970000000000000639e+00
8.980000000000000426e+00
8.990000000000001990e+00
9.000000000000001776e+00
9.010000000000001563e+00
9.020000000000001350e+00
9.030000000000001137e+00
9.040000000000000924e+00
9.050000000000000711e+00
9.060000000000000497e+00
9.070000000000000284e+00
9.080000000000001847e+00
9.090000000000001634e+00
9.100000000000001421e+00
9.110000000000001208e+00
9.120000000000000995e+00
9.130000000000000782e+00
9.140000000000002345e+00
9.150000000000000355e+00
9.160000000000000142e+00
9.170000000000001705e+00
9.180000000000001492e+00
9.189999999999999503e+00
9.200000000000001066e+00
9.209999999999999076e+00
9.220000000000002416e+00
9.230000000000000426e+00
9.240000000000001990e+00
9.250000000000000000e+00
9.260000000000001563e+00
9.270000000000001350e+00
9.280000000000001137e+00
9.289999999999999147e+00
9.300000000000000711e+00
9.310000000000002274e+00
9.320000000000000284e+00
9.330000000000001847e+00
9.339999999999999858e+00
9.350000000000001421e+00
9.360000000000001208e+00
9.370000000000002771e+00
9.380000000000000782e+00
9.390000000000000568e+00
9.400000000000002132e+00
9.410000000000001918e+00
9.419999999999999929e+00
9.430000000000001492e+00
9.439999999999999503e+00
9.450000000000001066e+00
9.460000000000000853e+00
9.470000000000000639e+00
9.479999999999998650e+00
9.490000000000001990e+00
9.500000000000000000e+00
9.510000000000001563e+00
9.519999999999999574e+00
9.530000000000001137e+00
9.540000000000000924e+00
9.550000000000000711e+00
9.560000000000002274e+00
9.570000000000000284e+00
9.580000000000001847e+00
9.590000000000001634e+00
9.600000000000001421e+00
9.609999999999999432e+00
9.620000000000000995e+00
9.630000000000000782e+00
9.640000000000002345e+00
9.650000000000000355e+00
9.660000000000001918e+00
9.669999999999999929e+00
9.680000000000001492e+00
9.690000000000001279e+00
9.700000000000001066e+00
9.709999999999999076e+00
9.720000000000002416e+00
9.730000000000000426e+00
9.740000000000000213e+00
9.750000000000000000e+00
9.759999999999999787e+00
9.769999999999999574e+00
9.780000000000001137e+00
9.790000000000002700e+00
9.800000000000000711e+00
9.810000000000002274e+00
9.820000000000002061e+00
9.830000000000001847e+00
9.839999999999999858e+00
9.850000000000001421e+00
9.860000000000001208e+00
9.870000000000000995e+00
9.880000000000000782e+00
9.890000000000000568e+00
9.900000000000000355e+00
9.910000000000001918e+00
9.919999999999999929e+00
9.930000000000001492e+00
9.939999999999999503e+00
9.950000000000002842e+00
9.960000000000000853e+00
9.970000000000000639e+00
9.980000000000000426e+00
9.990000000000000213e+00
7.311505894473003008e+18
6.963556289231083520e+18
5.982695705696138240e+18
4.540712373583592448e+18
2.873107624700835840e+18
1.222064445613871104e+18
-2.142519378338746240e+17
-1.312815358947964160e+18
-2.032790812908511488e+18
-2.402190471130467840e+18
-2.492630047564983808e+18
-2.391624077497102336e+18
-2.179895372929318400e+18
-1.917787603259525376e+18
-1.641380850711961088e+18
-1.366230323998725120e+18
-1.095244222481392896e+18
-8.271279543005542400e+17
-5.627313036699361920e+17
-3.080224139160863360e+17
-7.375751241992731200e+16
1.271397688890627840e+17
2.830698024899987520e+17
3.867895454331067520e+17
4.370923401648001280e+17
4.388284619589502080e+17
4.015102332459108480e+17
3.371115161644360320e+17
2.577804046754242560e+17
1.740526792333071680e+17
9.387328538926289600e+16
2.242693321569092800e+16
-3.744803865885964800e+16
-8.458374282429496000e+16
-1.188345234396372800e+17
-1.406328205040615200e+17
-1.507888061737762240e+17
-1.504645067727604800e+17
-1.412010046419162240e+17
-1.248859818038269280e+17
-1.036007308809130400e+17
-7.935453495356148800e+16
-5.377609407559310400e+16
-2.786930827639602400e+16
-1.942310440156882750e+15
2.422149212720458400e+16
5.095811083474297600e+16
7.818315176775084800e+16
1.048916618361059520e+17
1.288969895214185440e+17
1.469657000806535040e+17
1.553992974108544960e+17
1.509679530996728640e+17
1.319590214460758240e+17
9.901472200091150400e+16
5.544408329753512800e+16
6.821745761451383000e+15
-4.009611359160842400e+16
-7.887297179751182400e+16
-1.048826591098000000e+17
-1.163427427432775040e+17
-1.145794826277583360e+17
-1.034532325908093120e+17
-8.812969859794622400e+16
-7.356939995559491200e+16
-6.317298198535375200e+16
-5.795512087473037600e+16
-5.645458916345944000e+16
-5.537443710229292800e+16
-5.074401784844655200e+16
-3.925671381506922400e+16
-1.939879102100546000e+16
7.946495087309647000e+15
3.958086310054336800e+16
7.072458067818818400e+16
9.618568358934907200e+16
1.116312048928493280e+17
1.146055033004100320e+17
1.050224531276250720e+17
8.501976199137107200e+16
5.825640881662841600e+16
2.889674533720984000e+16
6.043161768007745000e+14
-2.415961073670069600e+16
-4.436005240639361600e+16
-6.013228142618023200e+16
-7.220091101257731200e+16
-8.122163019726404800e+16
-8.729393158838880000e+16
-8.980976726218620800e+16
-8.767073667044678400e+16
-7.977342239093872000e+16
-6.557270147534026400e+16
-4.551291231572789600e+16
-2.116929419253010800e+16
4.953709352860837000e+15
2.990296796827739600e+16
5.088197334618480800e+16
6.579488367893895200e+16
7.357544178095734400e+16
7.422710534395508800e+16
6.859822925788246400e+16
5.799831008536640000e+16
4.380290446053930400e+16
2.718442425732790000e+16
9.048401611280196000e+15
-9.829885980951184000e+15
-2.855623322568744400e+16
-4.589371807955672800e+16
-6.019974331633158400e+16
-6.960216585622024800e+16
-7.239918266622897600e+16
-6.757120315651102400e+16
-5.523078201592696800e+16
-3.683501795506667200e+16
-1.504890431619099800e+16
6.741941258133311000e+15
2.515276383576081200e+16
3.755537353749317600e+16
4.265001616107682400e+16
4.068956435372204000e+16
3.329890625032914000e+16
2.295379390658042800e+16
1.227954603909644000e+16
3.373411889142301000e+15
-2.663839828962393500e+15
-5.871375365802656000e+15
-7.229668855658150000e+15
-8.201767758324851000e+15
-1.016800680909870800e+16
-1.393239233395568800e+16
-1.944919790952116400e+16
-2.584371962123550800e+16
-3.170584434262688400e+16
-3.555029591610216000e+16
-3.628946408529223200e+16
-3.356689458040994400e+16
-2.784870951423112800e+16
-2.025068774618250800e+16
-1.216590291723143400e+16
-4.824996543244600000e+15
1.055322493005762000e+15
5.411830789857037000e+15
8.717818944460848000e+15
1.166250084164561600e+16
1.475668016256451000e+16
1.802051903766886000e+16
2.087664637979781600e+16
2.229572164137776400e+16
2.115058683334392400e+16
1.665903757559281400e+16
8.758213948462023000e+15
-1.730717599210829000e+15
-1.322231925352110600e+16
-2.374771410683424800e+16
-3.147902983406494400e+16
-3.522668838513059600e+16
-3.474797797543794000e+16
-3.077241508714331200e+16
-2.474571647396146800e+16
-1.838254197620435600e+16
-1.316996584065992400e+16
-9.967849326082110000e+15
-8.814776251808018000e+15
-8.984555382566265000e+15
-9.267598055851098000e+15
-8.390762445828630000e+15
-5.451845871333847000e+15
-2.401015270196795625e+14
6.654824324832309000e+15
1.398139922970879000e+16
2.017195305335865600e+16
2.378936057331224800e+16
2.393615748196981200e+16
2.050180903025735200e+16
1.417941891820182200e+16
6.258840088134445000e+15
-1.728127582216382750e+15
-8.395455848561105000e+15
-1.280896857561814200e+16
-1.463261793421448600e+16
-1.409410565555397200e+16
-1.180665094962467600e+16
-8.523453752010480000e+15
-4.912891250389637000e+15
-1.424996689421666250e+15
1.719615187478501500e+15
4.435933952141399000e+15
6.634920788586262000e+15
8.114797099295260000e+15
8.544863108310639000e+15
7.559916163228096000e+15
4.929546350621296000e+15
7.268994553314052500e+14
-4.585321425168114000e+15
-1.020427007656998800e+16
-1.517080942808081200e+16
-1.863189330470024400e+16
-2.009110374217943600e+16
-1.955626472546749200e+16
-1.752646212840766600e+16
-1.481634439238103000e+16
-1.227340879685771000e+16
-1.048300059683054400e+16
-9.561464409610484000e+15
-9.107523767785956000e+15
-8.327820395363091000e+15
-6.295282786305939000e+15
-2.260023927222244000e+15
4.077742744458807000e+15
1.240690319907772000e+16
2.179891544397283200e+16
3.086047476099814400e+16
3.801445279117621600e+16
4.184806849075564800e+16
4.144757071730456000e+16
3.663610738888023200e+16
2.804980816419270800e+16
1.702461783241581200e+16
5.313726260366241000e+15
-5.300204034872288000e+15
-1.340451029363576200e+16
-1.826687993056268400e+16
-1.997352628154830000e+16
-1.935322123167005600e+16
-1.770244934157520600e+16
-1.638585253313690600e+16
-1.642755854412491000e+16
-1.821576682618866000e+16
-2.140880663106967200e+16
-2.506557697163926800e+16
-2.794981982174985200e+16
-2.890394238328716800e+16
-2.717380636938048000e+16
-2.259334954001048800e+16
-1.559291546184728000e+16
-7.055447510300960000e+15
1.911674082363367500e+15
1.020865904189293200e+16
1.691786919710818000e+16
2.139759793405885600e+16
2.330863984237896400e+16
2.260579234874368400e+16
1.952160698408214400e+16
1.454945504939748200e+16
8.412299416934961000e+15
1.995600010343006750e+15
-3.767896869124785500e+15
-8.052431855077605000e+15
-1.030122704416626600e+16
-1.035213941218434000e+16
-8.485484237015709000e+15
-5.370090707145233000e+15
-1.910914183682714000e+15
9.691868567758928750e+14
2.558536912614686500e+15
2.534144523008552000e+15
1.036793690706295500e+15
-1.378915483249726500e+15
-3.906392394089446500e+15
-5.715404617181221000e+15
-6.183634047425222000e+15
-5.069181702093352000e+15
-2.580792527477915500e+15
6.678923122366467500e+14
3.804047664909302000e+15
5.904290549924578000e+15
6.219685162753810000e+15
4.370218615446637000e+15
4.667673699084958125e+14
-4.871640951774161000e+15
-1.062019982350517400e+16
-1.555913969523775800e+16
-1.855163349120010400e+16
-1.882298310795073200e+16
-1.616733654568022200e+16
-1.102175397598566200e+16
-4.380021428742209000e+15
2.439095416639816500e+15
8.113681690229977000e+15
1.164699180697363600e+16
1.261201242045171600e+16
1.124142638973863600e+16
8.335021971354745000e+15
5.011236099623926000e+15
2.377534836897083000e+15
1.218271590326557000e+15
1.790061213723981000e+15
3.777629706523196000e+15
6.412008420377238000e+15
8.706108713880204000e+15
9.734501158086992000e+15
8.880153770030897000e+15
5.987810626125204000e+15
1.392831425051308000e+15
-4.172896837144446500e+15
-9.766776848692922000e+15
-1.446148884309752000e+16
-1.755308982534083800e+16
-1.870221422677134800e+16
-1.798075198672781800e+16
-1.582271562297671600e+16
-1.290115931545133000e+16
-9.967092918294362000e+15
-7.689210345976739000e+15
-6.526336504846419000e+15
-6.652008853495730000e+15
-7.937605231088059000e+15
-9.990540976547724000e+15
-1.223839059722442000e+16
-1.404661382503813200e+16
-1.485305271950080200e+16
-1.429545749514656200e+16
-1.230261478011084800e+16
-9.121716611749466000e+15
-5.268702365624490000e+15
-1.410717739294825250e+15
1.789296824934836750e+15
3.825579036040354500e+15
4.462617276653990000e+15
3.783202473140606000e+15
2.162788233869860000e+15
1.778469169597052188e+14
-1.530336918023637500e+15
-2.406815661472307000e+15
-2.117630446973522500e+15
-6.399156471528890000e+14
1.714358249192900750e+15
4.354112560019645500e+15
6.543590562397419000e+15
7.593966458803192000e+15
7.067645267713386000e+15
4.936022630198926000e+15
1.636164395777359500e+15
-2.002079272258687250e+15
-4.947448191865950000e+15
-6.228214388552948000e+15
-5.191807802330741000e+15
-1.692506901099135750e+15
3.843014139932379000e+15
1.049052068739028000e+16
1.702667542613221000e+16
2.220391632853210400e+16
2.503430776424216800e+16
2.501028931910650000e+16
2.220481819277002800e+16
1.722532302271883600e+16
1.103682217519148400e+16
4.707073845049807000e+15
-8.510315390388571250e+14
-5.065548595724576000e+15
-7.771542101328363000e+15
-9.151887429811218000e+15
-9.592064628016274000e+15
-9.514708012753734000e+15
-9.256378681779680000e+15
-9.019398858691616000e+15
-8.893020765519879000e+15
-8.910385939352699000e+15
-9.101577446356760000e+15
-9.516143970748856000e+15
-1.020953914910574600e+16
-1.120567329519316800e+16
-1.245620463765800400e+16
-1.381581256933074400e+16
-1.504474565223576600e+16
-1.583882724271316400e+16
-1.587691806923063200e+16
-1.487097322589438400e+16
-1.260721122953068000e+16
-8.976840094864828000e+15
-4.003867461244815500e+15
2.122471612726768250e+15
9.014578788491270000e+15
1.607235475430510000e+16
2.251546700937343200e+16
2.748049164812847200e+16
3.017751710425012800e+16
3.007359006597926400e+16
2.705302506893471200e+16
2.150427858025922000e+16
1.429775252421223600e+16
6.643286174635108000e+15
-1.542278537156905312e+14
-4.991194434260790000e+15
-7.237709214556262000e+15
-6.902981201174227000e+15
-4.633296827090351000e+15
-1.532470255116940000e+15
1.145395656396218500e+15
2.337398243130831500e+15
1.445149238717141250e+15
-1.534999125173309250e+15
-6.049851306472524000e+15
-1.116843473078320200e+16
-1.583851116795882000e+16
-1.914348088698549600e+16
-2.049329396362292800e+16
-1.971133411488787600e+16
-1.701476420778410800e+16
-1.291621800370307400e+16
-8.089368042422054000e+15
-3.236999779391140500e+15
1.015964697756896000e+15
4.199106886359704000e+15
6.045801939749322000e+15
6.516203344712638000e+15
5.788955466481391000e+15
4.214977005969650000e+15
2.233822442505929000e+15
2.669396939438817500e+14
-1.384933690375510000e+15
-2.608761723293392500e+15
-3.487718507619950500e+15
-4.247026063585785000e+15
-5.153714508429832000e+15
-6.401132926012439000e+15
-8.012211240540449000e+15
-9.788997683860418000e+15
-1.132430471693856600e+16
-1.207794292139129200e+16
-1.150570499960354600e+16
-9.213901361557996000e+15
-5.099639409155356000e+15
5.659645576475407500e+14
7.142499694868277000e+15
1.371914711357680000e+16
1.928642175235984800e+16
2.293953647935684000e+16
2.406493027006370400e+16
2.246634343534356000e+16
1.840116056660372400e+16
1.251907564192914000e+16
5.719972980076989000e+15
-1.030408735374346875e+15
-6.878094173858752000e+15
-1.120896614878891800e+16
-1.370467702529301800e+16
-1.432906236188515400e+16
-1.326728642126814200e+16
-1.084716411328323000e+16
-7.467650467273111000e+15
-3.548413053686761500e+15
4.970701715858675625e+14
4.271901434529106000e+15
7.402879602970976000e+15
9.558774827509220000e+15
1.048773168559443800e+16
1.006811578428051200e+16
8.352943631769415000e+15
5.583110128430203000e+15
2.154413409608180000e+15
-1.456644036589577750e+15
-4.784693113180658000e+15
-7.455075799508779000e+15
-9.230125104562940000e+15
-1.001839784467970200e+16
-9.857822201057086000e+15
-8.888672526772340000e+15
-7.327360244364482000e+15
-5.443654195388736000e+15
-3.538573418299315500e+15
-1.919742423889776250e+15
-8.727984653696728750e+14
-6.287524137865262500e+14
-1.327752555341541750e+15
-2.982198047507647500e+15
-5.446870000156007000e+15
-8.407725550803519000e+15
-1.140033740411146600e+16
-1.386271256319104000e+16
-1.521891453394380400e+16
-1.498279141824099600e+16
-1.286574606738983200e+16
-8.868115035678428000e+15
-3.330439152350996000e+15
3.077936890922990000e+15
9.446129948787770000e+15
1.478000015250092400e+16
1.820390172199736000e+16
1.915881417614144000e+16
1.754219302433816400e+16
1.374469188047171000e+16
8.565810957211372000e+15
3.026120792960658500e+15
-1.874639971959304000e+15
-5.388122928634050000e+15
-7.175268458461057000e+15
-7.351800066339990000e+15
-6.412811629111168000e+15
-5.060129627396468000e+15
-3.981871287742597000e+15
-3.647141726358980500e+15
-4.175365981350225000e+15
-5.318830266041603000e+15
-6.562844657345120000e+15
-7.310349788247290000e+15
-7.089919036942016000e+15
-5.718828316181352000e+15
-3.369567619628491000e+15
-5.228164539653761875e+14
2.171427250898021750e+15
4.075047377341985000e+15
4.728129924367170000e+15
3.955554688000524000e+15
1.892900994201886500e+15
-1.063821718968431875e+15
-4.361442955778138000e+15
-7.413946514797701000e+15
-9.717125079509246000e+15
-1.093130762017212200e+16
-1.092223542448522200e+16
-9.762385851580286000e+15
-7.703113509358401000e+15
-5.129858982470376000e+15
-2.508329590488927000e+15
-3.227693291873882500e+14
9.962218283900918750e+14
1.152768538439779250e+15
6.306063049055696875e+13
-2.094389065263922750e+15
-4.880085176551916000e+15
-7.658988303842213000e+15
-9.722184739455342000e+15
-1.043787471154582400e+16
-9.395006913578716000e+15
-6.505013139957064000e+15
-2.038201449454910750e+15
3.413446549220754500e+15
9.040133656620590000e+15
1.396491201456964800e+16
1.741217650694559400e+16
1.886088231656292400e+16
1.815134404880847200e+16
1.552263574414513600e+16
1.157073107610317200e+16
7.133146502012679000e+15
3.121576782032491000e+15
3.367717141115356250e+14
-6.933691587440810000e+14
1.851958162893322500e+14
2.734925675580588000e+15
6.390977191584215000e+15
1.038366650550133000e+16
1.388409589621130200e+16
1.614120415381998600e+16
1.659032102761384200e+16
1.492490858056336600e+16
1.112945085520454200e+16
5.473840230687948000e+15
-1.528581867095779500e+15
-9.194140991011718000e+15
-1.676406725600973800e+16
-2.350915570073088400e+16
-2.882855941076633600e+16
-3.232644539334891200e+16
-3.385238249794394000e+16
-3.349769934961034400e+16
-3.155012189287899600e+16
-2.842032563951574800e+16
-2.456173766323082000e+16
-2.040484306447139600e+16
-1.631813850489770200e+16
-1.259381018815493000e+16
-9.445256592348560000e+15
-7.002726253625149000e+15
-5.302668335707344000e+15
-4.279070299549076500e+15
-3.771371003430888500e+15
-3.558363807895313000e+15
-3.413263597867598500e+15
-3.160800242420581000e+15
-2.712008062495378000e+15
-2.060552587087984250e+15
-1.242104959428945250e+15
-2.763677587737683438e+14
8.794243092256952500e+14
2.340766614985712500e+15
4.260723721179545500e+15
6.760677197543055000e+15
9.854842932549032000e+15
1.340111343941987800e+16
1.710096345920914000e+16
2.055028320458313600e+16
2.332140630219946400e+16
2.504513719196576800e+16
2.546616115202386800e+16
2.446258422000977200e+16
2.203930941213388800e+16
1.831394283058783200e+16
1.350885514519805000e+16
7.949651299182502000e+15
2.059199430692849750e+15
-3.665610649613702500e+15
-8.700295531351599000e+15
-1.255838721986171600e+16
-1.486416950594446600e+16
-1.541663498583273400e+16
-1.422870987165846400e+16
-1.152967978696058000e+16
-7.726637481265459000e+15
-3.331816147746850500e+15
1.126926521789870250e+15
5.189449324410711000e+15
8.519710989755732000e+15
1.092497204958202000e+16
1.234208750362305200e+16
1.280656143713279000e+16
1.242269576872605200e+16
1.134703531667031800e+16
9.786081688355304000e+15
7.998859053177165000e+15
6.289966875599815000e+15
4.981667186540201000e+15
4.362844860990519000e+15
4.623449615600198000e+15
5.790198418917858000e+15
7.681051261544066000e+15
9.894502139789506000e+15
1.184700111455898800e+16
1.286564360405616800e+16
1.232959293999488200e+16
9.832764986746522000e+15
5.321098219900904000e+15
-8.458822397984700000e+14
-7.940081560174726000e+15
-1.501099995018429200e+16
-2.109180580905091600e+16
-2.540542327952866000e+16
-2.751589630210748800e+16
-2.739288291374440800e+16
-2.538483308330166000e+16
-2.211815278241093600e+16
-1.835095533190363600e+16
-1.481221583398662000e+16
-1.205517365770310600e+16
-1.035061693896846000e+16
-9.641388667755594000e+15
-9.570366306310000000e+15
-9.578627216977372000e+15
-9.052264101297204000e+15
-7.482592615306253000e+15
-4.600971407744572000e+15
-4.567550514662852500e+14
4.578354246974469000e+15
9.878712428279478000e+15
1.468903839432669600e+16
1.827706465253300800e+16
2.008396319793654000e+16
1.984527863757934000e+16
1.766123673046400000e+16
1.400160926153330200e+16
9.637417241277540000e+15
5.502991015521005000e+15
2.507923690234538000e+15
1.335994702984215000e+15
2.279920973045414000e+15
5.159042508814779000e+15
9.348475128383724000e+15
1.391629669904963400e+16
1.783180128544189800e+16
2.018678892261592000e+16
2.037227359150932400e+16
1.817329178009550800e+16
1.377417165973472400e+16
7.692071425301164000e+15
6.684779776097927500e+14
-6.454776066146698000e+15
-1.285954180805385000e+16
-1.786885322376961600e+16
-2.105093894391069200e+16
-2.229433527611815200e+16
-2.183078486107935200e+16
-2.018472537516772000e+16
-1.804489733740423600e+16
-1.608080463180823400e+16
-1.475319048518384200e+16
-1.417997168418499600e+16
-1.410764914289520400e+16
-1.400361371688892200e+16
-1.323964864302743400e+16
-1.130149175355674800e+16
-7.950788106299567000e+15
-3.287907454859594000e+15
2.294713871825196500e+15
8.238483533936179000e+15
1.397019574949781800e+16
1.902505580553094000e+16
2.310546743962631600e+16
2.606789980145427600e+16
2.785793710745414800e+16
2.843188590701354000e+16
2.770645341714851600e+16
2.556426632509054800e+16
2.191731078674029200e+16
1.680290232446308600e+16
1.046953417477050800e+16
3.410875716708528000e+15
-3.674880374409155000e+15
-9.995302679107818000e+15
-1.481429679907450400e+16
-1.760237202077065400e+16
-1.814855413409860800e+16
-1.660686915388336000e+16
-1.346449571206609800e+16
-9.434600460636492000e+15
-5.295055844995461000e+15
-1.711314471358443250e+15
9.098996933523881250e+14
2.495950342542903500e+15
3.292794845687078500e+15
3.764088545803593500e+15
4.432341888288446000e+15
5.703328127986505000e+15
7.720357161444799000e+15
1.029097801420275200e+16
1.291330502759112600e+16
1.490207313269245000e+16
1.558176414463207400e+16
1.448790940859097400e+16
1.151073546772345000e+16
6.933362355316519000e+15
1.353755392812067750e+15
-4.479740011967038500e+15
-9.861915538137946000e+15
-1.429093161549624600e+16
-1.754991196704617800e+16
-1.969450026400051200e+16
-2.096251641495023600e+16
-2.164428689635968400e+16
-2.195962568379609600e+16
-2.197938860768905200e+16
-2.161070326217697200e+16
-2.064282258445576400e+16
-1.883211398546768400e+16
-1.599524865126228000e+16
-1.208131450936430200e+16
-7.204873785276315000e+15
-1.637444870255074500e+15
4.232252312458935000e+15
9.953353836267830000e+15
1.506975831483999600e+16
1.917239934228256800e+16
2.194581253724375200e+16
2.320775561940418000e+16
2.293521002154439200e+16
2.126550006419626800e+16
1.846422778825112400e+16
1.486375595292945000e+16
1.079081084384601200e+16
6.509299860524329000e+15
2.199091751408629750e+15
-2.023964723286264250e+15
-6.058972037405964000e+15
-9.765622198814440000e+15
-1.293054830416513000e+16
-1.527339444389126200e+16
-1.649767685943528000e+16
-1.637480719824145600e+16
-1.483476296667062800e+16
-1.202991342589386400e+16
-8.343985485414588000e+15
-4.336201588636938000e+15
-6.342019796637091250e+14
2.192518611264871750e+15
3.742628536930898000e+15
3.850709753254306500e+15
2.604274585528967000e+15
3.159696055901387500e+14
-2.536724125881002000e+15
-5.392157442864531000e+15
-7.694812764034753000e+15
-8.983811721121912000e+15
-8.966362942759142000e+15
-7.563076841568433000e+15
-4.916513976629849000e+15
-1.362104558815454000e+15
2.631338641270089000e+15
6.538670048102135000e+15
9.858335592256812000e+15
1.218236355853166400e+16
1.324788533368886200e+16
1.296634907196159200e+16
1.142963375396871200e+16
8.892870782198150000e+15
5.733538431525624000e+15
2.387601857731668000e+15
-7.314389339654265000e+14
-3.316007920403987000e+15
-5.227432497717967000e+15
-6.514291532022917000e+15
-7.372906052811426000e+15
-8.058231545281415000e+15
-8.775641903273687000e+15
-9.594617740932800000e+15
-1.041655930751693800e+16
-1.100501672273025000e+16
-1.106037659022859600e+16
-1.030660943840117600e+16
-8.560999704786383000e+15
-5.773303209975993000e+15
-2.036982021728566750e+15
2.417463743067495500e+15
7.238757158618490000e+15
1.197821837235897800e+16
1.612211301132877600e+16
1.913640926744508800e+16
2.052721777542960000e+16
1.991783577608555200e+16
1.713717431998958200e+16
1.230425526926208800e+16
5.883046067629024000e+15
-1.322496102921402250e+15
-8.256631844765417000e+15
-1.378710403202597000e+16
-1.694214859849140200e+16
-1.715452265870145600e+16
-1.444044158082181400e+16
-9.447145830541754000e+15
-3.334999553903886500e+15
2.489449011423666000e+15
6.721783475022635000e+15
8.489772194856942000e+15
7.566878523699497000e+15
4.406403285050108500e+15
-9.821916056145412109e+12
-4.457267222482389000e+15
-7.800399101193411000e+15
-9.273873500645734000e+15
-8.638872124753747000e+15
-6.182669524020842000e+15
-2.577854877568902000e+15
1.342382881968619750e+15
4.816350090907031000e+15
7.322349884349941000e+15
8.641874673677769000e+15
8.817589288774077000e+15
8.043790605598483000e+15
6.544885993791362000e+15
4.490349144132475000e+15
1.969603531098727500e+15
-9.775834982675227500e+14
-4.298048670721099500e+15
-7.857783438830741000e+15
-1.139448217272797200e+16
-1.450716440545126600e+16
-1.669189335303568800e+16
-1.742346971031999200e+16
-1.627189982524950000e+16
-1.303003490198109600e+16
-7.818379565953394000e+15
-1.130523563874902250e+15
6.207510408680624000e+15
1.316843542155771600e+16
1.872132082026600800e+16
2.204749799877247200e+16
2.271662853767633600e+16
2.077337141298414400e+16
1.670949804304864000e+16
1.132870202908454000e+16
5.541648563656473000e+15
1.484620529448013438e+14
-4.330447894387365000e+15
-7.728336064521520000e+15
-1.019302831586455400e+16
-1.205371056414172600e+16
-1.364382978292457000e+16
-1.514332730957557600e+16
-1.649176921355613200e+16
-1.739450045348890000e+16
-1.741177705970766000e+16
-1.609883400061777200e+16
-1.315703722893937400e+16
-8.557732227497178000e+15
-2.606068872968853000e+15
4.077644632707047000e+15
1.066305601240968200e+16
1.627942177365998600e+16
2.020339932742763600e+16
2.200904699312484000e+16
2.163662547424926400e+16
1.936630638750669200e+16
1.571509875189805200e+16
1.129574856022111000e+16
6.679622196825893000e+15
2.295306293125774500e+15
-1.620912740998407000e+15
-5.021014863688164000e+15
-7.997129556573092000e+15
-1.070697209811825000e+16
-1.329539105160841400e+16
-1.583422724577778000e+16
-1.829544222062695200e+16
-2.056017340178234800e+16
-2.245382983325512800e+16
-2.378960290990844400e+16
-2.440254004607661600e+16
-2.416291508519728800e+16
-2.296901267214728400e+16
-2.073103530015506000e+16
-1.736439359749634600e+16
-1.280790936102113200e+16
-7.070617663115758000e+15
-2.953684083835656875e+14
7.184358065027778000e+15
1.482078782565737800e+16
2.188107283697584400e+16
2.753631309598377600e+16
3.100130776105974800e+16
3.169901856934723600e+16
2.940927961208431200e+16
2.435524636338195600e+16
1.719070221919923200e+16
8.878624885455918000e+15
4.888469097843271875e+14
-7.026237963080328000e+15
-1.301009343286488000e+16
-1.718478897665658200e+16
-1.962422337190760000e+16
-2.064056661333894000e+16
-2.062982489259754400e+16
-1.992738092463305200e+16
-1.871435639887656800e+16
-1.699677293335548600e+16
-1.465732241504786000e+16
-1.155837326982882400e+16
-7.659444212726939000e+15
-3.107028307161171000e+15
1.737436191341099500e+15
6.345701991786825000e+15
1.013536375467092400e+16
1.261292225101865000e+16
1.350203482847010200e+16
1.281590664765271200e+16
1.085053482513008200e+16
8.100489597954235000e+15
5.122786361646782000e+15
2.389505500373384000e+15
1.721272792317001250e+14
-1.510136821839360250e+15
-2.865138490605845500e+15
-4.234895812137690500e+15
-5.963406209775113000e+15
-8.265436269653737000e+15
-1.113750196957959000e+16
-1.434008389779682200e+16
-1.745648968956641800e+16
-2.000621200098918000e+16
-2.157109109425896800e+16
-2.189118584128696800e+16
-2.090441581855398800e+16
-1.872965200628883600e+16
-1.561306511332994600e+16
-1.186393112218082400e+16
-7.799497444091635000e+15
-3.706722189295221000e+15
1.798139940161866562e+14
3.686281975803241500e+15
6.694720201521603000e+15
9.125706209714198000e+15
1.091439268967272800e+16
1.199125344104743400e+16
1.227887618652878400e+16
1.170894246570286200e+16
1.025405439060398600e+16
7.963476450203315000e+15
4.991826681444186000e+15
1.612098596160985750e+15
-1.794288923312118000e+15
-4.776891266250293000e+15
-6.886287468664581000e+15
-7.763984490152006000e+15
-7.227346469952887000e+15
-5.319378125160512000e+15
-2.303680895677121500e+15
1.392577594681989750e+15
5.263765079128173000e+15
8.808277180827375000e+15
1.158754124468537600e+16
1.325796087607011400e+16
1.358547453778740800e+16
1.245559980113054200e+16
9.886799446579864000e+15
6.046360005382764000e+15
1.260334870003779000e+15
-3.994974638415880000e+15
-9.130299387574602000e+15
-1.351187477480474000e+16
-1.655288066518979800e+16
-1.781161084120618000e+16
-1.707748383050205200e+16
-1.442748841216304400e+16
-1.023862080367987800e+16
-5.146252507226022000e+15
5.316001699463542969e+13
4.542623583092009000e+15
7.640124349501319000e+15
8.931376130348062000e+15
8.345345269942961000e+15
6.153574230919492000e+15
7.026111165862837248e+18
6.205999943855687680e+18
5.462824054227497984e+18
4.333842167349356032e+18
2.965679477192404992e+18
1.487038731274955264e+18
5.380905631464140000e+16
-1.217222713824288256e+18
-2.220466386635043072e+18
-2.922987223596911104e+18
-3.290012383996489728e+18
-3.360629621166109184e+18
-3.168132473627509248e+18
-2.798019041795466240e+18
-2.311540879698296832e+18
-1.780189490730304768e+18
-1.269720338137772544e+18
-8.042360624893367040e+17
-4.234938528973264640e+17
-1.365880501592857120e+17
6.285466668006506400e+16
1.824534786155800320e+17
2.349898467633498240e+17
2.536070743434815040e+17
2.401646037434290560e+17
2.179970673934141440e+17
1.878643283891610880e+17
1.619786541014164160e+17
1.226681387305549920e+17
9.584977023614174400e+16
6.726395149870939200e+16
3.369426670434541200e+16
3.004770614573354500e+15
-2.440301427018207600e+16
-4.234164223610807200e+16
-6.971072974665481600e+16
-8.427347741066544000e+16
-9.107460094611524800e+16
-9.354420388050984000e+16
-8.489946554636001600e+16
-7.018755568156257600e+16
-3.876525662230502400e+16
-1.224397892770235800e+16
2.576332219338240000e+16
7.237390693671820800e+16
1.202713485049826240e+17
1.593684449264490560e+17
2.114065295066101120e+17
2.515553646663574720e+17
2.882463176631036160e+17
3.127984713096529280e+17
3.185113377381861760e+17
3.038177585695368960e+17
2.787830094911865920e+17
2.377991299172015360e+17
1.762271978745322240e+17
1.101979662713245760e+17
4.384481475170325600e+16
-6.360296280801606000e+15
-5.771493456426524000e+16
-7.094296395074840800e+16
-8.594344758714209600e+16
-8.214001509586166400e+16
-7.592255183766928000e+16
-6.618813007224452000e+16
-6.048476469168208800e+16
-6.182636684500506400e+16
-4.051965534578605600e+16
-4.422217318571696800e+16
-4.850544894012944000e+16
-5.208463658064296000e+16
-4.580555624154286400e+16
-4.413677478522921600e+16
-2.358309506304537600e+16
-2.113800304436648250e+15
3.338262834319238400e+16
4.681228951509126400e+16
7.636642736928548800e+16
8.206454394655252800e+16
9.270684221746622400e+16
6.971555167487430400e+16
5.586414833114637600e+16
1.874106231441551200e+16
-2.002973757837037200e+16
-6.178653683622865600e+16
-9.578733332538614400e+16
-1.271920871897361600e+17
-1.355896595851826880e+17
-1.427286534935882400e+17
-1.411632775327085920e+17
-1.360503877701236640e+17
-1.029001068533276800e+17
-8.173045754478920000e+16
-4.550992766625362400e+16
-2.004579273196197600e+16
1.900157207713165600e+16
5.835196635414029600e+16
9.027077719699920000e+16
1.166460322868194720e+17
1.247810954137613120e+17
1.272847252373997280e+17
1.192756784184785920e+17
9.505126828552918400e+16
5.955698321521596000e+16
1.652911601831098800e+16
-3.633753227737309600e+16
-6.541553499538436800e+16
-9.466878733327452800e+16
-1.079779413265640320e+17
-1.088787230899897760e+17
-8.265897335358699200e+16
-4.927073384845029600e+16
-3.500655276717895500e+15
3.520090544811075200e+16
8.347819119140758400e+16
1.199166572439940640e+17
1.569480697158183680e+17
1.641527125721473600e+17
1.595501775959250560e+17
1.372169703663416160e+17
1.008308084751729920e+17
5.457936963367437600e+16
8.184553393158627000e+15
-4.096580585633224000e+16
-7.366944323638966400e+16
-1.092124278827261920e+17
-1.249736414627370080e+17
-1.351209456103201440e+17
-1.311687920279818560e+17
-1.212927869225877120e+17
-1.010379856380763840e+17
-9.179483389450003200e+16
-7.610609073823878400e+16
-6.840066093344361600e+16
-5.998189260209630400e+16
-5.287280258734716000e+16
-4.137164588242588800e+16
-2.107619440186025200e+16
-1.229637907199833200e+16
1.241975027523158800e+16
2.389934816328209200e+16
4.920588355715293600e+16
7.371391479768883200e+16
8.893757949584012800e+16
1.030786778764571360e+17
9.872025535313662400e+16
8.620423064089696000e+16
6.348768129836228000e+16
4.511470449408236800e+16
2.144112810758570800e+16
6.764382853842187000e+15
-5.915194174503309000e+15
-2.024981505120150800e+16
-3.773681740236580000e+16
-3.564278914502996000e+16
-3.774986431390713600e+16
-4.219757248420446400e+16
-4.671327398566768800e+16
-4.707574609853991200e+16
-5.648208740630376800e+16
-5.659592886544800800e+16
-5.543876560840067200e+16
-5.342133696474405600e+16
-6.200953107230397600e+16
-4.780382172796320000e+16
-4.082641551740685600e+16
-3.118698975436882000e+16
-1.436816231794777600e+16
1.208632145408343800e+16
1.821800697819254400e+16
4.118434917555747200e+16
5.533528176783960800e+16
6.483121645028274400e+16
7.162586106751048800e+16
8.263599339491934400e+16
7.373582441712838400e+16
6.143448289231056800e+16
5.399151799920174400e+16
4.779537547071399200e+16
3.705520220369788800e+16
2.482726226797493600e+16
9.614536195115172000e+15
5.189840594212829000e+15
3.353885239330356500e+15
1.325166689852684400e+16
2.506682373189534800e+16
3.554375995369546800e+16
4.121597020830725600e+16
5.581070997315448800e+16
6.316208342751276800e+16
5.594981907375166400e+16
4.992616724664320800e+16
2.613106254721694800e+16
1.713403073370996800e+16
-8.020119230024068000e+15
-2.231222417804312400e+16
-3.834248753845068000e+16
-4.043870478447424800e+16
-3.902710255447119200e+16
-3.015772799242058800e+16
-3.480988032303403600e+16
-2.707425992032031600e+16
-3.430795630466721200e+16
-2.989509148345371200e+16
-4.111903806114208800e+16
-5.619103848262454400e+16
-5.611439231152283200e+16
-6.538346906313978400e+16
-5.333825462654588000e+16
-4.472258630154720000e+16
-2.939811683322569600e+16
-3.812257522340663000e+15
3.001667589904108400e+16
4.801177693555767200e+16
6.630594160305543200e+16
7.240874989033144000e+16
7.207743319846838400e+16
5.507751891298489600e+16
3.348389173736314000e+16
6.970436832926186000e+15
-2.578251321786568400e+16
-4.975684574772667200e+16
-5.937819641868280800e+16
-7.184474338145754400e+16
-6.806451362747232800e+16
-5.672082200334804000e+16
-4.379329526438073600e+16
-3.227456798077534000e+16
-2.046856411796842400e+16
-6.333461972452097000e+15
-5.237379809974011000e+15
-1.250484480050723600e+16
-1.630711636128128000e+16
-2.231282289392100000e+16
-2.865231233869578800e+16
-2.875884096382250800e+16
-2.485193272394205200e+16
-1.445484807705443200e+16
6.203660305683824000e+15
2.699302175355860800e+16
4.257816128381764000e+16
6.013298224514715200e+16
6.221634139153752800e+16
6.705846683699044800e+16
5.811314095072872000e+16
3.512615357291017200e+16
1.881668644157432800e+16
-1.971652364741695750e+15
-1.969577305552522400e+16
-1.823990550812860000e+16
-1.765086130985576000e+16
-2.457360744811851000e+15
1.175632249148742600e+16
4.043034681371898400e+16
6.653402245540811200e+16
8.482819387113593600e+16
9.166067882924268800e+16
9.579010901003572800e+16
7.712328138190769600e+16
5.669858176359237600e+16
2.479751423645253600e+16
6.112994606267341000e+15
-2.543081630518624800e+16
-5.450103707080392000e+16
-6.698947153743495200e+16
-7.953218483251886400e+16
-7.731907199635513600e+16
-7.285662099806897600e+16
-6.348001564474568000e+16
-5.914787324896276800e+16
-4.022931528390869600e+16
-3.165975883998354000e+16
-1.201978505573044400e+16
-1.547309980759986800e+16
-8.810521125525852000e+15
-6.593119626076901000e+15
-1.294253848528359750e+15
-7.768083519835895000e+15
4.157275139886783500e+15
2.545071139422241000e+15
1.581950589250506800e+16
1.948809763393544400e+16
1.805915698277783600e+16
1.141206028134777000e+16
9.926511510037056000e+15
3.084460667859636000e+15
-2.606351812489031500e+15
-9.248062182778794000e+15
-6.016476065134153000e+15
-1.006835755858166200e+16
-2.175523089758049500e+15
1.659901297937050250e+15
8.891927523669669000e+15
1.502843458704287200e+16
1.699301212804878400e+16
1.396342325381760400e+16
6.820249973935069000e+15
-6.160440938113431250e+14
-1.171206623602789200e+16
-1.618659496531351400e+16
-2.269105181300092000e+16
-2.105453613689446800e+16
-3.316410496271612800e+16
-3.124920094037743200e+16
-2.450874848948344800e+16
-1.884936472016486400e+16
-2.151818280699737600e+16
-1.246387640260895000e+16
-1.803668710722570000e+16
-1.216235382317961600e+16
-1.464428682446767600e+16
-1.760258141173790000e+16
-1.662135891654122000e+16
-2.399297547583157200e+16
-2.177149885405661600e+16
-1.913574606881655600e+16
-1.404499636684564200e+16
-2.019299422937692800e+16
-1.299458934398375200e+16
-1.093388766303332400e+16
-3.565372861843819000e+15
-4.012111277408605000e+15
-3.882309178904493500e+15
-4.383214365052988500e+15
-4.254849122277672500e+15
8.026701677201007000e+15
1.601561331711286600e+16
2.896346514317624400e+16
4.330231365927423200e+16
5.465730198876366400e+16
7.155035779809756800e+16
7.589358332986796800e+16
8.022433303826307200e+16
7.120041683217287200e+16
5.862766205970168800e+16
4.340673580789528800e+16
1.853733615504250400e+16
-4.652284788192842000e+15
-1.729168054701933600e+16
-3.159815023619989200e+16
-3.827294192065374400e+16
-3.208796280695543200e+16
-1.849377123061296000e+16
-7.761164166886306250e+14
1.591121912987082000e+16
2.921604065967772400e+16
4.239075803137165600e+16
4.944867656938620800e+16
4.842860269852919200e+16
2.865800808026066000e+16
1.764154365545503400e+16
-5.201446944919573000e+15
-2.163792252478158400e+16
-4.095927494866983200e+16
-5.204121221267112000e+16
-5.383399082253548800e+16
-5.129439365354100000e+16
-4.636738198045874400e+16
-4.007127162963307200e+16
-2.328112397508800800e+16
-1.046752569131055200e+16
1.357535734481488800e+16
2.527892401303710000e+16
3.740566669945628800e+16
4.186495249353009600e+16
3.983729816277535200e+16
4.075256156055246400e+16
3.799984146427198400e+16
3.477865583674920400e+16
2.954214616276992000e+16
2.028576483167203200e+16
1.356387670818232800e+16
3.301886177876321000e+15
-4.518571879103505000e+14
-1.085118629889108400e+16
-1.078532333627062400e+16
-1.416063943999413800e+16
-2.410707119029456400e+16
-2.836965337646985200e+16
-3.588722929893339200e+16
-4.034987150379432000e+16
-4.443850311633015200e+16
-4.577062199162747200e+16
-4.650155069881385600e+16
-4.882105624744592000e+16
-5.503957261611856800e+16
-5.254177253946433600e+16
-5.772326312791278400e+16
-5.230941338708217600e+16
-5.328813702920540000e+16
-5.198513683462945600e+16
-5.254710494286850400e+16
-4.192023361609431200e+16
-3.946835390609064000e+16
-2.428318889816212800e+16
-1.793261148663130600e+16
-1.486789120274994250e+15
8.306566092642699000e+15
1.815895540348056800e+16
2.314566313361037200e+16
2.847318873452794000e+16
2.870117701446418000e+16
3.051725993841266000e+16
3.085019427410205600e+16
3.630785784677669600e+16
3.788691576744334400e+16
4.478398426350419200e+16
5.473518017745900000e+16
5.701387912218677600e+16
7.118993826261147200e+16
6.322428379557223200e+16
6.325954108113562400e+16
6.070152173907794400e+16
5.143549485168509600e+16
3.075123025917909200e+16
1.651936795112505600e+16
1.005511781030017625e+15
-1.136641184916650000e+16
-2.330974702107882000e+16
-3.014833169545618400e+16
-4.190719014261691200e+16
-3.885494742894596800e+16
-3.793571818117900000e+16
-2.745923196327755200e+16
-2.104847713568377600e+16
-5.097189692944398000e+15
7.878073062100536000e+15
1.732905454495074800e+16
2.560296981019701600e+16
3.670357054432090400e+16
4.053112432131927200e+16
3.970004295243061600e+16
3.581243786737499200e+16
3.016403730395845600e+16
8.784908617902195000e+15
-4.561665144052538125e+14
-1.116472005563086400e+16
-2.357693981575259200e+16
-3.055312342928598800e+16
-3.772641301251604800e+16
-3.688503171800447200e+16
-3.975168323639684800e+16
-3.120947445455987200e+16
-1.908987991611426800e+16
-1.299558049733688500e+15
7.951066885523818000e+15
1.975466373031478400e+16
2.476194533974853600e+16
2.866413557572106800e+16
2.406093288736497600e+16
2.267361342782750800e+16
1.366529162895337000e+16
3.785377738854787000e+15
-2.484636972868699500e+15
-1.048860453945956400e+16
-1.515372213128345400e+16
-1.444528155749595400e+16
-1.533588569181943400e+16
-5.984300154024571000e+15
2.021437227055954000e+15
4.289885501591776500e+15
1.139812925313324000e+16
1.206350784721794400e+16
1.205603852317027400e+16
9.331138800412670000e+15
1.237530663072671750e+15
-1.756593853526124750e+15
-8.433946237050986000e+15
-2.212550437085090800e+16
-2.010523740485353200e+16
-2.861257759868510400e+16
-2.977628141055634400e+16
-4.025082468438858400e+16
-4.104054323589948800e+16
-4.760968666512032000e+16
-5.158575302277236800e+16
-5.510867386434757600e+16
-5.469373107755312000e+16
-5.166190576758756000e+16
-3.819549637113402400e+16
-2.279081022821275200e+16
-5.721750609501766000e+15
1.246075478298969800e+16
3.229667354031310800e+16
4.323039222203257600e+16
4.695320197420639200e+16
4.305344906358357600e+16
3.073454820314502000e+16
1.156154391032611400e+16
-1.625482735079546600e+16
-4.012233237410649600e+16
-6.254274351981241600e+16
-6.207351283176271200e+16
-5.749285588119968800e+16
-3.352497265154587600e+16
1.832575122896657750e+15
4.259052911221503200e+16
8.881965021107379200e+16
1.327945654347435680e+17
1.649203320829268480e+17
2.120787107234681920e+17
1.650889871617327040e+17
1.338434584912547360e+17
8.969639192978785600e+16
4.518969553411388000e+16
3.048426705002053500e+15
-3.296812402143240800e+16
-5.655132512359984800e+16
-6.022088431234452000e+16
-5.980691226806134400e+16
-3.829328126982394400e+16
-1.356889486484353200e+16
1.760579808475756200e+16
3.752533893592027200e+16
5.250242058858756800e+16
5.765737670459175200e+16
5.453573229313414400e+16
4.286298837906262400e+16
2.207145938345418800e+16
6.737793722601793750e+14
-1.781245556260190200e+16
-3.733521964306068000e+16
-5.177171304072758400e+16
-5.586657440243693600e+16
-5.663373016622892000e+16
-5.207972187102042400e+16
-4.633776095134455200e+16
-3.894280023175264800e+16
-3.693445644156919200e+16
-2.556950454269952800e+16
-2.354659075931513200e+16
-1.899198877238154400e+16
-2.021366861507443600e+16
-1.164835016907537000e+16
-6.076082019389628000e+15
-4.112680595648548500e+15
2.899657815555776000e+15
8.015085572198066000e+15
9.170420889811176000e+15
9.758499434114482000e+15
5.335793419692162000e+15
5.221698397687600000e+15
-3.559535665869348000e+15
-1.199334694926802600e+16
-1.544319039002021800e+16
-1.970564906536083200e+16
-1.889791472661464400e+16
-1.552017609403376200e+16
-9.972640966006792000e+15
-1.885491860773660625e+14
1.045342469879895600e+16
1.512647519066701000e+16
2.473886645770550000e+16
2.635734904006706400e+16
2.882403794961597600e+16
2.400591061221617200e+16
1.649728519360397000e+16
4.915005087838598000e+15
-5.837826707799488000e+15
-1.763493176432849400e+16
-1.821373360189738000e+16
-2.257345911298830800e+16
-2.072430669496862800e+16
-2.100283863048663600e+16
-1.509363593703714400e+16
-1.310486453506166400e+16
-9.415021793132936000e+15
1.062173298432315250e+15
4.451350282750144500e+15
5.495918381187679000e+15
6.431547040222950000e+15
4.178880698556336000e+15
-1.444457179738764000e+15
-1.053016303943954750e+15
-1.033501140496937625e+15
-1.259979309986191250e+15
-8.849514348580318750e+14
4.233191394965719500e+15
4.792224713801069000e+15
1.143977814079772400e+16
1.119770157843820400e+16
2.083945418574596000e+16
2.344491216237518000e+16
2.881004111543516000e+16
2.821460831822798400e+16
3.105680493173782800e+16
3.575966661352181200e+16
4.192784944771104000e+16
3.835906643051167200e+16
3.072209055030025200e+16
2.261489935184399200e+16
2.022169864061557200e+16
4.333262457018756500e+15
-4.152466926384812000e+15
-1.317326385790465600e+16
-1.776115899556998800e+16
-1.824102446255174400e+16
-1.316965896499064400e+16
-6.288563427926918000e+15
-4.440986083087620000e+14
5.297953995164563000e+15
8.573476612746838000e+15
9.510735951443154000e+15
6.494967058452088000e+15
-1.351440560827521000e+15
-1.335153676722217200e+16
-2.311970036885172400e+16
-3.516921310222390800e+16
-3.867287957246681600e+16
-4.606737329193687200e+16
-4.111864835093420000e+16
-3.566607978201097200e+16
-2.349245062249232400e+16
-1.672280274707349600e+16
-3.150559590069136000e+15
3.931322343416701000e+15
1.587723917162128200e+16
1.954759627222630000e+16
1.519719243749021000e+16
5.116487031086487000e+15
-2.834465173792171000e+15
-1.733236441253592400e+16
-2.551296958271862800e+16
-3.559081134922760000e+16
-3.785297279853204800e+16
-3.761264041320273600e+16
-3.729353319032820000e+16
-3.200037885820494800e+16
-2.150660649021452400e+16
-1.029927535878435200e+16
3.543203014314154375e+14
1.108795725513762400e+16
1.727908404951475800e+16
1.951385025489982000e+16
2.110750638484081600e+16
2.108876895663584000e+16
2.112795168859236400e+16
2.175382694418091200e+16
1.431023266565129400e+16
1.402299316088821600e+16
4.229670723791924000e+15
9.467798037808385000e+14
-6.665938365207067000e+15
-1.046912694349734800e+16
-1.188040050870407200e+16
-1.759069630361762200e+16
-2.118238245180496800e+16
-2.018673794879571200e+16
-1.546935292342773800e+16
-1.153099100725102200e+16
-2.153500309984795000e+15
7.112146496415638000e+15
1.441175143572475800e+16
1.734158519476211800e+16
1.561268167161482600e+16
1.347597669257130800e+16
7.423215694795179000e+15
2.789063424222583500e+15
-1.978964522976916500e+15
-7.251417533011495000e+15
-4.711087752742067000e+15
2.770425889110786250e+14
1.297678088880036400e+16
1.540496447477233600e+16
2.696138569402712000e+16
3.471690304114244000e+16
3.704784417296800800e+16
3.537404585031476000e+16
3.594909699698151200e+16
2.404101960223810400e+16
2.065513998004525200e+16
6.835372943668649000e+15
2.414662890590951500e+15
-1.538183364912725750e+15
-1.271160106164350500e+15
-5.636903838501505000e+15
-8.962382651726682000e+15
-5.509178349841192000e+15
-2.360990095458058500e+15
-3.571370296927848500e+15
-4.219966276369616500e+15
-1.029904278615450400e+16
-1.196627412751084600e+16
-1.480759447202429600e+16
-1.090432880397410800e+16
-4.679366745355926000e+15
-9.585696347485127500e+14
3.473474727959104500e+15
1.319403336180430200e+16
1.970469134768633200e+16
2.123829315100223200e+16
2.284536187068968400e+16
1.231308095545312800e+16
1.026599121581496000e+16
-4.911715890925955000e+15
-1.215186839270433600e+16
-2.161621728354607200e+16
-2.764306122845204400e+16
-2.836884661485823200e+16
-1.949150607576474400e+16
-1.495951842497209200e+16
-4.041392803214600000e+15
1.425527928888717750e+15
1.426612215646709000e+16
2.280969828388236800e+16
2.190301515617342400e+16
1.959239862352418400e+16
1.087118236783328200e+16
2.834514673569230000e+15
-1.281972836776577200e+16
-2.255925729321728800e+16
-3.187905488938457600e+16
-3.082278960119970800e+16
-2.977727195167286000e+16
-2.643460225426459200e+16
-1.979550182619745200e+16
-9.025013360883264000e+15
-2.997908152917175500e+15
3.690202076797134500e+15
5.684934506009030000e+15
8.601666623734367000e+15
1.650612974701445250e+15
2.600054913530188000e+15
-2.391725651939794000e+15
-2.785155135995029688e+14
-3.496574102869660000e+15
-1.996059068669550500e+15
-1.776949097107802750e+15
1.614552974976586500e+15
2.976669294458319500e+15
3.359857848546673500e+15
-1.418132117185821250e+15
-1.342683169744384500e+15
-9.900480567226696000e+15
-1.548814286412688800e+16
-1.950064283650141600e+16
-2.362394202605911200e+16
-2.190172703620593600e+16
-1.863961123113100000e+16
-7.631370652395145000e+15
-1.411611836726298750e+15
1.370128934497148200e+16
2.470740312903660000e+16
3.269411566386986800e+16
3.877982898070431200e+16
3.588128929448953200e+16
2.761080381115032800e+16
2.047876205005048400e+16
7.419125479456595000e+15
4.137927940582861000e+15
-3.213357586405131500e+15
-1.214526980272337000e+15
-2.203659692495891750e+15
8.741528261570232000e+15
1.483195746188275000e+16
2.512406407629784000e+16
3.115857575229250000e+16
3.081413533909587200e+16
2.776124379260522400e+16
2.407327477585346400e+16
1.429090925685967200e+16
1.251122369513759600e+16
5.281765951947495000e+15
3.426642420604762500e+15
1.552065662904248000e+15
4.217072443501191500e+15
4.497232865589922000e+15
5.986779383254800000e+15
9.809398277118064000e+15
4.885462933151955000e+15
6.121356492204462000e+15
6.063015619280127500e+14
-5.017081430492289000e+15
-1.134933456174829600e+16
-1.355942410347126000e+16
-1.507650255173856600e+16
-1.266988991850685000e+16
-1.521778168865650400e+16
-7.576606873961919000e+15
-6.889104810204027000e+15
1.946787711589075500e+15
1.298655579853710250e+15
1.326764866240508000e+15
-3.657697526412719000e+15
-6.719496008740893000e+15
-1.607974502793321800e+16
-2.222554281287007200e+16
-2.468600525331864400e+16
-2.650679736602534400e+16
-2.823722075439292000e+16
-2.059416868852932000e+16
-1.304125903663157600e+16
-1.001753028444845125e+15
5.315907990853830000e+15
1.061570933060870400e+16
1.196636047624475000e+16
1.149439300644248800e+16
3.369400199129222500e+15
-8.228274001374542000e+15
-1.117989406923264600e+16
-1.921749571713623600e+16
-2.140538599111393600e+16
-2.670050661312743600e+16
-2.343379040450481600e+16
-1.608001546930315000e+16
-5.318575212714575000e+15
1.351212412406290500e+15
1.451294073443781800e+16
1.460207056826451200e+16
2.141905638673210400e+16
1.742498600616441400e+16
1.275365999831537600e+16
3.382748754392486500e+15
-7.399465687844282000e+15
-1.190055230051919800e+16
-1.319224246791589200e+16
-1.650697027556297400e+16
-1.666757081172109200e+16
-8.995763668809223000e+15
-2.705485822451734500e+15
7.234224919090630000e+15
1.209130922070491400e+16
1.614554762234735400e+16
1.464473090487115200e+16
1.133797700178519200e+16
1.415918371143268000e+16
1.608459006392799800e+16
1.297854311408346000e+16
1.293934875820191800e+16
1.410259315844533200e+16
2.366974719237937200e+16
2.335814941233861600e+16
3.123753821671502800e+16
2.675274320091417200e+16
2.571034534190951600e+16
2.016257369383724800e+16
1.009726221186412400e+16
-2.287933328794775500e+15
-5.675932316930071000e+15
-1.783643838019177600e+16
-2.121221234006998800e+16
-2.133055514187073600e+16
-1.332413075232667400e+16
-5.383024561741529000e+15
2.214309906453791000e+15
1.180054136759867800e+16
1.730770504110454400e+16
2.164380938489064400e+16
2.136630474539696800e+16
1.718431628577745200e+16
1.038003766789427200e+16
3.731643797074871500e+15
1.932922404636140000e+15
-1.507614808296880750e+15
-1.556097739651072000e+15
1.206120218982304750e+15
5.248838717840607000e+15
4.805185724793581000e+15
4.461269144940631000e+15
5.894075084022184000e+15
1.988329909244236000e+15
4.624758440204927000e+15
-1.327963952399855250e+15
-6.304856622966158750e+14
-4.877289423267160000e+15
-7.123233061786163000e+15
-5.617316808750953000e+15
-4.453840030323614000e+15
-8.446326466291310000e+14
-1.058345129322563250e+15
-4.161674885883962000e+15
-7.818503930035786000e+15
-1.302737712969482200e+16
-1.874369370051248400e+16
-2.134311959271028000e+16
-2.090548040577782400e+16
-2.191326153368506000e+16
-2.285431245743692800e+16
-1.589365060520951400e+16
-1.239256183266882600e+16
-3.638521724695783500e+15
7.073796189884526250e+14
6.020557725062367000e+15
7.648454225989072000e+15
2.278942121146413000e+15
-1.002391834345155600e+16
-1.645358884004765200e+16
-2.834128005812867200e+16
-3.179065106759366400e+16
-4.136751552256576800e+16
-4.326841431010749600e+16
-4.511372512465020800e+16
-3.453276593996291200e+16
-2.818517388628621200e+16
-1.375813325437519800e+16
-4.164387028381424500e+15
8.899939751047222000e+15
1.627598345647555000e+16
1.824390878860430000e+16
1.596605078943103400e+16
1.017425441980844600e+16
3.958252740742785000e+15
-3.128911410201112500e+15
-1.076907389139538800e+16
-1.696032975108520000e+16
-1.709578536958576200e+16
-1.254254000707186000e+16
-2.330863717537478500e+15
6.285500904430754000e+15
2.262625933504068400e+16
2.547974009881393600e+16
3.397477369201711600e+16
4.178846425382304800e+16
4.372517038819312000e+16
3.651647776776735200e+16
3.086089795081050800e+16
2.676838028152842800e+16
2.634666418380550400e+16
1.971408790474437600e+16
1.638858409989164800e+16
6.806125592582184000e+15
6.908852349283230000e+15
-2.278740117975254375e+14
-1.715092918399161250e+15
-6.771971199673358000e+15
-7.338899989882263000e+15
-8.361104871559329000e+15
-9.112601243551680000e+15
-9.761487891144790000e+15
-4.529817850810487000e+15
-1.763033108925015500e+15
-1.951260976985895000e+15
-1.340865515483301000e+15
-3.154546210209418500e+15
-1.068804806883440200e+16
-1.172058130698464800e+16
-1.227395002292256800e+16
-1.651669399557898000e+16
-1.622825849356332200e+16
-1.770305114737747400e+16
-1.342744493144542000e+16
-1.320731166841742800e+16
-1.995578894605022250e+15
9.210231614384238000e+15
2.045679272990164800e+16
2.790127899959520400e+16
3.293467934703611600e+16
3.004033551918471200e+16
2.822192714060730000e+16
1.779242399966377200e+16
1.207129753127849400e+16
7.997075701797853750e+14
-1.032448330080818000e+16
-1.643538359934596600e+16
-1.971086849340684800e+16
-2.063519365296694400e+16
-1.654546184571180200e+16
-1.247183679007331200e+16
-3.919054740108960500e+15
3.960900783205845000e+15
3.997729964243375000e+15
8.375554560192603000e+15
7.626214809253084000e+15
6.420383642753601000e+15
8.109656261447746250e+14
-6.091104152599124000e+15
-7.226138733389736000e+15
-1.169499990021843000e+16
-1.959840948606770800e+16
-1.675472371723306200e+16
-1.935624145717744400e+16
-1.912434257315535600e+16
-2.858938191217251600e+16
-2.941139610292332400e+16
-3.553147268661658400e+16
-4.004275874595953600e+16
-4.541191013668542400e+16
-4.530999291473856800e+16
-4.374961003929652800e+16
-3.395016547462062400e+16
-1.903676013630734000e+16
-5.390669337963032000e+15
1.115368139792586600e+16
2.675062580260035200e+16
3.527284759044913600e+16
3.613369937381336000e+16
3.110482065482964400e+16
1.672356392282743400e+16
-5.524291195249916875e+14
-2.809027967013198800e+16
-4.845778778888144000e+16
-6.711352301712819200e+16
-6.456666386595236000e+16
-5.697697091842281600e+16
-3.049287864322480000e+16
6.758887574598822000e+15
5.009742902276670400e+16
9.701037308893539200e+16
1.424950437352432800e+17
1.754755942385132800e+17
