1.000000000000000021e-02
2.000000000000000042e-02
2.999999999999999889e-02
4.000000000000000083e-02
5.000000000000000278e-02
5.999999999999999778e-02
7.000000000000000666e-02
8.000000000000000167e-02
9.000000000000001055e-02
1.000000000000000056e-01
1.099999999999999867e-01
1.199999999999999956e-01
1.300000000000000044e-01
1.400000000000000133e-01
1.499999999999999944e-01
1.600000000000000033e-01
1.700000000000000122e-01
1.800000000000000211e-01
1.900000000000000022e-01
2.000000000000000111e-01
2.100000000000000200e-01
2.199999999999999734e-01
2.299999999999999822e-01
2.399999999999999911e-01
2.500000000000000000e-01
2.600000000000000089e-01
2.700000000000000178e-01
2.800000000000000266e-01
2.900000000000000355e-01
2.999999999999999889e-01
3.099999999999999978e-01
3.200000000000000067e-01
3.300000000000000155e-01
3.400000000000000244e-01
3.500000000000000333e-01
3.600000000000000422e-01
3.699999999999999956e-01
3.800000000000000044e-01
3.900000000000000133e-01
4.000000000000000222e-01
4.100000000000000311e-01
4.200000000000000400e-01
4.300000000000000488e-01
4.399999999999999467e-01
4.499999999999999556e-01
4.599999999999999645e-01
4.699999999999999734e-01
4.799999999999999822e-01
4.899999999999999911e-01
5.000000000000000000e-01
5.100000000000000089e-01
5.200000000000000178e-01
5.300000000000000266e-01
5.400000000000000355e-01
5.500000000000000444e-01
5.600000000000000533e-01
5.700000000000000622e-01
5.800000000000000711e-01
5.900000000000000799e-01
5.999999999999999778e-01
6.099999999999999867e-01
6.199999999999999956e-01
6.300000000000000044e-01
6.400000000000000133e-01
6.500000000000000222e-01
6.600000000000000311e-01
6.700000000000000400e-01
6.800000000000000488e-01
6.900000000000000577e-01
7.000000000000000666e-01
7.100000000000000755e-01
7.200000000000000844e-01
7.299999999999999822e-01
7.399999999999999911e-01
7.500000000000000000e-01
7.600000000000000089e-01
7.700000000000000178e-01
7.800000000000000266e-01
7.900000000000000355e-01
8.000000000000000444e-01
8.100000000000000533e-01
8.200000000000000622e-01
8.300000000000000711e-01
8.400000000000000799e-01
8.500000000000000888e-01
8.600000000000000977e-01
8.700000000000001066e-01
8.799999999999998934e-01
8.899999999999999023e-01
8.999999999999999112e-01
9.099999999999999201e-01
9.199999999999999289e-01
9.299999999999999378e-01
9.399999999999999467e-01
9.499999999999999556e-01
9.599999999999999645e-01
9.699999999999999734e-01
9.799999999999999822e-01
9.899999999999999911e-01
1.000000000000000000e+00
1.010000000000000009e+00
1.020000000000000018e+00
1.030000000000000027e+00
1.040000000000000036e+00
1.050000000000000044e+00
1.060000000000000053e+00
1.070000000000000062e+00
1.080000000000000071e+00
1.090000000000000080e+00
1.100000000000000089e+00
1.110000000000000098e+00
1.120000000000000107e+00
1.130000000000000115e+00
1.140000000000000124e+00
1.150000000000000133e+00
1.160000000000000142e+00
1.170000000000000151e+00
1.180000000000000160e+00
1.190000000000000169e+00
1.199999999999999956e+00
1.209999999999999964e+00
1.219999999999999973e+00
1.229999999999999982e+00
1.239999999999999991e+00
1.250000000000000000e+00
1.260000000000000009e+00
1.270000000000000018e+00
1.280000000000000027e+00
1.290000000000000036e+00
1.300000000000000044e+00
1.310000000000000053e+00
1.320000000000000062e+00
1.330000000000000071e+00
1.340000000000000080e+00
1.350000000000000089e+00
1.360000000000000098e+00
1.370000000000000107e+00
1.380000000000000115e+00
1.390000000000000124e+00
1.400000000000000133e+00
1.410000000000000142e+00
1.420000000000000151e+00
1.430000000000000160e+00
1.440000000000000169e+00
1.449999999999999956e+00
1.459999999999999964e+00
1.469999999999999973e+00
1.479999999999999982e+00
1.489999999999999991e+00
1.500000000000000000e+00
1.510000000000000009e+00
1.520000000000000018e+00
1.530000000000000027e+00
1.540000000000000036e+00
1.550000000000000044e+00
1.560000000000000053e+00
1.570000000000000062e+00
1.580000000000000071e+00
1.590000000000000080e+00
1.600000000000000089e+00
1.610000000000000098e+00
1.620000000000000107e+00
1.630000000000000115e+00
1.640000000000000124e+00
1.650000000000000133e+00
1.660000000000000142e+00
1.670000000000000151e+00
1.680000000000000160e+00
1.690000000000000169e+00
1.700000000000000178e+00
1.710000000000000187e+00
1.720000000000000195e+00
1.730000000000000204e+00
1.740000000000000213e+00
1.750000000000000222e+00
1.759999999999999787e+00
1.770000000000000018e+00
1.779999999999999805e+00
1.790000000000000036e+00
1.799999999999999822e+00
1.810000000000000053e+00
1.819999999999999840e+00
1.830000000000000071e+00
1.839999999999999858e+00
1.850000000000000089e+00
1.859999999999999876e+00
1.870000000000000107e+00
1.879999999999999893e+00
1.890000000000000124e+00
1.899999999999999911e+00
1.910000000000000142e+00
1.919999999999999929e+00
1.930000000000000160e+00
1.939999999999999947e+00
1.950000000000000178e+00
1.959999999999999964e+00
1.970000000000000195e+00
1.979999999999999982e+00
1.990000000000000213e+00
2.000000000000000000e+00
2.010000000000000231e+00
2.020000000000000018e+00
2.030000000000000249e+00
2.040000000000000036e+00
2.050000000000000266e+00
2.060000000000000053e+00
2.070000000000000284e+00
2.080000000000000071e+00
2.089999999999999858e+00
2.100000000000000089e+00
2.109999999999999876e+00
2.120000000000000107e+00
2.129999999999999893e+00
2.140000000000000124e+00
2.149999999999999911e+00
2.160000000000000142e+00
2.169999999999999929e+00
2.180000000000000160e+00
2.189999999999999947e+00
2.200000000000000178e+00
2.209999999999999964e+00
2.220000000000000195e+00
2.229999999999999982e+00
2.240000000000000213e+00
2.250000000000000000e+00
2.260000000000000231e+00
2.270000000000000018e+00
2.280000000000000249e+00
2.290000000000000036e+00
2.300000000000000266e+00
2.310000000000000053e+00
2.320000000000000284e+00
2.330000000000000071e+00
2.340000000000000302e+00
2.350000000000000089e+00
2.360000000000000320e+00
2.370000000000000107e+00
2.380000000000000338e+00
2.390000000000000124e+00
2.399999999999999911e+00
2.410000000000000142e+00
2.419999999999999929e+00
2.429999999999999716e+00
2.439999999999999947e+00
2.450000000000000178e+00
2.459999999999999964e+00
2.469999999999999751e+00
2.479999999999999982e+00
2.490000000000000213e+00
2.500000000000000000e+00
2.509999999999999787e+00
2.520000000000000018e+00
2.530000000000000249e+00
2.540000000000000036e+00
2.549999999999999822e+00
2.560000000000000053e+00
2.570000000000000284e+00
2.580000000000000071e+00
2.589999999999999858e+00
2.600000000000000089e+00
2.610000000000000320e+00
2.620000000000000107e+00
2.629999999999999893e+00
2.640000000000000124e+00
2.650000000000000355e+00
2.660000000000000142e+00
2.669999999999999929e+00
2.680000000000000160e+00
2.690000000000000391e+00
2.700000000000000178e+00
2.709999999999999964e+00
2.720000000000000195e+00
2.730000000000000426e+00
2.740000000000000213e+00
2.750000000000000000e+00
2.760000000000000231e+00
2.770000000000000462e+00
2.780000000000000249e+00
2.790000000000000036e+00
2.800000000000000266e+00
2.810000000000000497e+00
2.820000000000000284e+00
2.830000000000000071e+00
2.840000000000000302e+00
2.850000000000000533e+00
2.860000000000000320e+00
2.870000000000000107e+00
2.880000000000000338e+00
2.889999999999999680e+00
2.899999999999999911e+00
2.909999999999999698e+00
2.919999999999999929e+00
2.929999999999999716e+00
2.939999999999999947e+00
2.949999999999999734e+00
2.959999999999999964e+00
2.969999999999999751e+00
2.979999999999999982e+00
2.989999999999999769e+00
3.000000000000000000e+00
3.009999999999999787e+00
3.020000000000000018e+00
3.029999999999999805e+00
3.040000000000000036e+00
3.049999999999999822e+00
3.060000000000000053e+00
3.069999999999999840e+00
3.080000000000000071e+00
3.089999999999999858e+00
3.100000000000000089e+00
3.109999999999999876e+00
3.120000000000000107e+00
3.129999999999999893e+00
3.140000000000000124e+00
3.149999999999999911e+00
3.160000000000000142e+00
3.169999999999999929e+00
3.180000000000000160e+00
3.189999999999999947e+00
3.200000000000000178e+00
3.209999999999999964e+00
3.220000000000000195e+00
3.229999999999999982e+00
3.240000000000000213e+00
3.250000000000000000e+00
3.260000000000000231e+00
3.270000000000000018e+00
3.280000000000000249e+00
3.290000000000000036e+00
3.300000000000000266e+00
3.310000000000000053e+00
3.320000000000000284e+00
3.330000000000000071e+00
3.340000000000000302e+00
3.350000000000000089e+00
3.360000000000000320e+00
3.370000000000000107e+00
3.380000000000000338e+00
3.390000000000000124e+00
3.400000000000000355e+00
3.410000000000000142e+00
3.420000000000000373e+00
3.430000000000000160e+00
3.440000000000000391e+00
3.450000000000000178e+00
3.460000000000000409e+00
3.470000000000000195e+00
3.480000000000000426e+00
3.490000000000000213e+00
3.500000000000000444e+00
3.510000000000000231e+00
3.519999999999999574e+00
3.529999999999999805e+00
3.540000000000000036e+00
3.549999999999999822e+00
3.559999999999999609e+00
3.569999999999999840e+00
3.580000000000000071e+00
3.589999999999999858e+00
3.599999999999999645e+00
3.609999999999999876e+00
3.620000000000000107e+00
3.629999999999999893e+00
3.639999999999999680e+00
3.649999999999999911e+00
3.660000000000000142e+00
3.669999999999999929e+00
3.679999999999999716e+00
3.689999999999999947e+00
3.700000000000000178e+00
3.709999999999999964e+00
3.719999999999999751e+00
3.729999999999999982e+00
3.740000000000000213e+00
3.750000000000000000e+00
3.759999999999999787e+00
3.770000000000000018e+00
3.780000000000000249e+00
3.790000000000000036e+00
3.799999999999999822e+00
3.810000000000000053e+00
3.820000000000000284e+00
3.830000000000000071e+00
3.839999999999999858e+00
3.850000000000000089e+00
3.860000000000000320e+00
3.870000000000000107e+00
3.879999999999999893e+00
3.890000000000000124e+00
3.900000000000000355e+00
3.910000000000000142e+00
3.919999999999999929e+00
3.930000000000000160e+00
3.940000000000000391e+00
3.950000000000000178e+00
3.959999999999999964e+00
3.970000000000000195e+00
3.980000000000000426e+00
3.990000000000000213e+00
4.000000000000000000e+00
4.009999999999999787e+00
4.020000000000000462e+00
4.030000000000000249e+00
4.040000000000000036e+00
4.050000000000000711e+00
4.060000000000000497e+00
4.070000000000000284e+00
4.080000000000000071e+00
4.089999999999999858e+00
4.100000000000000533e+00
4.110000000000000320e+00
4.120000000000000107e+00
4.130000000000000782e+00
4.140000000000000568e+00
4.150000000000000355e+00
4.160000000000000142e+00
4.169999999999999929e+00
4.179999999999999716e+00
4.189999999999999503e+00
4.200000000000000178e+00
4.209999999999999964e+00
4.219999999999999751e+00
4.229999999999999538e+00
4.240000000000000213e+00
4.250000000000000000e+00
4.259999999999999787e+00
4.269999999999999574e+00
4.280000000000000249e+00
4.290000000000000036e+00
4.299999999999999822e+00
4.309999999999999609e+00
4.320000000000000284e+00
4.330000000000000071e+00
4.339999999999999858e+00
4.349999999999999645e+00
4.360000000000000320e+00
4.370000000000000107e+00
4.379999999999999893e+00
4.389999999999999680e+00
4.400000000000000355e+00
4.410000000000000142e+00
4.419999999999999929e+00
4.429999999999999716e+00
4.440000000000000391e+00
4.450000000000000178e+00
4.459999999999999964e+00
4.469999999999999751e+00
4.480000000000000426e+00
4.490000000000000213e+00
4.500000000000000000e+00
4.509999999999999787e+00
4.520000000000000462e+00
4.530000000000000249e+00
4.540000000000000036e+00
4.549999999999999822e+00
4.560000000000000497e+00
4.570000000000000284e+00
4.580000000000000071e+00
4.589999999999999858e+00
4.600000000000000533e+00
4.610000000000000320e+00
4.620000000000000107e+00
4.629999999999999893e+00
4.640000000000000568e+00
4.650000000000000355e+00
4.660000000000000142e+00
4.669999999999999929e+00
4.680000000000000604e+00
4.690000000000000391e+00
4.700000000000000178e+00
4.709999999999999964e+00
4.720000000000000639e+00
4.730000000000000426e+00
4.740000000000000213e+00
4.750000000000000000e+00
4.760000000000000675e+00
4.770000000000000462e+00
4.780000000000000249e+00
4.790000000000000036e+00
4.799999999999999822e+00
4.809999999999999609e+00
4.820000000000000284e+00
4.830000000000000071e+00
4.839999999999999858e+00
4.849999999999999645e+00
4.859999999999999432e+00
4.870000000000000107e+00
4.879999999999999893e+00
4.889999999999999680e+00
4.900000000000000355e+00
4.910000000000000142e+00
4.919999999999999929e+00
4.929999999999999716e+00
4.939999999999999503e+00
4.950000000000000178e+00
4.959999999999999964e+00
4.969999999999999751e+00
4.980000000000000426e+00
4.990000000000000213e+00
5.000000000000000000e+00
5.009999999999999787e+00
5.019999999999999574e+00
5.030000000000000249e+00
5.040000000000000036e+00
5.049999999999999822e+00
5.060000000000000497e+00
5.070000000000000284e+00
5.080000000000000071e+00
5.089999999999999858e+00
5.099999999999999645e+00
5.110000000000000320e+00
5.120000000000000107e+00
5.129999999999999893e+00
5.140000000000000568e+00
5.150000000000000355e+00
5.160000000000000142e+00
5.169999999999999929e+00
5.179999999999999716e+00
5.190000000000000391e+00
5.200000000000000178e+00
5.209999999999999964e+00
5.220000000000000639e+00
5.230000000000000426e+00
5.240000000000000213e+00
5.250000000000000000e+00
5.259999999999999787e+00
5.270000000000000462e+00
5.280000000000000249e+00
5.290000000000000036e+00
5.300000000000000711e+00
5.310000000000000497e+00
5.320000000000000284e+00
5.330000000000000071e+00
5.339999999999999858e+00
5.350000000000000533e+00
5.360000000000000320e+00
5.370000000000000107e+00
5.380000000000000782e+00
5.390000000000000568e+00
5.400000000000000355e+00
5.410000000000000142e+00
5.419999999999999929e+00
5.430000000000000604e+00
5.440000000000000391e+00
5.450000000000000178e+00
5.460000000000000853e+00
5.470000000000000639e+00
5.480000000000000426e+00
5.490000000000000213e+00
5.500000000000000000e+00
5.510000000000000675e+00
5.520000000000000462e+00
5.530000000000000249e+00
5.540000000000000924e+00
5.550000000000000711e+00
5.560000000000000497e+00
5.570000000000000284e+00
5.580000000000000071e+00
5.590000000000000746e+00
5.600000000000000533e+00
5.610000000000000320e+00
5.620000000000000995e+00
5.630000000000000782e+00
5.640000000000000568e+00
5.650000000000000355e+00
5.660000000000000142e+00
5.670000000000000817e+00
5.680000000000000604e+00
5.690000000000000391e+00
5.700000000000001066e+00
5.710000000000000853e+00
5.720000000000000639e+00
5.730000000000000426e+00
5.740000000000000213e+00
5.750000000000000888e+00
5.760000000000000675e+00
5.769999999999999574e+00
5.779999999999999361e+00
5.789999999999999147e+00
5.799999999999999822e+00
5.809999999999999609e+00
5.819999999999999396e+00
5.830000000000000071e+00
5.839999999999999858e+00
5.849999999999999645e+00
5.859999999999999432e+00
5.869999999999999218e+00
5.879999999999999893e+00
5.889999999999999680e+00
5.899999999999999467e+00
5.910000000000000142e+00
5.919999999999999929e+00
5.929999999999999716e+00
5.939999999999999503e+00
5.949999999999999289e+00
5.959999999999999964e+00
5.969999999999999751e+00
5.979999999999999538e+00
5.990000000000000213e+00
6.000000000000000000e+00
6.009999999999999787e+00
6.019999999999999574e+00
6.029999999999999361e+00
6.040000000000000036e+00
6.049999999999999822e+00
6.059999999999999609e+00
6.070000000000000284e+00
6.080000000000000071e+00
6.089999999999999858e+00
6.099999999999999645e+00
6.109999999999999432e+00
6.120000000000000107e+00
6.129999999999999893e+00
6.139999999999999680e+00
6.150000000000000355e+00
6.160000000000000142e+00
6.169999999999999929e+00
6.179999999999999716e+00
6.189999999999999503e+00
6.200000000000000178e+00
6.209999999999999964e+00
6.219999999999999751e+00
6.230000000000000426e+00
6.240000000000000213e+00
6.250000000000000000e+00
6.259999999999999787e+00
6.269999999999999574e+00
6.280000000000000249e+00
6.290000000000000036e+00
6.299999999999999822e+00
6.310000000000000497e+00
6.320000000000000284e+00
6.330000000000000071e+00
6.339999999999999858e+00
6.349999999999999645e+00
6.360000000000000320e+00
6.370000000000000107e+00
6.379999999999999893e+00
6.390000000000000568e+00
6.400000000000000355e+00
6.410000000000000142e+00
6.419999999999999929e+00
6.429999999999999716e+00
6.440000000000000391e+00
6.450000000000000178e+00
6.459999999999999964e+00
6.470000000000000639e+00
6.480000000000000426e+00
6.490000000000000213e+00
6.500000000000000000e+00
6.509999999999999787e+00
6.520000000000000462e+00
6.530000000000000249e+00
6.540000000000000036e+00
6.550000000000000711e+00
6.560000000000000497e+00
6.570000000000000284e+00
6.580000000000000071e+00
6.589999999999999858e+00
6.600000000000000533e+00
6.610000000000000320e+00
6.620000000000000107e+00
6.630000000000000782e+00
6.640000000000000568e+00
6.650000000000000355e+00
6.660000000000000142e+00
6.669999999999999929e+00
6.680000000000000604e+00
6.690000000000000391e+00
6.700000000000000178e+00
6.710000000000000853e+00
6.720000000000000639e+00
6.730000000000000426e+00
6.740000000000000213e+00
6.750000000000000000e+00
6.760000000000000675e+00
6.770000000000000462e+00
6.780000000000000249e+00
6.790000000000000924e+00
6.800000000000000711e+00
6.810000000000000497e+00
6.820000000000000284e+00
6.830000000000000071e+00
6.840000000000000746e+00
6.850000000000000533e+00
6.860000000000000320e+00
6.870000000000000995e+00
6.880000000000000782e+00
6.890000000000000568e+00
6.900000000000000355e+00
6.910000000000000142e+00
6.920000000000000817e+00
6.930000000000000604e+00
6.940000000000000391e+00
6.950000000000001066e+00
6.960000000000000853e+00
6.970000000000000639e+00
6.980000000000000426e+00
6.990000000000000213e+00
7.000000000000000888e+00
7.010000000000000675e+00
7.020000000000000462e+00
7.030000000000001137e+00
7.039999999999999147e+00
7.049999999999999822e+00
7.059999999999999609e+00
7.069999999999999396e+00
7.080000000000000071e+00
7.089999999999999858e+00
7.099999999999999645e+00
7.109999999999999432e+00
7.119999999999999218e+00
7.129999999999999893e+00
7.139999999999999680e+00
7.149999999999999467e+00
7.160000000000000142e+00
7.169999999999999929e+00
7.179999999999999716e+00
7.189999999999999503e+00
7.199999999999999289e+00
7.209999999999999964e+00
7.219999999999999751e+00
7.229999999999999538e+00
7.240000000000000213e+00
7.250000000000000000e+00
7.259999999999999787e+00
7.269999999999999574e+00
7.279999999999999361e+00
7.290000000000000036e+00
7.299999999999999822e+00
7.309999999999999609e+00
7.320000000000000284e+00
7.330000000000000071e+00
7.339999999999999858e+00
7.349999999999999645e+00
7.359999999999999432e+00
7.370000000000000107e+00
7.379999999999999893e+00
7.389999999999999680e+00
7.400000000000000355e+00
7.410000000000000142e+00
7.419999999999999929e+00
7.429999999999999716e+00
7.439999999999999503e+00
7.450000000000000178e+00
7.459999999999999964e+00
7.469999999999999751e+00
7.480000000000000426e+00
7.490000000000000213e+00
7.500000000000000000e+00
7.509999999999999787e+00
7.519999999999999574e+00
7.530000000000000249e+00
7.540000000000000036e+00
7.549999999999999822e+00
7.560000000000000497e+00
7.570000000000000284e+00
7.580000000000000071e+00
7.589999999999999858e+00
7.599999999999999645e+00
7.610000000000000320e+00
7.620000000000000107e+00
7.629999999999999893e+00
7.640000000000000568e+00
7.650000000000000355e+00
7.660000000000000142e+00
7.669999999999999929e+00
7.679999999999999716e+00
7.690000000000000391e+00
7.700000000000000178e+00
7.709999999999999964e+00
7.720000000000000639e+00
7.730000000000000426e+00
7.740000000000000213e+00
7.750000000000000000e+00
7.759999999999999787e+00
7.770000000000000462e+00
7.780000000000000249e+00
7.790000000000000036e+00
7.800000000000000711e+00
7.810000000000000497e+00
7.820000000000000284e+00
7.830000000000000071e+00
7.839999999999999858e+00
7.850000000000000533e+00
7.860000000000000320e+00
7.870000000000000107e+00
7.880000000000000782e+00
7.890000000000000568e+00
7.900000000000000355e+00
7.910000000000000142e+00
7.919999999999999929e+00
7.930000000000000604e+00
7.940000000000000391e+00
7.950000000000000178e+00
7.960000000000000853e+00
7.970000000000000639e+00
7.980000000000000426e+00
7.990000000000000213e+00
8.000000000000000000e+00
8.009999999999999787e+00
8.019999999999999574e+00
8.030000000000001137e+00
8.040000000000000924e+00
8.050000000000000711e+00
8.060000000000000497e+00
8.070000000000000284e+00
8.080000000000000071e+00
8.089999999999999858e+00
8.100000000000001421e+00
8.110000000000001208e+00
8.120000000000000995e+00
8.130000000000000782e+00
8.140000000000000568e+00
8.150000000000000355e+00
8.160000000000000142e+00
8.169999999999999929e+00
8.179999999999999716e+00
8.190000000000001279e+00
8.200000000000001066e+00
8.210000000000000853e+00
8.220000000000000639e+00
8.230000000000000426e+00
8.240000000000000213e+00
8.250000000000000000e+00
8.260000000000001563e+00
8.270000000000001350e+00
8.280000000000001137e+00
8.290000000000000924e+00
8.300000000000000711e+00
8.310000000000000497e+00
8.320000000000000284e+00
8.330000000000000071e+00
8.339999999999999858e+00
8.349999999999999645e+00
8.359999999999999432e+00
8.369999999999999218e+00
8.379999999999999005e+00
8.390000000000000568e+00
8.400000000000000355e+00
8.410000000000000142e+00
8.419999999999999929e+00
8.429999999999999716e+00
8.439999999999999503e+00
8.449999999999999289e+00
8.459999999999999076e+00
8.469999999999998863e+00
8.480000000000000426e+00
8.490000000000000213e+00
8.500000000000000000e+00
8.509999999999999787e+00
8.519999999999999574e+00
8.529999999999999361e+00
8.539999999999999147e+00
8.550000000000000711e+00
8.560000000000000497e+00
8.570000000000000284e+00
8.580000000000000071e+00
8.589999999999999858e+00
8.599999999999999645e+00
8.609999999999999432e+00
8.619999999999999218e+00
8.629999999999999005e+00
8.640000000000000568e+00
8.650000000000000355e+00
8.660000000000000142e+00
8.669999999999999929e+00
8.679999999999999716e+00
8.689999999999999503e+00
8.699999999999999289e+00
8.710000000000000853e+00
8.720000000000000639e+00
8.730000000000000426e+00
8.740000000000000213e+00
8.750000000000000000e+00
8.759999999999999787e+00
8.769999999999999574e+00
8.779999999999999361e+00
8.789999999999999147e+00
8.800000000000000711e+00
8.810000000000000497e+00
8.820000000000000284e+00
8.830000000000000071e+00
8.839999999999999858e+00
8.849999999999999645e+00
8.859999999999999432e+00
8.870000000000000995e+00
8.880000000000000782e+00
8.890000000000000568e+00
8.900000000000000355e+00
8.910000000000000142e+00
8.919999999999999929e+00
8.929999999999999716e+00
8.939999999999999503e+00
8.949999999999999289e+00
8.960000000000000853e+00
8.970000000000000639e+00
8.980000000000000426e+00
8.990000000000000213e+00
9.000000000000000000e+00
9.009999999999999787e+00
9.019999999999999574e+00
9.030000000000001137e+00
9.040000000000000924e+00
9.050000000000000711e+00
9.060000000000000497e+00
9.070000000000000284e+00
9.080000000000000071e+00
9.089999999999999858e+00
9.099999999999999645e+00
9.109999999999999432e+00
9.120000000000000995e+00
9.130000000000000782e+00
9.140000000000000568e+00
9.150000000000000355e+00
9.160000000000000142e+00
9.169999999999999929e+00
9.179999999999999716e+00
9.190000000000001279e+00
9.200000000000001066e+00
9.210000000000000853e+00
9.220000000000000639e+00
9.230000000000000426e+00
9.240000000000000213e+00
9.250000000000000000e+00
9.259999999999999787e+00
9.269999999999999574e+00
9.280000000000001137e+00
9.290000000000000924e+00
9.300000000000000711e+00
9.310000000000000497e+00
9.320000000000000284e+00
9.330000000000000071e+00
9.339999999999999858e+00
9.350000000000001421e+00
9.360000000000001208e+00
9.370000000000000995e+00
9.380000000000000782e+00
9.390000000000000568e+00
9.400000000000000355e+00
9.410000000000000142e+00
9.419999999999999929e+00
9.429999999999999716e+00
9.440000000000001279e+00
9.450000000000001066e+00
9.460000000000000853e+00
9.470000000000000639e+00
9.480000000000000426e+00
9.490000000000000213e+00
9.500000000000000000e+00
9.510000000000001563e+00
9.520000000000001350e+00
9.530000000000001137e+00
9.540000000000000924e+00
9.550000000000000711e+00
9.560000000000000497e+00
9.570000000000000284e+00
9.580000000000000071e+00
9.589999999999999858e+00
9.599999999999999645e+00
9.609999999999999432e+00
9.619999999999999218e+00
9.629999999999999005e+00
9.640000000000000568e+00
9.650000000000000355e+00
9.660000000000000142e+00
9.669999999999999929e+00
9.679999999999999716e+00
9.689999999999999503e+00
9.699999999999999289e+00
9.709999999999999076e+00
9.719999999999998863e+00
9.730000000000000426e+00
9.740000000000000213e+00
9.750000000000000000e+00
9.759999999999999787e+00
9.769999999999999574e+00
9.779999999999999361e+00
9.789999999999999147e+00
9.800000000000000711e+00
9.810000000000000497e+00
9.820000000000000284e+00
9.830000000000000071e+00
9.839999999999999858e+00
9.849999999999999645e+00
9.859999999999999432e+00
9.869999999999999218e+00
9.879999999999999005e+00
9.890000000000000568e+00
9.900000000000000355e+00
9.910000000000000142e+00
9.919999999999999929e+00
9.929999999999999716e+00
9.939999999999999503e+00
9.949999999999999289e+00
9.960000000000000853e+00
9.970000000000000639e+00
9.980000000000000426e+00
9.990000000000000213e+00
0.000000000000000000e+00
1.413177546143815551e-06
7.438850993534359674e-07
5.406996138825199651e-07
4.582638679420572066e-07
4.297186173281332300e-07
4.356321782776635444e-07
4.717281681850638623e-07
5.421068802658850581e-07
6.592728973817037778e-07
8.483674449445175043e-07
1.157116539039996756e-06
1.674831800922696694e-06
2.555583482952752132e-06
3.967099329931040929e-06
5.648418034299401563e-06
6.328892514194246925e-06
5.457783598298534725e-06
4.170087435218253656e-06
3.168397046371647670e-06
2.495385730390945915e-06
2.046675510682129739e-06
1.734476488351189518e-06
1.504138748178459551e-06
1.326921402006866555e-06
1.191227808868324387e-06
1.094558845187037972e-06
1.038034814114736255e-06
1.024629125845740997e-06
1.060042750912048739e-06
1.154891547838002399e-06
1.327332268340183185e-06
1.605748245765702037e-06
2.031589170737455315e-06
2.663572389646373706e-06
3.588323569499742943e-06
4.940165054628153086e-06
6.881299224915016044e-06
9.291096145118968915e-06
1.088077994110250883e-05
9.866573488289009415e-06
7.282100932327219533e-06
5.062681543838392682e-06
3.628592292821257171e-06
2.760162441774407788e-06
2.231876047564344812e-06
1.902556925273236444e-06
1.688327420257770274e-06
1.535400315505374931e-06
1.406073351176345030e-06
1.276605073558101395e-06
1.140334095166849635e-06
1.005972131678809877e-06
8.877609240701467357e-07
7.960044601198992737e-07
7.347487320792651225e-07
7.039592077302315446e-07
7.018632445400298538e-07
7.257741328225154464e-07
7.714392286806578192e-07
8.316632269101458220e-07
8.958672780163162503e-07
9.525576890112781732e-07
9.943922363557900060e-07
1.021776547777276028e-06
1.041696036825730635e-06
1.063949712150911422e-06
1.098845174553067132e-06
1.157801003096409386e-06
1.255971879140578329e-06
1.416811154190095313e-06
1.680296420683130975e-06
2.117578011593004191e-06
2.851529253012693485e-06
4.037099489035139173e-06
5.531258728273169910e-06
6.114559864686095805e-06
4.952453102113282970e-06
3.417390549386579494e-06
2.356401032842258582e-06
1.719253169442508912e-06
1.334751949828187722e-06
1.091577207004494639e-06
9.280027975086604701e-07
8.105835449688273261e-07
7.217115882601267945e-07
6.526653075498951162e-07
5.992771479684779146e-07
5.591930979910180971e-07
5.304980951392286226e-07
5.114351930548360250e-07
5.007218244368027136e-07
4.980461383770892307e-07
5.043786055675642625e-07
5.219259594463303214e-07
5.538907831455850850e-07
6.044100263862066166e-07
6.788685114785437460e-07
7.844582436330650170e-07
9.309077986224032725e-07
1.131572784146458192e-06
1.405805246016876205e-06
1.784005331570074722e-06
2.313857560827473035e-06
3.051432020421772244e-06
3.969134769506709570e-06
4.688043185201902270e-06
4.524149266780408095e-06
3.570324043220829125e-06
2.586520532273265190e-06
1.897530899700589213e-06
1.468621103260510074e-06
1.210091215489246937e-06
1.059143419621939032e-06
9.801504825689735243e-07
9.549591464417823108e-07
9.761704228047949422e-07
1.043744148793161982e-06
1.163449628939796799e-06
1.345729981674037378e-06
1.602327738611323506e-06
1.935395157728357954e-06
2.314176382166579927e-06
2.651549987104336780e-06
2.830341822501026463e-06
2.796400535284317152e-06
2.605601753782273458e-06
2.358315443641193086e-06
2.127375158243715142e-06
1.945460689754005293e-06
1.820136385232749309e-06
1.745518764799898468e-06
1.705477936711174183e-06
1.674320829161193827e-06
1.623299275351808995e-06
1.536826026781764838e-06
1.424983487784179333e-06
1.315782124027737916e-06
1.237313382916330664e-06
1.209395773433552579e-06
1.247015563576126509e-06
1.368961927847021512e-06
1.609780067311327844e-06
2.042723874168363403e-06
2.846533631070791522e-06
4.583752751092774963e-06
1.033531320648040131e-05
-1.026299956521209265e-04
-1.000834159362685347e-05
-5.762219917563706151e-06
-4.308743940486382915e-06
-3.581889441186241037e-06
-3.126709015375958377e-06
-2.788909923182523519e-06
-2.513314822062668916e-06
-2.286494149966786781e-06
-2.108850167394526782e-06
-1.978821786428904080e-06
-1.887181904914902216e-06
-1.818448297121437629e-06
-1.756962579840962860e-06
-1.695264055258489938e-06
-1.637259189112992773e-06
-1.592791096250756179e-06
-1.568889651887237121e-06
-1.564544743902122070e-06
-1.572320779097032554e-06
-1.586099421281065079e-06
-1.610182239920285526e-06
-1.663484478865368519e-06
-1.779018576244428801e-06
-2.006799056164450560e-06
-2.430266929613730897e-06
-3.210632570128894277e-06
-4.702306423195905981e-06
-7.817855154893523929e-06
-1.592037027130583090e-05
-7.365273542888076325e-05
3.322836649222086320e-05
1.268048669976667081e-05
7.251998193049289579e-06
4.879969827225374923e-06
3.666406700450136509e-06
2.995953926775353774e-06
2.609094345398021057e-06
2.382726757000171568e-06
2.253633309405353470e-06
2.183135715759702970e-06
2.138084171367060650e-06
2.087026611714682524e-06
2.011904128636728962e-06
1.918642133220802843e-06
1.828356032839081532e-06
1.759688336399994265e-06
1.720751286960904251e-06
1.709915842857300051e-06
1.717640766890492454e-06
1.729036960524356712e-06
1.730121714067207784e-06
1.716413260807197010e-06
1.696555999028689149e-06
1.686485943836437845e-06
1.700262123315411331e-06
1.744852058770162125e-06
1.819403994674571516e-06
1.916728643937477470e-06
2.026168953980084146e-06
2.139593227458870269e-06
2.261431938220159623e-06
2.420118619898244362e-06
2.679737623050911490e-06
3.164645514351458413e-06
4.153380109609875227e-06
6.494059632392562819e-06
1.464746739383342847e-05
-5.495067252041840921e-04
-2.241504287527036222e-05
-1.817393705916800267e-05
-2.728800980623914755e-05
-6.018458673315282620e-04
3.147092964039784676e-05
2.243964722084650697e-05
4.392821658521083597e-05
-2.662666848607878062e-05
-7.784371459674621377e-06
-4.311785735848315758e-06
-3.078643159289712812e-06
-2.590557997523278549e-06
-2.479208169116212714e-06
-2.650712500391678953e-06
-3.137970271893434799e-06
-4.118716469465876142e-06
-6.143636026685566403e-06
-1.149142124637316713e-05
-4.894594935227422898e-05
3.005956819602658030e-05
1.405880862024031289e-05
1.071666109132694521e-05
9.467040467672804724e-06
8.412771338026899385e-06
6.921238871989740194e-06
5.261631472796592531e-06
3.874126556485649811e-06
2.870196067745701005e-06
2.171162962436954829e-06
1.680997848639318346e-06
1.333481056424958884e-06
1.087619819468849438e-06
9.169540113789446536e-07
8.031229632856220071e-07
7.330874563023617959e-07
6.979510784788268970e-07
6.922490645619573526e-07
7.134927877992409298e-07
7.619121669664390166e-07
8.400480158684351478e-07
9.515517458424494380e-07
1.098133373231881576e-06
1.273918343487965450e-06
1.459255850763700456e-06
1.622068127820161251e-06
1.734806339035100531e-06
1.795191239468385362e-06
1.827248035005074283e-06
1.864044523087606821e-06
1.932550537580976053e-06
2.049279625496366926e-06
2.221197742535730630e-06
2.445668426405939445e-06
2.708849957541530255e-06
2.983333359181685472e-06
3.224336489362015848e-06
3.370074974556219635e-06
3.364864534215736385e-06
3.203169557984001659e-06
2.944073875882835864e-06
2.671525021334833592e-06
2.448532427582504914e-06
2.305574836297249045e-06
2.251470374591360562e-06
2.283269048784938416e-06
2.386011672770159300e-06
2.522856047115912152e-06
2.627608357049826479e-06
2.628194646530630086e-06
2.502488836848784105e-06
2.298202450538674063e-06
2.084877658832711943e-06
1.906980490518648303e-06
1.777135427728975161e-06
1.687499586225321481e-06
1.620974812001776150e-06
1.560813911808882065e-06
1.498075809768177696e-06
1.432556952081611379e-06
1.366992167556871289e-06
1.300520758028566608e-06
1.227739702220726130e-06
1.143787075866140294e-06
1.049482968564075786e-06
9.510449396517339842e-07
8.558252951891063393e-07
7.694252456505908509e-07
6.955478774323727121e-07
6.366358140525895998e-07
5.941840459300251294e-07
5.688854012737768779e-07
5.608648959473375594e-07
5.697994243787417382e-07
5.945990732805316108e-07
6.325796860481104024e-07
6.785489585446108217e-07
7.246319343596511675e-07
7.619491942533023489e-07
7.840135169757679128e-07
7.894808084268200796e-07
7.820618260426565886e-07
7.681012988906279853e-07
7.538309367904730385e-07
7.433324585075611430e-07
7.373591604594096040e-07
7.329718233481393031e-07
7.242354441721424221e-07
7.046442807712663826e-07
6.710024774451332825e-07
6.259530668328594603e-07
5.765059369297372908e-07
5.299303733522989602e-07
4.908064880137013447e-07
4.606956525012095579e-07
4.391886232160664433e-07
4.249590294974631247e-07
4.162774230090955871e-07
4.111134049685556457e-07
4.071806870775195830e-07
4.022811305149961867e-07
3.950059412104915863e-07
3.853630187897789664e-07
3.747250407846780096e-07
3.650162759278322234e-07
3.578463866032182829e-07
3.542071110699452765e-07
3.547930023511255439e-07
3.605093528699475927e-07
3.727057610999299649e-07
3.929981980212320586e-07
4.226478952797873473e-07
4.614651186499417091e-07
5.061723614628155470e-07
5.489254362807876040e-07
5.783835283579228853e-07
5.852809324919142814e-07
5.688997651489353516e-07
5.370192278039314397e-07
4.996027614701241541e-07
4.636482863744701182e-07
4.323170933417283345e-07
4.062364281393292200e-07
3.848493512219497736e-07
3.672654761735831299e-07
3.527068252692274207e-07
3.406260968106135214e-07
3.306180930555273998e-07
3.223221896661836739e-07
3.154533987591575409e-07
3.099535103665451103e-07
3.060902424355307237e-07
3.043724368069495622e-07
3.053545081883012597e-07
3.095019573296516346e-07
3.171566751120494603e-07
3.284871740869368853e-07
3.433509956235794323e-07
3.611325806885115190e-07
3.807043672324407433e-07
4.006371356492912556e-07
4.195609383324969013e-07
4.363647833372651307e-07
4.501540266675396616e-07
4.602436368659010874e-07
4.664176186703110160e-07
4.692852005849421010e-07
4.702618969681903951e-07
4.710792825329628148e-07
4.731964960150162234e-07
4.775254209846063157e-07
4.845407406418315469e-07
4.945610974122078543e-07
5.079883749879527756e-07
5.253864418183149589e-07
5.476596376674718905e-07
5.764943147831239156e-07
6.148673067709791503e-07
6.673192231844872796e-07
7.396011585622861433e-07
8.371722052110641757e-07
9.614650022004758848e-07
1.103016553275843985e-06
1.234906072755825105e-06
1.319689880769484297e-06
1.337397647395028995e-06
1.304829866207391261e-06
1.257661208351841116e-06
1.221791569948409567e-06
1.202216179999304097e-06
1.185186436391677593e-06
1.147569838774470063e-06
1.074527214964426082e-06
9.739592104839496941e-07
8.694283516803637807e-07
7.816040163320600174e-07
7.201359205994568220e-07
6.866228101517791646e-07
6.794098199583388458e-07
6.959429986942892888e-07
7.326973168285820231e-07
7.837679751139863845e-07
8.395633964077577092e-07
8.877679976672775753e-07
9.180678736456489333e-07
9.277003175874912664e-07
9.223122459976013081e-07
9.117474896110190669e-07
9.054574126252088274e-07
9.103360079357498599e-07
9.302744135845383355e-07
9.658362031820528597e-07
1.013540105047609200e-06
1.065519819856516123e-06
1.111166752205609770e-06
1.142056763821689729e-06
1.157549337642485147e-06
1.166926490876478731e-06
1.187796454361391831e-06
1.244548244610293161e-06
1.372911498578201429e-06
1.640812983707589309e-06
2.227226219674053535e-06
3.867097838891601906e-06
1.776241706010776972e-05
-7.269849708002667040e-06
-3.290631940853442573e-06
-2.340615444774887969e-06
-2.011348824533478916e-06
-1.962125017593549270e-06
-2.136981401608672597e-06
-2.612755674598809236e-06
-3.695827368291992171e-06
-6.637192253957402522e-06
-2.488981557189361802e-05
2.000243411606862640e-05
8.532907248593417840e-06
6.018026543416033000e-06
4.859756673829066846e-06
4.091071270166475710e-06
3.497181155692538889e-06
3.053026499653593831e-06
2.765888979141426552e-06
2.635682575548453857e-06
2.659805875110313929e-06
2.840537319327497784e-06
3.179829750805245588e-06
3.656208780264400397e-06
4.189691339658469772e-06
4.647390694783192163e-06
4.941072329624980618e-06
5.116005243502243401e-06
5.303274896668338747e-06
5.618593534700366151e-06
6.098543985828441345e-06
6.650594494992427894e-06
7.039480859271596271e-06
7.025263278746265973e-06
6.596451897931214221e-06
5.939133550811910268e-06
5.194939029100514893e-06
4.392599712468907169e-06
3.561124544873441926e-06
2.796862859675325724e-06
2.192471705900411199e-06
1.772423623089965062e-06
1.512487682389458253e-06
1.379186427653639933e-06
1.348882725640736833e-06
1.410182892553819841e-06
1.558012100547657630e-06
1.779062504273751918e-06
2.023542707772713640e-06
2.181575520772391271e-06
2.139972300520741611e-06
1.910177133119628473e-06
1.615747060012940415e-06
1.357734077762573374e-06
1.169472442935435625e-06
1.047686159695010673e-06
9.803721215893709786e-07
9.571449882037756345e-07
9.706943784133139796e-07
1.014534831941930093e-06
1.077929495082117766e-06
1.139335372899066635e-06
1.166481639552448404e-06
1.134768147510200864e-06
1.051040897685148637e-06
9.481302084377344186e-07
8.574799432544580456e-07
7.953607988662700508e-07
7.662548292896551088e-07
7.694331116479363020e-07
8.024812718223609700e-07
8.618520657763895835e-07
9.421426055300687890e-07
1.035929472510212707e-06
1.135302859023626558e-06
1.234611614227059457e-06
1.332641493059333616e-06
1.433045542208201240e-06
1.543038353084710057e-06
1.671174979922127246e-06
1.824814899859670073e-06
2.006658750339468215e-06
2.207852650679785489e-06
2.394868818821809051e-06
2.498819345913789610e-06
2.440758578455931448e-06
2.204653062377605622e-06
1.869430938030946606e-06
1.539457446379789293e-06
1.274050310970838211e-06
1.084783430233414756e-06
9.607796095203255788e-07
8.858909024609471673e-07
8.444403382067555725e-07
8.216151845963329212e-07
8.035816332418462178e-07
7.799351596625255569e-07
7.473614728607915510e-07
7.099492699359617417e-07
6.748406813496331333e-07
6.475454299096252810e-07
6.302721274197619254e-07
6.227147757004741242e-07
6.237077300397679211e-07
6.326094076857305749e-07
6.496514615128349363e-07
6.752410061459502352e-07
7.086260792551389538e-07
7.465487049775032670e-07
7.826801264472355651e-07
8.090442250793858574e-07
8.198425875656504835e-07
8.152245377388327573e-07
8.009924670149152212e-07
7.840553796458539009e-07
7.680969150013286060e-07
7.524808951852950643e-07
7.339874895014002204e-07
7.098916475579655417e-07
6.803810992343956404e-07
6.486630663853612302e-07
6.191134486368812179e-07
5.952229015942063119e-07
5.785589794025869407e-07
5.688280345437224206e-07
5.644941527684596508e-07
5.635179902090208587e-07
5.640781605149362119e-07
5.650758995739675523e-07
5.662141050130901538e-07
5.677029036586939309e-07
5.698455167268260257e-07
5.726964491486357230e-07
5.758047621161325286e-07
5.781207966511062528e-07
5.781992901572020040e-07
5.748332891941705894e-07
5.679360445257557707e-07
5.589843538997184573e-07
5.505028035017190713e-07
5.448761762870571808e-07
5.433217049313006664e-07
5.456045438390497453e-07
5.506614545136677941e-07
5.577801977448633392e-07
5.675996418367559446e-07
5.822334281073824304e-07
6.045533040172971719e-07
6.374648782750223916e-07
6.839164098820516674e-07
7.474878591643412738e-07
8.331426466406794400e-07
9.483789510321999368e-07
1.105903906677469926e-06
1.329100114335631617e-06
1.660166625371205792e-06
2.166489726901054305e-06
2.916751618619488778e-06
3.827284322548902190e-06
4.388627656573958159e-06
4.106328481538553130e-06
3.348768645269818213e-06
2.641522532826093477e-06
2.121606740520244285e-06
1.750596268798849512e-06
1.475841770504892650e-06
1.265197933273683115e-06
1.103539212544007169e-06
9.843621935600232667e-07
9.043532604384733170e-07
8.612855695062131196e-07
8.538209410981500790e-07
8.816112479444701001e-07
9.447639706734197795e-07
1.041848340401717381e-06
1.166040634729969766e-06
1.300923561143453849e-06
1.420297453698322501e-06
1.495795378983211602e-06
1.508929012482808848e-06
1.458649889967379729e-06
1.359101530453964216e-06
1.231758816767666284e-06
1.098029152527339618e-06
9.743142191421852258e-07
8.702099079196674932e-07
7.894028390345535871e-07
7.318390258548213400e-07
6.956248437956961562e-07
6.780992028909953147e-07
6.761254257549584352e-07
6.859721146587555620e-07
7.033137532139360887e-07
7.236323798128040043e-07
7.430445712393905952e-07
7.590507599946757245e-07
7.705826459289649833e-07
7.774447361204609292e-07
7.799572618711600665e-07
7.791282786564363095e-07
7.765249868685008937e-07
7.735154675529152369e-07
7.707687483488388962e-07
7.686740624336803178e-07
7.684274334655050731e-07
7.729272116582366828e-07
7.867512012522696419e-07
8.154869294120725116e-07
8.651840872697806006e-07
9.423391229424055725e-07
1.054275383950198988e-06
1.209356371289405366e-06
1.415575955748856924e-06
1.674547696970142651e-06
1.968647126601510859e-06
2.247932357835679383e-06
2.440469426015762460e-06
2.498112322726012558e-06
2.432628611509226397e-06
2.298791461519778551e-06
2.154135644884860981e-06
2.038058906859069949e-06
1.971940510309735714e-06
1.967124985611174167e-06
2.033096783686651855e-06
2.182474374381528487e-06
2.430460012746270395e-06
2.780659048907015592e-06
3.180037704137292628e-06
3.459873118299265428e-06
3.410481953616388279e-06
3.034667033607564119e-06
2.552259680874433156e-06
2.137210002112934604e-06
1.835777039318262780e-06
1.630319951977427036e-06
1.488270093158404100e-06
1.379131995422139383e-06
1.279927379896792872e-06
1.178926969371792776e-06
1.076428508579814009e-06
9.799548749942175566e-07
8.970136423549759303e-07
8.305881096705719473e-07
7.787291312128536191e-07
7.365709931127594475e-07
6.992729913255989203e-07
6.646287742617168117e-07
6.338286336204798733e-07
6.099733646143447668e-07
5.961210162442322094e-07
5.944994305065072067e-07
6.068262307753406320e-07
6.350372556696030459e-07
6.818719209134984386e-07
7.511727759000723804e-07
8.479646574627020009e-07
9.785735058688374441e-07
1.151470201522156122e-06
1.380232751272960647e-06
1.692169375067601965e-06
2.154150181051423024e-06
2.962120278273058494e-06
4.900730853362621099e-06
1.664038363004936516e-05
-1.097397613908122901e-05
-4.179867531192726733e-06
-2.709465739544615904e-06
-2.150611972238684162e-06
-1.939834068271613780e-06
-1.935676271462912352e-06
-2.117353749787680592e-06
-2.549219072475469903e-06
-3.468433295197874815e-06
-5.863833189214525162e-06
-2.213543130385808378e-05
1.161760206194080131e-05
4.443419259139060124e-06
2.667806188685931622e-06
1.861818559596308858e-06
1.408326819846438238e-06
1.126910254981233769e-06
9.452317713227884998e-07
8.288801571545832301e-07
7.600565332958215067e-07
7.293948192815406287e-07
7.320974342302925422e-07
7.652885174876108871e-07
8.250158298472128052e-07
9.023535223137749855e-07
9.806357110671337446e-07
1.039212795749937429e-06
1.065164072846324501e-06
1.061737887265620044e-06
1.043085989773166712e-06
1.022737925553030778e-06
1.007461505722100779e-06
9.977743150774398840e-07
9.914440137571013826e-07
9.872183643761393431e-07
9.870512514231299348e-07
9.959561487099538291e-07
1.020261665618187048e-06
1.066052333772690599e-06
1.138270120301406086e-06
1.239710461514752834e-06
1.368723691556252028e-06
1.515349623810391396e-06
1.657946117209828844e-06
1.765933410220251403e-06
1.812422810860441216e-06
1.789385220612244450e-06
1.712181656901088944e-06
1.609246996214103243e-06
1.506941011757242936e-06
1.420818586238153576e-06
1.355277782522950357e-06
1.307074483067665889e-06
1.269169428437401162e-06
1.233977820650253610e-06
1.196101258905599539e-06
1.154027358914823551e-06
1.109603199343014033e-06
1.065268805069185666e-06
1.021695374376319425e-06
9.779724758052720986e-07
9.334254693906298796e-07
8.888335002644931742e-07
8.458241200218285181e-07
8.057504928041369324e-07
7.694968295007060965e-07
7.378685358467613229e-07
7.119169808741433899e-07
6.932013147104159449e-07
6.839736298069488980e-07
6.872393473178959834e-07
7.064461343367818696e-07
7.447063132225406175e-07
8.035696702292984982e-07
8.808909032122025472e-07
9.678405856956607687e-07
1.047124945363281910e-06
1.097247801270667180e-06
1.104862656912841751e-06
1.075181518307020827e-06
1.027714418852726830e-06
9.829082960781512477e-07
9.538544062623926783e-07
9.453939224352503780e-07
9.560441008701589848e-07
9.801395773131127581e-07
1.010172724962449478e-06
1.039180773281571715e-06
1.061962149954026736e-06
1.074802074164960059e-06
1.075084014546026573e-06
1.061598155839728037e-06
1.034191986809904664e-06
9.924992056108494581e-07
9.357913341437263626e-07
8.648294433409288953e-07
7.837717066783540428e-07
6.998560306989366677e-07
6.208128302883145640e-07
5.522281919832340103e-07
4.967544838969959343e-07
4.548992841433653825e-07
4.260876532036438551e-07
4.093999399814831656e-07
4.038917516339572544e-07
4.085860777777902717e-07
4.222792049318931196e-07
4.432154419462929799e-07
4.687132678999626717e-07
4.949779468288889354e-07
5.175449609288805303e-07
5.326434196960067064e-07
5.388585644041449108e-07
5.377414832271285786e-07
5.328523954151905792e-07
5.281930253985875346e-07
5.270368680743365716e-07
5.313224779436840730e-07
5.413534724719512025e-07
5.555837231688228331e-07
5.706792886092844939e-07
5.822904076094052147e-07
5.867676285490043295e-07
5.832123611218408528e-07
5.743327247110970399e-07
5.651801124564664442e-07
5.607618744523165155e-07
5.642805627319392170e-07
5.766859128457144924e-07
5.971868323681644176e-07
6.241858083506133735e-07
6.561431793240203725e-07
6.918764840467621774e-07
7.300991681378913050e-07
7.685766122195814424e-07
8.036315207346308398e-07
8.306712136659364750e-07
8.458527041595799308e-07
8.480911362000446289e-07
8.398292745398530446e-07
8.259381783883710693e-07
8.118623194925186494e-07
8.022115693168034070e-07
7.999186321192441265e-07
8.056380004749067607e-07
8.173151488609580540e-07
8.301812144194400710e-07
8.379178811630282372e-07
8.351865051317996275e-07
8.202972695078812195e-07
7.961210535961486896e-07
7.687186626226660768e-07
7.449145662279020074e-07
7.304279487965704078e-07
7.289911070124434008e-07
7.418943428644576416e-07
7.672084533026274009e-07
7.984157627776527475e-07
8.240160828555577694e-07
8.309001536577872395e-07
8.118319078745903370e-07
7.706150791146958223e-07
7.185571718700042211e-07
6.666898127759668855e-07
6.216547531009950149e-07
5.861535468919563353e-07
5.606156343639662901e-07
5.442255199936623388e-07
5.352498939451212824e-07
5.311305461908308460e-07
5.289313118979369836e-07
5.263120387311077935e-07
5.225414741972479992e-07
5.187632208812257634e-07
5.173347590292358641e-07
5.209082789249089687e-07
5.319575531214832894e-07
5.529052575626462337e-07
5.865692116779547294e-07
6.366537170671804167e-07
7.080851447153705135e-07
8.069762785725576268e-07
9.397406395767229339e-07
1.110238427084141426e-06
1.313991218834973898e-06
1.530830977314251395e-06
1.723363106374947061e-06
1.851105796266096254e-06
1.894116528567404529e-06
1.861124232022649321e-06
1.774552563659582119e-06
1.653558727493881015e-06
1.511478627721362826e-06
1.361967458657857617e-06
1.220761959638467594e-06
1.101236916943116781e-06
1.010162894909478708e-06
9.473923053799423050e-07
9.080622770596277257e-07
8.847819513661809678e-07
8.691994099528654272e-07
8.539692772469091918e-07
8.352932471328761065e-07
8.146765366671924149e-07
7.981682901560737587e-07
7.935308047371884878e-07
8.078706377414191901e-07
8.472669737671115445e-07
9.178939795470079516e-07
1.027422483352547003e-06
1.185372838513228331e-06
1.399896335671502179e-06
1.665551613971283267e-06
1.936117256303287665e-06
2.104995586361797886e-06
2.066946770994016138e-06
1.839201504710937472e-06
1.543095222013986763e-06
1.276124569687563138e-06
1.070219498547000473e-06
9.213257351000965757e-07
8.161655184766136631e-07
7.426701114674672113e-07
6.922216170003382605e-07
6.591878638595970852e-07
6.398476074959284769e-07
6.313784242496184724e-07
6.310196943938635941e-07
6.353770836666414744e-07
6.400813852003024798e-07
6.403531693334754893e-07
6.328645986462945234e-07
6.178937175344421280e-07
5.995991851426237822e-07
5.838395669332725276e-07
5.754945765042911797e-07
5.771091736202881319e-07
5.889037355832624227e-07
6.093789872232255270e-07
6.360845670442297961e-07
6.664324485977038812e-07
6.983296115114277985e-07
7.303976715106861672e-07
7.617483694582019051e-07
7.915541058075369976e-07
8.188418581156976155e-07
8.428257204121919833e-07
8.637080739703208633e-07
8.831083792354557511e-07
9.031618788232414646e-07
9.241890891608883993e-07
9.423263051117934051e-07
9.494713149074783763e-07
9.372568180781790908e-07
9.032388967616780185e-07
8.536533036949564285e-07
7.994281301128283870e-07
7.495618207385615715e-07
7.076949959692055586e-07
6.726381619820445655e-07
6.408624176983121883e-07
6.092405821908126621e-07
5.766347138747081004e-07
5.436838477476069897e-07
5.116901880129306909e-07
4.817492950897288135e-07
4.545220043045714880e-07
4.303448656164592961e-07
4.093070675456707000e-07
3.912895086393609766e-07
3.759798707714202358e-07
3.629167275961172331e-07
3.516258714537272107e-07
3.417780425822715428e-07
3.333158919030248889e-07
3.264814685616993911e-07
3.217156788947024166e-07
3.194994976825809156e-07
3.202170280013162465e-07
3.240931688031917293e-07
3.311914416290218363e-07
3.413994571358972931e-07
3.543737273497728155e-07
3.694957716935598732e-07
3.859252102097905302e-07
4.027573689776202511e-07
4.192347970038000146e-07
4.349469273135700984e-07
4.499196054022040043e-07
4.645956264481366309e-07
4.796237069872648098e-07
4.954118505531001809e-07
5.116550653006483713e-07
5.271905270141158607e-07
5.405977502732617765e-07
0.000000000000000000e+00
2.504384356973924526e-07
1.274643154212127957e-07
8.564877376201996797e-08
6.827633429186953034e-08
5.959506376378555874e-08
5.378330725396263396e-08
4.923150166109698974e-08
4.580352618840429985e-08
4.350360253233793552e-08
4.229694247808003276e-08
4.247902565343110396e-08
4.309357650713645205e-08
4.258438730001374317e-08
4.156821228621112938e-08
4.095780383335081938e-08
4.087015500931560992e-08
4.077265043052183793e-08
3.976001408217885647e-08
3.788817380191535392e-08
3.626100536823699370e-08
3.509459056002485192e-08
3.347460139106755679e-08
3.199535731712225425e-08
3.103339693969784663e-08
3.012525482063857509e-08
2.928194669709702781e-08
2.800600056768915693e-08
2.655873619893060940e-08
2.556603434329920404e-08
2.485139086415861728e-08
2.403536685448109394e-08
2.335849282661997049e-08
2.280985618047835979e-08
2.218777486780022707e-08
2.152366393900475394e-08
2.091072435117928005e-08
2.035190144490452281e-08
1.987763592434281945e-08
1.953350696959494148e-08
1.918490640900364856e-08
1.870592347190946519e-08
1.815417757747720732e-08
1.778242382750216663e-08
1.739254107497059986e-08
1.689472579723800954e-08
1.641262124912876242e-08
1.590833666049243355e-08
1.542358657776037267e-08
1.491586785689845578e-08
1.453179845515479284e-08
1.426713745075644636e-08
1.404534149283292737e-08
1.390556550737944968e-08
1.379790575189170856e-08
1.366462064492918692e-08
1.339827236743458360e-08
1.298555075291496745e-08
1.252538996250561334e-08
1.212131491985762793e-08
1.178286191686804507e-08
1.152730002077309683e-08
1.131909886404535431e-08
1.108728634469997397e-08
1.087502364507610305e-08
1.071481783851871589e-08
1.059608374655612992e-08
1.050433545145485471e-08
1.040156613343968791e-08
1.027225012276498281e-08
1.016263807786942645e-08
1.010527745956146020e-08
1.003031946959786374e-08
9.957045648092973065e-09
9.960152430217792984e-09
9.989906462798811343e-09
1.000002980484247887e-08
9.957653031875253493e-09
9.820069404489777752e-09
9.627720346712717688e-09
9.451683888740403626e-09
9.275154790413688125e-09
9.100529457855374904e-09
8.944595954798919197e-09
8.774889915867045150e-09
8.615551086358896721e-09
8.497682600793419200e-09
8.393055387903471763e-09
8.319741813543676128e-09
8.252440349793083043e-09
8.181615010911261478e-09
8.119987338353253322e-09
8.026506248183466986e-09
7.926147361336650044e-09
7.821526053268826660e-09
7.716373779237850451e-09
7.618017668536688013e-09
7.532469485800844242e-09
7.462102523539085804e-09
7.409265134484359528e-09
7.383742898482815178e-09
7.342799026591056282e-09
7.297856842768630018e-09
7.275200700791022975e-09
7.273376287601972156e-09
7.296186269248309482e-09
7.301372240472626225e-09
7.277319967761568532e-09
7.238831526800256015e-09
7.204400613183236346e-09
7.173618609030530363e-09
7.118905707015190202e-09
7.038702807753214924e-09
6.945867276430259885e-09
6.845903713154001925e-09
6.752736607489675983e-09
6.681129102892836912e-09
6.618562493710906009e-09
6.540954765297243909e-09
6.454637071813558267e-09
6.378660789900029410e-09
6.306168686363741020e-09
6.251527722126633376e-09
6.200713284265395205e-09
6.144604133881751459e-09
6.095580057728935525e-09
6.055866028939235568e-09
6.014105516405894785e-09
5.963727917495395002e-09
5.908456910309124604e-09
5.836035318169244451e-09
5.754445575861545782e-09
5.668288143668159788e-09
5.582477267473497151e-09
5.501520114934374011e-09
5.434624900932897507e-09
5.388191331123286572e-09
5.352035817792640462e-09
5.317879536549764175e-09
5.293354183331463853e-09
5.294112652391978494e-09
5.295521148891957950e-09
5.282302615985702347e-09
5.272028448570157890e-09
5.262157765157827534e-09
5.247452092242819285e-09
5.238539369192200097e-09
5.233724263858704448e-09
5.220255037457725067e-09
5.200268597390740485e-09
5.184882189076742797e-09
5.170964492308317026e-09
5.150157826182002277e-09
5.122896079670177522e-09
5.096726621948171927e-09
5.073551833935314457e-09
5.047786161391138555e-09
5.014546588350803821e-09
4.973900559709258392e-09
4.938644972656339401e-09
4.921173295835826895e-09
4.916114087291522108e-09
4.919382389617084571e-09
4.921156542781830202e-09
4.911246934296178143e-09
4.898319889791645428e-09
4.880785236398299636e-09
4.856486947699668110e-09
4.829818501607148354e-09
4.798757342540887312e-09
4.763954909973042213e-09
4.727396967113911812e-09
4.682671739584012750e-09
4.623568037377036277e-09
4.569906312808854200e-09
4.534269878587250560e-09
4.501404933041542726e-09
4.475641367419886530e-09
4.459084135908912867e-09
4.442595853273529910e-09
4.421565299394892789e-09
4.393445811256876653e-09
4.358624601009516663e-09
4.324325417596270593e-09
4.290902297244477382e-09
4.258061150125407645e-09
4.243170608045429255e-09
4.232164437584831882e-09
4.213510042798413258e-09
4.198214323311974029e-09
4.183663917462101204e-09
4.168118307649960849e-09
4.151862347626736618e-09
4.138754182480600104e-09
4.117281807727178238e-09
4.090529527221476451e-09
4.068695685679808389e-09
4.053028165041508344e-09
4.041529950503709758e-09
4.032964600720752160e-09
4.032985500605908103e-09
4.036564785225747187e-09
4.037210580326110640e-09
4.035321559989532029e-09
4.031668682652400035e-09
4.023053233919214617e-09
4.012302292025629203e-09
4.000843015326362353e-09
3.987029747915444427e-09
3.969946422652195922e-09
3.951993296488891203e-09
3.938125604270057458e-09
3.932464688634303602e-09
3.927845500071637201e-09
3.916188067173453726e-09
3.897523449310820269e-09
3.868847596613486170e-09
3.830870114274076450e-09
3.792231103092450478e-09
3.756035325460269707e-09
3.720690530661202257e-09
3.688244383475338282e-09
3.656674515183564096e-09
3.625803828508156533e-09
3.602471159900969593e-09
3.585413735879143809e-09
3.574741086317811810e-09
3.570852104598139216e-09
3.570940198377470895e-09
3.571491979044128457e-09
3.566786223279165591e-09
3.563495928616562981e-09
3.557923756138279861e-09
3.545498733822271472e-09
3.528158320754050719e-09
3.507072917166443748e-09
3.492365794048060276e-09
3.484258855318321111e-09
3.479670253746210332e-09
3.470659884441032175e-09
3.456600089738453786e-09
3.443300942622860620e-09
3.428713083740841097e-09
3.414170371666348936e-09
3.398783532040403037e-09
3.383164305851697601e-09
3.365353829786484487e-09
3.345240064027390386e-09
3.324690726145604045e-09
3.304578105559315039e-09
3.286808296810547918e-09
3.274481737360438070e-09
3.263132427436919609e-09
3.252049232900713376e-09
3.244755480287594980e-09
3.236018528669495314e-09
3.225679495639736828e-09
3.216352488668778216e-09
3.208175976744268250e-09
3.200837712957610560e-09
3.191931332593250190e-09
3.182210935531212539e-09
3.173801053539816720e-09
3.163186442503916634e-09
3.148546553594116704e-09
3.129085232313759465e-09
3.107442077098085735e-09
3.086866133673771356e-09
3.067233359900926553e-09
3.048767859337012246e-09
3.033155278817080400e-09
3.019405134847120437e-09
3.007329427367160148e-09
3.000798383037248017e-09
2.999741017645963730e-09
3.000091790457877183e-09
3.003511302823067034e-09
3.007246517440495706e-09
3.010434571506735753e-09
3.016110303170945523e-09
3.014226867353454404e-09
3.006448813929696415e-09
2.996506176163127658e-09
2.979920504952764119e-09
2.960521178805911342e-09
2.937579555117872706e-09
2.913333398754645423e-09
2.892129895510707998e-09
2.873076405220693628e-09
2.858188187948389042e-09
2.850649856986337911e-09
2.846744667465081391e-09
2.844748017653322924e-09
2.845996309317378503e-09
2.845604219132347464e-09
2.845143121180669011e-09
2.843071231111559605e-09
2.837611796937775967e-09
2.833297891189109805e-09
2.827271987346093443e-09
2.821563865851106891e-09
2.820153436926577809e-09
2.819893774607539436e-09
2.818773627639734024e-09
2.814029953465788369e-09
2.805247267791448076e-09
2.792165194158713564e-09
2.773473660015311637e-09
2.753012389186034306e-09
2.735130218637505310e-09
2.717210564120916185e-09
2.697616962854571900e-09
2.678234954216042482e-09
2.658349002583564763e-09
2.638530278090649177e-09
2.619833725437588458e-09
2.601801910934640762e-09
2.584864642052449025e-09
2.569399358728995507e-09
2.556139060539698721e-09
2.545814572232298887e-09
2.538351906450531240e-09
2.533621108374404360e-09
2.531961854038316618e-09
2.532987916744154860e-09
2.533800901985481578e-09
2.533380910327737555e-09
2.532321312428191627e-09
2.529187343421053753e-09
2.522722845125161844e-09
2.513166870732821879e-09
2.501938536585740735e-09
2.490735690597893234e-09
2.477787428924624165e-09
2.463004027618913289e-09
2.448321089771096558e-09
2.434681767589012055e-09
2.421544159636308762e-09
2.410162260262621589e-09
2.400874770053227576e-09
2.394815080738640659e-09
2.390900347449441307e-09
2.388539817459974972e-09
2.386324183040651923e-09
2.383007907397622398e-09
2.382730447650908225e-09
2.381008050403151318e-09
2.378238721726095915e-09
2.377785835474878260e-09
2.377296732268134370e-09
2.376469651776514767e-09
2.374093028705596833e-09
2.370616312138394368e-09
2.367807550813149520e-09
2.362982946001283344e-09
2.357164629691182771e-09
2.349653203194200777e-09
2.340066460402283693e-09
2.331691426256727935e-09
2.326448134304315080e-09
2.321001411702806322e-09
2.311794522173249772e-09
2.300834679856597454e-09
2.288912857063348797e-09
2.275517435454509551e-09
2.262543066921178083e-09
2.251421016148880396e-09
2.240529948048229605e-09
2.229417078558514698e-09
2.218854536466396097e-09
2.210338805922823776e-09
2.202995863976148126e-09
2.197199727616583764e-09
2.194114201426186017e-09
2.191780998401526367e-09
2.188518786015648827e-09
2.183856439341277828e-09
2.177592435242121054e-09
2.170524947843066575e-09
2.162262703994135854e-09
2.152661375420801990e-09
2.143371977679932031e-09
2.134372102866987520e-09
2.125020239886331325e-09
2.115741181967807525e-09
2.108868733988508480e-09
2.103128754452004312e-09
2.095591787420897700e-09
2.087909116595278989e-09
2.082438791252271091e-09
2.079877303229542680e-09
2.078026249293833587e-09
2.078023824278596148e-09
2.079968624317171690e-09
2.082226406365389573e-09
2.085177578016308812e-09
2.087338962740586961e-09
2.088115519002486274e-09
2.087559939828141148e-09
2.085976283460024786e-09
2.082862367113963113e-09
2.078127026817325754e-09
2.071307683901982135e-09
2.061986541412815929e-09
2.051530247346057928e-09
2.041233394122427047e-09
2.031408040114811919e-09
2.022191360960100557e-09
2.013944108913334156e-09
2.008225306435809638e-09
2.004263560379927366e-09
2.000528864404371775e-09
1.997758375438846028e-09
1.993799383411369371e-09
1.988348307925706251e-09
1.983795203478026298e-09
1.980194651775911898e-09
1.977203346558921196e-09
1.974649109473966448e-09
1.971126666151334835e-09
1.967140597376157121e-09
1.963448008510395683e-09
1.957664561961962900e-09
1.950311068658491789e-09
1.942798984947496239e-09
1.935181001197503416e-09
1.926956312338651386e-09
1.918195174311010627e-09
1.909647231080379133e-09
1.901718433432799708e-09
1.896444561098697028e-09
1.892105152006881716e-09
1.887353458998470196e-09
1.883866576178455447e-09
1.881536196903920174e-09
1.880912679810641625e-09
1.882765487621204823e-09
1.883630290291242319e-09
1.882746785844177505e-09
1.882133703027313056e-09
1.880316285181888198e-09
1.876675850757118515e-09
1.873020928478706097e-09
1.869982210420520332e-09
1.866331417751193517e-09
1.862340661042394857e-09
1.858304207390972488e-09
1.854096668286711143e-09
1.848908388617763455e-09
1.843783031648987726e-09
1.839725740776449896e-09
1.835262869235834103e-09
1.830035018803662499e-09
1.824534627989907326e-09
1.819252202329953522e-09
1.814292097006174657e-09
1.810081854093327445e-09
1.806709096961844587e-09
1.804291820090694794e-09
1.803298091919195442e-09
1.803106999941274588e-09
1.803894226887434836e-09
1.805193337935967276e-09
1.804534110039218369e-09
1.802112081788029534e-09
1.800039967801968104e-09
1.797747650501393870e-09
1.794817159730509702e-09
1.792047799778542607e-09
1.788520088348184972e-09
1.784328858334247741e-09
1.780777379029070947e-09
1.775803712496822338e-09
1.769395091045655718e-09
1.763958451303852849e-09
1.760085323449063263e-09
1.756652045372291700e-09
1.753079550216978543e-09
1.750458585998714685e-09
1.748503842934760355e-09
1.747933274542725449e-09
1.748647921883694975e-09
1.749776396615919142e-09
1.750743478649360975e-09
1.751258620286856583e-09
1.751740054592505734e-09
1.752671366626034516e-09
1.753061167039966835e-09
1.752885861143658981e-09
1.751630000770745883e-09
1.747764602837925976e-09
1.742916702215180165e-09
1.737959611232449671e-09
1.733850538214033813e-09
1.730545399820170487e-09
1.726713496842581917e-09
1.722215483798773818e-09
1.716797794257084593e-09
1.709818265684422288e-09
1.702964826350255684e-09
1.697061782583341300e-09
1.691362803674098779e-09
1.685497069075695353e-09
1.679797802720129524e-09
1.675640610715232722e-09
1.672704790292043209e-09
1.669878231696125989e-09
1.667156954160550894e-09
1.664646987534712124e-09
1.662473946872317366e-09
1.660922240813037002e-09
1.660251456458890483e-09
1.659998406035882297e-09
1.659218128985571472e-09
1.657883258024374555e-09
1.656666915001981549e-09
1.656079718800959647e-09
1.655725893683627920e-09
1.654959641403826922e-09
1.653452494203580954e-09
1.652038176742328835e-09
1.650918925277243428e-09
1.649114450382162072e-09
1.647197230758370068e-09
1.645639953769769453e-09
1.643890986797186924e-09
1.642358321927979611e-09
1.639974102526787726e-09
1.636814772706709713e-09
1.634887278921295692e-09
1.633568939817387481e-09
1.631345678702975366e-09
1.628774961543726563e-09
1.626368243843892856e-09
1.624039353949448806e-09
1.621642590085732674e-09
1.619344235252867934e-09
1.617437342821800194e-09
1.615862534447918838e-09
1.614591100509140672e-09
1.613412724190896546e-09
1.611833372783834294e-09
1.609836480653859319e-09
1.608300688256105874e-09
1.606687863144198440e-09
1.604432750305651569e-09
1.601862746884948589e-09
1.599195786843425100e-09
1.596646304375603793e-09
1.593789001343741697e-09
1.591249107394581896e-09
1.589190393649827178e-09
1.587376731885990682e-09
1.586039532743526078e-09
1.584957009578914189e-09
1.583770516369302296e-09
1.581626020089121990e-09
1.578255003415301100e-09
1.574102163146403433e-09
1.570219508435363956e-09
1.567100383695573040e-09
1.564920135866025108e-09
1.563075005266817988e-09
1.560773393978006261e-09
1.558665635019806064e-09
1.556852949765747377e-09
1.555145989632458502e-09
1.553484645496692601e-09
1.551401068324297359e-09
1.549124905310789700e-09
1.547179251097859954e-09
1.545769160329974040e-09
1.544374190881365869e-09
1.542766313495959477e-09
1.542085173867851657e-09
1.541899407643993034e-09
1.541471413464710648e-09
1.540467520341063184e-09
1.538297535299273772e-09
1.535691487983870215e-09
1.533098161014781952e-09
1.530160853357658331e-09
1.527507153734226176e-09
1.525303074463454511e-09
1.522767032197582220e-09
1.520094690211150545e-09
1.517987162787605087e-09
1.516077748988951930e-09
1.514347169003113002e-09
1.512552466347527504e-09
1.510692790901613118e-09
1.508845280862137349e-09
1.506497203719076263e-09
1.504296931512775242e-09
1.501934428997162920e-09
1.499423297517749057e-09
1.496902625579912836e-09
1.494540468414114560e-09
1.492659073491821863e-09
1.490794708690128347e-09
1.488943347877687464e-09
1.487153238605070261e-09
1.485554001312016747e-09
1.484631255965551155e-09
1.484167160302840561e-09
1.484122923990342249e-09
1.483624962657720203e-09
1.482285909073672315e-09
1.480694508483002054e-09
1.479200718360211962e-09
1.478129051857336303e-09
1.476882278880300400e-09
1.474958005058095114e-09
1.472670736795474215e-09
1.470171350841628684e-09
1.467917197035459721e-09
1.466204169365226694e-09
1.464359397138122287e-09
1.461923077655605662e-09
1.459181755380434820e-09
1.456771149473381336e-09
1.454436948674990304e-09
1.452594766178871623e-09
1.450983797829729390e-09
1.449402933841335984e-09
1.447993615231807601e-09
1.446757640235984401e-09
1.445402315305187528e-09
1.443681144517068544e-09
1.441519746590794880e-09
1.438428720415622121e-09
1.435077390303782831e-09
1.431658162013883976e-09
1.427987073237447941e-09
1.424436031909237483e-09
1.421485502960091912e-09
1.419132496791256193e-09
1.417192875677039504e-09
1.415428420894722530e-09
1.414062791761427343e-09
1.413742341098871395e-09
1.413732467886194620e-09
1.413170346136164188e-09
1.412542227404443694e-09
1.411796310863163308e-09
1.410767142371170051e-09
1.409771698194355616e-09
1.408934659455558913e-09
1.408105855044419653e-09
1.406958228774215157e-09
1.406033927774763678e-09
1.405564297794120216e-09
1.404842356784433853e-09
1.403865095605036089e-09
1.403205561297799881e-09
1.402474810654014218e-09
1.401167844195487287e-09
1.399332500606017266e-09
1.397285022322112685e-09
1.395406591665777922e-09
1.393840125347499046e-09
1.392705645220423346e-09
1.391999144592081638e-09
1.391025898315704803e-09
1.389567824021327379e-09
1.388201398049972635e-09
1.386796585196408655e-09
1.385208542379569831e-09
1.383779832736422882e-09
1.382044153395413662e-09
1.380172032969328123e-09
1.378470446097671273e-09
1.376420065422842393e-09
1.373784407451552264e-09
1.371474441141694482e-09
1.369947764098543408e-09
1.368549685191020340e-09
1.367514887807950939e-09
1.366574740344859443e-09
1.365507953715221896e-09
1.364254915428889419e-09
1.362568444192501717e-09
1.360324097655560430e-09
1.357929849744734997e-09
1.355502898051527695e-09
1.353296267117055742e-09
1.352123853138233564e-09
1.351063630617747296e-09
1.349749578791093327e-09
1.348818169427757917e-09
1.348338844809823156e-09
1.347882217700022101e-09
1.347075371041271207e-09
1.346162636301863671e-09
1.344611268759654297e-09
1.342765963040462298e-09
1.341333893971851970e-09
1.340393797891029959e-09
1.339482899528570231e-09
1.338680562426593249e-09
1.338337615516970281e-09
1.338034766888218222e-09
1.337637632424532688e-09
1.337117588210024424e-09
1.336426712786391944e-09
1.335639243579863029e-09
1.334871600170030755e-09
1.333875635441616058e-09
1.332751751162562557e-09
1.331821072809330217e-09
1.330939379559129159e-09
1.330015054566757040e-09
1.329349562171585340e-09
1.328551913318145854e-09
1.327226421951045426e-09
1.325418290008567722e-09
1.323137188707253122e-09
1.320315815748007140e-09
1.317184731851478958e-09
1.314052570580262545e-09
1.310880068584309361e-09
1.307982065500011306e-09
1.305163337239888608e-09
1.302268658237819213e-09
1.299909640248714558e-09
1.298107138910806264e-09
1.296924517422004951e-09
1.296301938495425383e-09
1.295809180350621350e-09
1.295201775848544394e-09
1.294359897025210192e-09
1.293770728280241788e-09
1.293096967555615692e-09
1.291759081605405089e-09
1.289980756364264102e-09
1.288005523566046841e-09
1.286577796220557848e-09
1.285622110333810642e-09
1.284916730675457135e-09
1.284124671404997111e-09
1.282909346069316382e-09
1.281627133742889995e-09
1.280338017442543884e-09
1.279090431791549365e-09
1.277765821507566667e-09
1.276579929219108672e-09
1.275247208400982013e-09
1.273502729056822773e-09
1.271583344351414484e-09
1.269657927628931255e-09
1.268035306461589027e-09
1.266752421501959009e-09
1.265343764250469330e-09
1.264115698455048350e-09
1.263096954535111150e-09
1.261833729018257634e-09
1.260480822624180146e-09
1.259005842244184693e-09
1.257543207870230585e-09
1.256422692196552349e-09
1.255384310204408355e-09
1.254353076343913583e-09
1.253712234147147977e-09
1.252964300065155268e-09
1.251650582586029859e-09
1.250012394190469898e-09
1.248231172813011081e-09
1.246317761578847124e-09
1.244325797023476891e-09
1.242487770667184764e-09
1.241047207352391263e-09
1.239734996029567346e-09
1.238351964337713846e-09
1.237391353537887690e-09
1.236941084561199137e-09
1.236714546396912679e-09
1.236768843868734130e-09
1.236631955519081086e-09
1.236335210502615471e-09
1.236367509364400015e-09
1.235904571598944189e-09
1.234856155422323419e-09
1.233515803544641600e-09
1.231719991786029270e-09
1.229698543374266291e-09
1.227075597518579044e-09
1.224349007967628971e-09
1.222032946265984579e-09
1.220062082530853780e-09
1.218448032724559621e-09
1.217310079626764478e-09
1.216578232234178361e-09
1.216031867994618524e-09
1.215816125329167685e-09
1.215638054641456364e-09
1.215437103239123886e-09
1.214899805052181937e-09
1.214191254198261011e-09
1.213635749512540861e-09
1.213003320309829341e-09
1.212873198843899451e-09
1.212973126429366199e-09
1.212794989779272856e-09
1.212618282186700015e-09
1.212040718029074879e-09
1.210858711585385670e-09
1.209302493314653830e-09
1.207242624438044996e-09
1.204937405911379221e-09
1.202865980758700278e-09
1.200638827089777870e-09
1.198149294841913694e-09
1.195785425119417638e-09
1.193273756986463936e-09
1.190721263879621238e-09
1.188333583108762491e-09
1.185852134572805977e-09
1.183511113039543365e-09
1.181450990582836376e-09
1.179622292742916821e-09
1.178191603553574876e-09
1.177140350923944447e-09
1.176363247687905140e-09
1.175970377171729962e-09
1.175889844612506407e-09
1.175777940222633565e-09
1.175669650728098258e-09
1.175480780854090161e-09
1.174852479332950403e-09
1.173953025517422770e-09
1.172860075896660521e-09
1.171448815806245620e-09
1.169992195474496200e-09
1.168460977247244600e-09
1.166824957103564094e-09
1.164991559230390586e-09
1.163108549292401664e-09
1.161400203666603179e-09
1.160005474882494872e-09
1.158785433149093340e-09
1.157790219576211527e-09
1.156918578648909713e-09
1.156136136162967705e-09
1.155401583086208144e-09
1.154516090664841676e-09
1.153949951482302814e-09
1.153306830368886120e-09
1.152635695527213299e-09
1.152030505034016021e-09
1.151331649379782151e-09
1.150787611510244253e-09
1.150204198403281800e-09
1.149554917743090662e-09
1.149092255901497439e-09
1.148321634791012989e-09
1.147421095856239024e-09
1.146550394945967464e-09
1.145465127689659728e-09
1.144562150310563191e-09
1.143977634480648577e-09
1.143473592180826787e-09
1.142524569210165133e-09
1.141094964878481302e-09
1.139307623917187011e-09
1.137230077505795842e-09
1.135168312165639327e-09
1.133237084270521876e-09
1.131455222173596295e-09
1.129857083556555155e-09
1.128329307132689247e-09
1.126882164747609171e-09
1.125527531916778379e-09
1.124426656919939247e-09
1.123749953313689625e-09
1.123293844968857705e-09
1.122974017625195501e-09
1.122688186153185373e-09
1.122186348177945797e-09
1.121565604585281471e-09
1.120675738967463475e-09
1.119275019674223840e-09
1.117669261762696594e-09
1.116117324576958166e-09
1.114460229490527143e-09
1.112817400839377895e-09
1.111437295802558843e-09
1.110072801298772758e-09
1.108510927998358717e-09
1.106856608219619500e-09
1.105644349407821462e-09
1.105057764540359286e-09
1.104656055436443334e-09
1.104668343300460487e-09
1.105104209939681346e-09
1.105616475106274787e-09
1.106324892103540180e-09
1.106899146355150134e-09
1.107119884441023192e-09
1.107181275835432452e-09
1.107014308838273069e-09
1.106524377033156974e-09
1.105864705584096545e-09
1.104928262783560712e-09
1.103535595522679111e-09
1.101880368482666535e-09
1.100109946448294717e-09
1.098212721529227610e-09
1.096348166746092906e-09
1.094673652101409985e-09
1.093274260940850990e-09
1.092003451065878071e-09
1.090767489253682015e-09
1.089788338518077049e-09
1.088861331737810753e-09
1.087689005815991762e-09
1.086627220720720423e-09
1.085753115511368658e-09
1.084890782058618581e-09
1.084298552369021722e-09
1.083695782457601690e-09
1.082927185466564891e-09
1.082191679130222068e-09
1.081195632506776969e-09
1.080108782513079597e-09
1.079041795255804221e-09
1.077858296825973070e-09
1.076412577048226171e-09
1.074762584373042751e-09
1.073135836450207088e-09
1.071624224788225809e-09
1.070474417053237278e-09
1.069373958324654506e-09
1.068114765266250181e-09
1.067073776343009286e-09
1.066290261591325891e-09
1.065883553663085320e-09
1.066056648472338965e-09
1.066069765471047004e-09
1.065772491772764333e-09
1.065502856757249767e-09
1.065125461412326174e-09
1.064546269442891107e-09
1.064004426841388634e-09
1.063588750111003564e-09
1.063035201319907910e-09
1.062405109053542205e-09
1.061652893567176687e-09
1.060914307283849246e-09
1.060166087170776806e-09
1.059395852331467289e-09
1.058606560623232312e-09
1.057639033411145712e-09
1.056524689896652461e-09
1.055253606975463104e-09
1.054048629473157700e-09
1.052953639529316293e-09
1.051880628387906262e-09
1.051021930266744934e-09
1.050473094124234548e-09
1.050230367509515301e-09
1.050065188037233118e-09
1.050045749551792596e-09
1.050095474206787692e-09
1.049758842835441658e-09
1.049205920796115391e-09
1.048621852165198621e-09
1.047908104308845816e-09
1.046992582807263886e-09
1.045942519256705496e-09
1.044654556701521925e-09
1.043220645227877630e-09
1.042108529600978929e-09
1.040899273283069975e-09
1.039322546663265359e-09
1.037837214824729018e-09
1.036594676428354261e-09
1.035491145742111851e-09
1.034311650695123117e-09
1.033206561590067135e-09
1.032381129259717166e-09
1.031908419466248888e-09
1.031762002320095392e-09
1.031883450265368041e-09
1.031976693127264384e-09
1.031851013012106712e-09
1.031931220947534801e-09
1.032381889855592720e-09
1.032536360916573351e-09
1.032380242070532687e-09
1.032061029910233004e-09
1.031161134391277760e-09
1.029947265040204557e-09
1.028736084962019319e-09
1.027728529594828938e-09
1.026803522131526127e-09
1.025735081056253621e-09
1.024567079117734255e-09
1.023137427064005312e-09
1.021325798640715951e-09
