1.000000000000000021e-02
2.000000000000000042e-02
2.999999999999999889e-02
4.000000000000000083e-02
5.000000000000000278e-02
5.999999999999999778e-02
7.000000000000000666e-02
8.000000000000000167e-02
9.000000000000001055e-02
1.000000000000000056e-01
1.099999999999999867e-01
1.199999999999999956e-01
1.300000000000000044e-01
1.400000000000000133e-01
1.499999999999999944e-01
1.600000000000000033e-01
1.700000000000000122e-01
1.800000000000000211e-01
1.900000000000000022e-01
2.000000000000000111e-01
2.100000000000000200e-01
2.199999999999999734e-01
2.299999999999999822e-01
2.399999999999999911e-01
2.500000000000000000e-01
2.600000000000000089e-01
2.700000000000000178e-01
2.800000000000000266e-01
2.900000000000000355e-01
2.999999999999999889e-01
3.099999999999999978e-01
3.200000000000000067e-01
3.300000000000000155e-01
3.400000000000000244e-01
3.500000000000000333e-01
3.600000000000000422e-01
3.699999999999999956e-01
3.800000000000000044e-01
3.900000000000000133e-01
4.000000000000000222e-01
4.100000000000000311e-01
4.200000000000000400e-01
4.300000000000000488e-01
4.399999999999999467e-01
4.499999999999999556e-01
4.599999999999999645e-01
4.699999999999999734e-01
4.799999999999999822e-01
4.899999999999999911e-01
5.000000000000000000e-01
5.100000000000000089e-01
5.200000000000000178e-01
5.300000000000000266e-01
5.400000000000000355e-01
5.500000000000000444e-01
5.600000000000000533e-01
5.700000000000000622e-01
5.800000000000000711e-01
5.900000000000000799e-01
5.999999999999999778e-01
6.099999999999999867e-01
6.199999999999999956e-01
6.300000000000000044e-01
6.400000000000000133e-01
6.500000000000000222e-01
6.600000000000000311e-01
6.700000000000000400e-01
6.800000000000000488e-01
6.900000000000000577e-01
7.000000000000000666e-01
7.100000000000000755e-01
7.200000000000000844e-01
7.299999999999999822e-01
7.399999999999999911e-01
7.500000000000000000e-01
7.600000000000000089e-01
7.700000000000000178e-01
7.800000000000000266e-01
7.900000000000000355e-01
8.000000000000000444e-01
8.100000000000000533e-01
8.200000000000000622e-01
8.300000000000000711e-01
8.400000000000000799e-01
8.500000000000000888e-01
8.600000000000000977e-01
8.700000000000001066e-01
8.799999999999998934e-01
8.899999999999999023e-01
8.999999999999999112e-01
9.099999999999999201e-01
9.199999999999999289e-01
9.299999999999999378e-01
9.399999999999999467e-01
9.499999999999999556e-01
9.599999999999999645e-01
9.699999999999999734e-01
9.799999999999999822e-01
9.899999999999999911e-01
1.000000000000000000e+00
1.010000000000000009e+00
1.020000000000000018e+00
1.030000000000000027e+00
1.040000000000000036e+00
1.050000000000000044e+00
1.060000000000000053e+00
1.070000000000000062e+00
1.080000000000000071e+00
1.090000000000000080e+00
1.100000000000000089e+00
1.110000000000000098e+00
1.120000000000000107e+00
1.130000000000000115e+00
1.140000000000000124e+00
1.150000000000000133e+00
1.160000000000000142e+00
1.170000000000000151e+00
1.180000000000000160e+00
1.190000000000000169e+00
1.199999999999999956e+00
1.209999999999999964e+00
1.219999999999999973e+00
1.229999999999999982e+00
1.239999999999999991e+00
1.250000000000000000e+00
1.260000000000000009e+00
1.270000000000000018e+00
1.280000000000000027e+00
1.290000000000000036e+00
1.300000000000000044e+00
1.310000000000000053e+00
1.320000000000000062e+00
1.330000000000000071e+00
1.340000000000000080e+00
1.350000000000000089e+00
1.360000000000000098e+00
1.370000000000000107e+00
1.380000000000000115e+00
1.390000000000000124e+00
1.400000000000000133e+00
1.410000000000000142e+00
1.420000000000000151e+00
1.430000000000000160e+00
1.440000000000000169e+00
1.449999999999999956e+00
1.459999999999999964e+00
1.469999999999999973e+00
1.479999999999999982e+00
1.489999999999999991e+00
1.500000000000000000e+00
1.510000000000000009e+00
1.520000000000000018e+00
1.530000000000000027e+00
1.540000000000000036e+00
1.550000000000000044e+00
1.560000000000000053e+00
1.570000000000000062e+00
1.580000000000000071e+00
1.590000000000000080e+00
1.600000000000000089e+00
1.610000000000000098e+00
1.620000000000000107e+00
1.630000000000000115e+00
1.640000000000000124e+00
1.650000000000000133e+00
1.660000000000000142e+00
1.670000000000000151e+00
1.680000000000000160e+00
1.690000000000000169e+00
1.700000000000000178e+00
1.710000000000000187e+00
1.720000000000000195e+00
1.730000000000000204e+00
1.740000000000000213e+00
1.750000000000000222e+00
1.759999999999999787e+00
1.770000000000000018e+00
1.779999999999999805e+00
1.790000000000000036e+00
1.799999999999999822e+00
1.810000000000000053e+00
1.819999999999999840e+00
1.830000000000000071e+00
1.839999999999999858e+00
1.850000000000000089e+00
1.859999999999999876e+00
1.870000000000000107e+00
1.879999999999999893e+00
1.890000000000000124e+00
1.899999999999999911e+00
1.910000000000000142e+00
1.919999999999999929e+00
1.930000000000000160e+00
1.939999999999999947e+00
1.950000000000000178e+00
1.959999999999999964e+00
1.970000000000000195e+00
1.979999999999999982e+00
1.990000000000000213e+00
2.000000000000000000e+00
2.010000000000000231e+00
2.020000000000000018e+00
2.030000000000000249e+00
2.040000000000000036e+00
2.050000000000000266e+00
2.060000000000000053e+00
2.070000000000000284e+00
2.080000000000000071e+00
2.089999999999999858e+00
2.100000000000000089e+00
2.109999999999999876e+00
2.120000000000000107e+00
2.129999999999999893e+00
2.140000000000000124e+00
2.149999999999999911e+00
2.160000000000000142e+00
2.169999999999999929e+00
2.180000000000000160e+00
2.189999999999999947e+00
2.200000000000000178e+00
2.209999999999999964e+00
2.220000000000000195e+00
2.229999999999999982e+00
2.240000000000000213e+00
2.250000000000000000e+00
2.260000000000000231e+00
2.270000000000000018e+00
2.280000000000000249e+00
2.290000000000000036e+00
2.300000000000000266e+00
2.310000000000000053e+00
2.320000000000000284e+00
2.330000000000000071e+00
2.340000000000000302e+00
2.350000000000000089e+00
2.360000000000000320e+00
2.370000000000000107e+00
2.380000000000000338e+00
2.390000000000000124e+00
2.399999999999999911e+00
2.410000000000000142e+00
2.419999999999999929e+00
2.429999999999999716e+00
2.439999999999999947e+00
2.450000000000000178e+00
2.459999999999999964e+00
2.469999999999999751e+00
2.479999999999999982e+00
2.490000000000000213e+00
2.500000000000000000e+00
2.509999999999999787e+00
2.520000000000000018e+00
2.530000000000000249e+00
2.540000000000000036e+00
2.549999999999999822e+00
2.560000000000000053e+00
2.570000000000000284e+00
2.580000000000000071e+00
2.589999999999999858e+00
2.600000000000000089e+00
2.610000000000000320e+00
2.620000000000000107e+00
2.629999999999999893e+00
2.640000000000000124e+00
2.650000000000000355e+00
2.660000000000000142e+00
2.669999999999999929e+00
2.680000000000000160e+00
2.690000000000000391e+00
2.700000000000000178e+00
2.709999999999999964e+00
2.720000000000000195e+00
2.730000000000000426e+00
2.740000000000000213e+00
2.750000000000000000e+00
2.760000000000000231e+00
2.770000000000000462e+00
2.780000000000000249e+00
2.790000000000000036e+00
2.800000000000000266e+00
2.810000000000000497e+00
2.820000000000000284e+00
2.830000000000000071e+00
2.840000000000000302e+00
2.850000000000000533e+00
2.860000000000000320e+00
2.870000000000000107e+00
2.880000000000000338e+00
2.889999999999999680e+00
2.899999999999999911e+00
2.909999999999999698e+00
2.919999999999999929e+00
2.929999999999999716e+00
2.939999999999999947e+00
2.949999999999999734e+00
2.959999999999999964e+00
2.969999999999999751e+00
2.979999999999999982e+00
2.989999999999999769e+00
3.000000000000000000e+00
3.009999999999999787e+00
3.020000000000000018e+00
3.029999999999999805e+00
3.040000000000000036e+00
3.049999999999999822e+00
3.060000000000000053e+00
3.069999999999999840e+00
3.080000000000000071e+00
3.089999999999999858e+00
3.100000000000000089e+00
3.109999999999999876e+00
3.120000000000000107e+00
3.129999999999999893e+00
3.140000000000000124e+00
3.149999999999999911e+00
3.160000000000000142e+00
3.169999999999999929e+00
3.180000000000000160e+00
3.189999999999999947e+00
3.200000000000000178e+00
3.209999999999999964e+00
3.220000000000000195e+00
3.229999999999999982e+00
3.240000000000000213e+00
3.250000000000000000e+00
3.260000000000000231e+00
3.270000000000000018e+00
3.280000000000000249e+00
3.290000000000000036e+00
3.300000000000000266e+00
3.310000000000000053e+00
3.320000000000000284e+00
3.330000000000000071e+00
3.340000000000000302e+00
3.350000000000000089e+00
3.360000000000000320e+00
3.370000000000000107e+00
3.380000000000000338e+00
3.390000000000000124e+00
3.400000000000000355e+00
3.410000000000000142e+00
3.420000000000000373e+00
3.430000000000000160e+00
3.440000000000000391e+00
3.450000000000000178e+00
3.460000000000000409e+00
3.470000000000000195e+00
3.480000000000000426e+00
3.490000000000000213e+00
3.500000000000000444e+00
3.510000000000000231e+00
3.519999999999999574e+00
3.529999999999999805e+00
3.540000000000000036e+00
3.549999999999999822e+00
3.559999999999999609e+00
3.569999999999999840e+00
3.580000000000000071e+00
3.589999999999999858e+00
3.599999999999999645e+00
3.609999999999999876e+00
3.620000000000000107e+00
3.629999999999999893e+00
3.639999999999999680e+00
3.649999999999999911e+00
3.660000000000000142e+00
3.669999999999999929e+00
3.679999999999999716e+00
3.689999999999999947e+00
3.700000000000000178e+00
3.709999999999999964e+00
3.719999999999999751e+00
3.729999999999999982e+00
3.740000000000000213e+00
3.750000000000000000e+00
3.759999999999999787e+00
3.770000000000000018e+00
3.780000000000000249e+00
3.790000000000000036e+00
3.799999999999999822e+00
3.810000000000000053e+00
3.820000000000000284e+00
3.830000000000000071e+00
3.839999999999999858e+00
3.850000000000000089e+00
3.860000000000000320e+00
3.870000000000000107e+00
3.879999999999999893e+00
3.890000000000000124e+00
3.900000000000000355e+00
3.910000000000000142e+00
3.919999999999999929e+00
3.930000000000000160e+00
3.940000000000000391e+00
3.950000000000000178e+00
3.959999999999999964e+00
3.970000000000000195e+00
3.980000000000000426e+00
3.990000000000000213e+00
4.000000000000000000e+00
4.009999999999999787e+00
4.020000000000000462e+00
4.030000000000000249e+00
4.040000000000000036e+00
4.050000000000000711e+00
4.060000000000000497e+00
4.070000000000000284e+00
4.080000000000000071e+00
4.089999999999999858e+00
4.100000000000000533e+00
4.110000000000000320e+00
4.120000000000000107e+00
4.130000000000000782e+00
4.140000000000000568e+00
4.150000000000000355e+00
4.160000000000000142e+00
4.169999999999999929e+00
4.179999999999999716e+00
4.189999999999999503e+00
4.200000000000000178e+00
4.209999999999999964e+00
4.219999999999999751e+00
4.229999999999999538e+00
4.240000000000000213e+00
4.250000000000000000e+00
4.259999999999999787e+00
4.269999999999999574e+00
4.280000000000000249e+00
4.290000000000000036e+00
4.299999999999999822e+00
4.309999999999999609e+00
4.320000000000000284e+00
4.330000000000000071e+00
4.339999999999999858e+00
4.349999999999999645e+00
4.360000000000000320e+00
4.370000000000000107e+00
4.379999999999999893e+00
4.389999999999999680e+00
4.400000000000000355e+00
4.410000000000000142e+00
4.419999999999999929e+00
4.429999999999999716e+00
4.440000000000000391e+00
4.450000000000000178e+00
4.459999999999999964e+00
4.469999999999999751e+00
4.480000000000000426e+00
4.490000000000000213e+00
4.500000000000000000e+00
4.509999999999999787e+00
4.520000000000000462e+00
4.530000000000000249e+00
4.540000000000000036e+00
4.549999999999999822e+00
4.560000000000000497e+00
4.570000000000000284e+00
4.580000000000000071e+00
4.589999999999999858e+00
4.600000000000000533e+00
4.610000000000000320e+00
4.620000000000000107e+00
4.629999999999999893e+00
4.640000000000000568e+00
4.650000000000000355e+00
4.660000000000000142e+00
4.669999999999999929e+00
4.680000000000000604e+00
4.690000000000000391e+00
4.700000000000000178e+00
4.709999999999999964e+00
4.720000000000000639e+00
4.730000000000000426e+00
4.740000000000000213e+00
4.750000000000000000e+00
4.760000000000000675e+00
4.770000000000000462e+00
4.780000000000000249e+00
4.790000000000000036e+00
4.799999999999999822e+00
4.809999999999999609e+00
4.820000000000000284e+00
4.830000000000000071e+00
4.839999999999999858e+00
4.849999999999999645e+00
4.859999999999999432e+00
4.870000000000000107e+00
4.879999999999999893e+00
4.889999999999999680e+00
4.900000000000000355e+00
4.910000000000000142e+00
4.919999999999999929e+00
4.929999999999999716e+00
4.939999999999999503e+00
4.950000000000000178e+00
4.959999999999999964e+00
4.969999999999999751e+00
4.980000000000000426e+00
4.990000000000000213e+00
5.000000000000000000e+00
5.009999999999999787e+00
5.019999999999999574e+00
5.030000000000000249e+00
5.040000000000000036e+00
5.049999999999999822e+00
5.060000000000000497e+00
5.070000000000000284e+00
5.080000000000000071e+00
5.089999999999999858e+00
5.099999999999999645e+00
5.110000000000000320e+00
5.120000000000000107e+00
5.129999999999999893e+00
5.140000000000000568e+00
5.150000000000000355e+00
5.160000000000000142e+00
5.169999999999999929e+00
5.179999999999999716e+00
5.190000000000000391e+00
5.200000000000000178e+00
5.209999999999999964e+00
5.220000000000000639e+00
5.230000000000000426e+00
5.240000000000000213e+00
5.250000000000000000e+00
5.259999999999999787e+00
5.270000000000000462e+00
5.280000000000000249e+00
5.290000000000000036e+00
5.300000000000000711e+00
5.310000000000000497e+00
5.320000000000000284e+00
5.330000000000000071e+00
5.339999999999999858e+00
5.350000000000000533e+00
5.360000000000000320e+00
5.370000000000000107e+00
5.380000000000000782e+00
5.390000000000000568e+00
5.400000000000000355e+00
5.410000000000000142e+00
5.419999999999999929e+00
5.430000000000000604e+00
5.440000000000000391e+00
5.450000000000000178e+00
5.460000000000000853e+00
5.470000000000000639e+00
5.480000000000000426e+00
5.490000000000000213e+00
5.500000000000000000e+00
5.510000000000000675e+00
5.520000000000000462e+00
5.530000000000000249e+00
5.540000000000000924e+00
5.550000000000000711e+00
5.560000000000000497e+00
5.570000000000000284e+00
5.580000000000000071e+00
5.590000000000000746e+00
5.600000000000000533e+00
5.610000000000000320e+00
5.620000000000000995e+00
5.630000000000000782e+00
5.640000000000000568e+00
5.650000000000000355e+00
5.660000000000000142e+00
5.670000000000000817e+00
5.680000000000000604e+00
5.690000000000000391e+00
5.700000000000001066e+00
5.710000000000000853e+00
5.720000000000000639e+00
5.730000000000000426e+00
5.740000000000000213e+00
5.750000000000000888e+00
5.760000000000000675e+00
5.769999999999999574e+00
5.779999999999999361e+00
5.789999999999999147e+00
5.799999999999999822e+00
5.809999999999999609e+00
5.819999999999999396e+00
5.830000000000000071e+00
5.839999999999999858e+00
5.849999999999999645e+00
5.859999999999999432e+00
5.869999999999999218e+00
5.879999999999999893e+00
5.889999999999999680e+00
5.899999999999999467e+00
5.910000000000000142e+00
5.919999999999999929e+00
5.929999999999999716e+00
5.939999999999999503e+00
5.949999999999999289e+00
5.959999999999999964e+00
5.969999999999999751e+00
5.979999999999999538e+00
5.990000000000000213e+00
6.000000000000000000e+00
6.009999999999999787e+00
6.019999999999999574e+00
6.029999999999999361e+00
6.040000000000000036e+00
6.049999999999999822e+00
6.059999999999999609e+00
6.070000000000000284e+00
6.080000000000000071e+00
6.089999999999999858e+00
6.099999999999999645e+00
6.109999999999999432e+00
6.120000000000000107e+00
6.129999999999999893e+00
6.139999999999999680e+00
6.150000000000000355e+00
6.160000000000000142e+00
6.169999999999999929e+00
6.179999999999999716e+00
6.189999999999999503e+00
6.200000000000000178e+00
6.209999999999999964e+00
6.219999999999999751e+00
6.230000000000000426e+00
6.240000000000000213e+00
6.250000000000000000e+00
6.259999999999999787e+00
6.269999999999999574e+00
6.280000000000000249e+00
6.290000000000000036e+00
6.299999999999999822e+00
6.310000000000000497e+00
6.320000000000000284e+00
6.330000000000000071e+00
6.339999999999999858e+00
6.349999999999999645e+00
6.360000000000000320e+00
6.370000000000000107e+00
6.379999999999999893e+00
6.390000000000000568e+00
6.400000000000000355e+00
6.410000000000000142e+00
6.419999999999999929e+00
6.429999999999999716e+00
6.440000000000000391e+00
6.450000000000000178e+00
6.459999999999999964e+00
6.470000000000000639e+00
6.480000000000000426e+00
6.490000000000000213e+00
6.500000000000000000e+00
6.509999999999999787e+00
6.520000000000000462e+00
6.530000000000000249e+00
6.540000000000000036e+00
6.550000000000000711e+00
6.560000000000000497e+00
6.570000000000000284e+00
6.580000000000000071e+00
6.589999999999999858e+00
6.600000000000000533e+00
6.610000000000000320e+00
6.620000000000000107e+00
6.630000000000000782e+00
6.640000000000000568e+00
6.650000000000000355e+00
6.660000000000000142e+00
6.669999999999999929e+00
6.680000000000000604e+00
6.690000000000000391e+00
6.700000000000000178e+00
6.710000000000000853e+00
6.720000000000000639e+00
6.730000000000000426e+00
6.740000000000000213e+00
6.750000000000000000e+00
6.760000000000000675e+00
6.770000000000000462e+00
6.780000000000000249e+00
6.790000000000000924e+00
6.800000000000000711e+00
6.810000000000000497e+00
6.820000000000000284e+00
6.830000000000000071e+00
6.840000000000000746e+00
6.850000000000000533e+00
6.860000000000000320e+00
6.870000000000000995e+00
6.880000000000000782e+00
6.890000000000000568e+00
6.900000000000000355e+00
6.910000000000000142e+00
6.920000000000000817e+00
6.930000000000000604e+00
6.940000000000000391e+00
6.950000000000001066e+00
6.960000000000000853e+00
6.970000000000000639e+00
6.980000000000000426e+00
6.990000000000000213e+00
7.000000000000000888e+00
7.010000000000000675e+00
7.020000000000000462e+00
7.030000000000001137e+00
7.039999999999999147e+00
7.049999999999999822e+00
7.059999999999999609e+00
7.069999999999999396e+00
7.080000000000000071e+00
7.089999999999999858e+00
7.099999999999999645e+00
7.109999999999999432e+00
7.119999999999999218e+00
7.129999999999999893e+00
7.139999999999999680e+00
7.149999999999999467e+00
7.160000000000000142e+00
7.169999999999999929e+00
7.179999999999999716e+00
7.189999999999999503e+00
7.199999999999999289e+00
7.209999999999999964e+00
7.219999999999999751e+00
7.229999999999999538e+00
7.240000000000000213e+00
7.250000000000000000e+00
7.259999999999999787e+00
7.269999999999999574e+00
7.279999999999999361e+00
7.290000000000000036e+00
7.299999999999999822e+00
7.309999999999999609e+00
7.320000000000000284e+00
7.330000000000000071e+00
7.339999999999999858e+00
7.349999999999999645e+00
7.359999999999999432e+00
7.370000000000000107e+00
7.379999999999999893e+00
7.389999999999999680e+00
7.400000000000000355e+00
7.410000000000000142e+00
7.419999999999999929e+00
7.429999999999999716e+00
7.439999999999999503e+00
7.450000000000000178e+00
7.459999999999999964e+00
7.469999999999999751e+00
7.480000000000000426e+00
7.490000000000000213e+00
7.500000000000000000e+00
7.509999999999999787e+00
7.519999999999999574e+00
7.530000000000000249e+00
7.540000000000000036e+00
7.549999999999999822e+00
7.560000000000000497e+00
7.570000000000000284e+00
7.580000000000000071e+00
7.589999999999999858e+00
7.599999999999999645e+00
7.610000000000000320e+00
7.620000000000000107e+00
7.629999999999999893e+00
7.640000000000000568e+00
7.650000000000000355e+00
7.660000000000000142e+00
7.669999999999999929e+00
7.679999999999999716e+00
7.690000000000000391e+00
7.700000000000000178e+00
7.709999999999999964e+00
7.720000000000000639e+00
7.730000000000000426e+00
7.740000000000000213e+00
7.750000000000000000e+00
7.759999999999999787e+00
7.770000000000000462e+00
7.780000000000000249e+00
7.790000000000000036e+00
7.800000000000000711e+00
7.810000000000000497e+00
7.820000000000000284e+00
7.830000000000000071e+00
7.839999999999999858e+00
7.850000000000000533e+00
7.860000000000000320e+00
7.870000000000000107e+00
7.880000000000000782e+00
7.890000000000000568e+00
7.900000000000000355e+00
7.910000000000000142e+00
7.919999999999999929e+00
7.930000000000000604e+00
7.940000000000000391e+00
7.950000000000000178e+00
7.960000000000000853e+00
7.970000000000000639e+00
7.980000000000000426e+00
7.990000000000000213e+00
8.000000000000000000e+00
8.009999999999999787e+00
8.019999999999999574e+00
8.030000000000001137e+00
8.040000000000000924e+00
8.050000000000000711e+00
8.060000000000000497e+00
8.070000000000000284e+00
8.080000000000000071e+00
8.089999999999999858e+00
8.100000000000001421e+00
8.110000000000001208e+00
8.120000000000000995e+00
8.130000000000000782e+00
8.140000000000000568e+00
8.150000000000000355e+00
8.160000000000000142e+00
8.169999999999999929e+00
8.179999999999999716e+00
8.190000000000001279e+00
8.200000000000001066e+00
8.210000000000000853e+00
8.220000000000000639e+00
8.230000000000000426e+00
8.240000000000000213e+00
8.250000000000000000e+00
8.260000000000001563e+00
8.270000000000001350e+00
8.280000000000001137e+00
8.290000000000000924e+00
8.300000000000000711e+00
8.310000000000000497e+00
8.320000000000000284e+00
8.330000000000000071e+00
8.339999999999999858e+00
8.349999999999999645e+00
8.359999999999999432e+00
8.369999999999999218e+00
8.379999999999999005e+00
8.390000000000000568e+00
8.400000000000000355e+00
8.410000000000000142e+00
8.419999999999999929e+00
8.429999999999999716e+00
8.439999999999999503e+00
8.449999999999999289e+00
8.459999999999999076e+00
8.469999999999998863e+00
8.480000000000000426e+00
8.490000000000000213e+00
8.500000000000000000e+00
8.509999999999999787e+00
8.519999999999999574e+00
8.529999999999999361e+00
8.539999999999999147e+00
8.550000000000000711e+00
8.560000000000000497e+00
8.570000000000000284e+00
8.580000000000000071e+00
8.589999999999999858e+00
8.599999999999999645e+00
8.609999999999999432e+00
8.619999999999999218e+00
8.629999999999999005e+00
8.640000000000000568e+00
8.650000000000000355e+00
8.660000000000000142e+00
8.669999999999999929e+00
8.679999999999999716e+00
8.689999999999999503e+00
8.699999999999999289e+00
8.710000000000000853e+00
8.720000000000000639e+00
8.730000000000000426e+00
8.740000000000000213e+00
8.750000000000000000e+00
8.759999999999999787e+00
8.769999999999999574e+00
8.779999999999999361e+00
8.789999999999999147e+00
8.800000000000000711e+00
8.810000000000000497e+00
8.820000000000000284e+00
8.830000000000000071e+00
8.839999999999999858e+00
8.849999999999999645e+00
8.859999999999999432e+00
8.870000000000000995e+00
8.880000000000000782e+00
8.890000000000000568e+00
8.900000000000000355e+00
8.910000000000000142e+00
8.919999999999999929e+00
8.929999999999999716e+00
8.939999999999999503e+00
8.949999999999999289e+00
8.960000000000000853e+00
8.970000000000000639e+00
8.980000000000000426e+00
8.990000000000000213e+00
9.000000000000000000e+00
9.009999999999999787e+00
9.019999999999999574e+00
9.030000000000001137e+00
9.040000000000000924e+00
9.050000000000000711e+00
9.060000000000000497e+00
9.070000000000000284e+00
9.080000000000000071e+00
9.089999999999999858e+00
9.099999999999999645e+00
9.109999999999999432e+00
9.120000000000000995e+00
9.130000000000000782e+00
9.140000000000000568e+00
9.150000000000000355e+00
9.160000000000000142e+00
9.169999999999999929e+00
9.179999999999999716e+00
9.190000000000001279e+00
9.200000000000001066e+00
9.210000000000000853e+00
9.220000000000000639e+00
9.230000000000000426e+00
9.240000000000000213e+00
9.250000000000000000e+00
9.259999999999999787e+00
9.269999999999999574e+00
9.280000000000001137e+00
9.290000000000000924e+00
9.300000000000000711e+00
9.310000000000000497e+00
9.320000000000000284e+00
9.330000000000000071e+00
9.339999999999999858e+00
9.350000000000001421e+00
9.360000000000001208e+00
9.370000000000000995e+00
9.380000000000000782e+00
9.390000000000000568e+00
9.400000000000000355e+00
9.410000000000000142e+00
9.419999999999999929e+00
9.429999999999999716e+00
9.440000000000001279e+00
9.450000000000001066e+00
9.460000000000000853e+00
9.470000000000000639e+00
9.480000000000000426e+00
9.490000000000000213e+00
9.500000000000000000e+00
9.510000000000001563e+00
9.520000000000001350e+00
9.530000000000001137e+00
9.540000000000000924e+00
9.550000000000000711e+00
9.560000000000000497e+00
9.570000000000000284e+00
9.580000000000000071e+00
9.589999999999999858e+00
9.599999999999999645e+00
9.609999999999999432e+00
9.619999999999999218e+00
9.629999999999999005e+00
9.640000000000000568e+00
9.650000000000000355e+00
9.660000000000000142e+00
9.669999999999999929e+00
9.679999999999999716e+00
9.689999999999999503e+00
9.699999999999999289e+00
9.709999999999999076e+00
9.719999999999998863e+00
9.730000000000000426e+00
9.740000000000000213e+00
9.750000000000000000e+00
9.759999999999999787e+00
9.769999999999999574e+00
9.779999999999999361e+00
9.789999999999999147e+00
9.800000000000000711e+00
9.810000000000000497e+00
9.820000000000000284e+00
9.830000000000000071e+00
9.839999999999999858e+00
9.849999999999999645e+00
9.859999999999999432e+00
9.869999999999999218e+00
9.879999999999999005e+00
9.890000000000000568e+00
9.900000000000000355e+00
9.910000000000000142e+00
9.919999999999999929e+00
9.929999999999999716e+00
9.939999999999999503e+00
9.949999999999999289e+00
9.960000000000000853e+00
9.970000000000000639e+00
9.980000000000000426e+00
9.990000000000000213e+00
0.000000000000000000e+00
1.262533367064580546e-06
6.604318958122563523e-07
4.749201463570578125e-07
3.957228818724654500e-07
3.617212347936603048e-07
3.535287447079755085e-07
3.639178215901336008e-07
3.904675284291623267e-07
4.331299324862325726e-07
4.932431607190050453e-07
5.730330272397965217e-07
6.752445607464025490e-07
8.026550212697773003e-07
9.571270072617356594e-07
1.137677748406637745e-06
1.337110720397583294e-06
1.537907411629319874e-06
1.711155060610059868e-06
1.824418179105273741e-06
1.858209353803797206e-06
1.817962351558017801e-06
1.729077557501381143e-06
1.621246497806664456e-06
1.516665659208555887e-06
1.427168930880625662e-06
1.356628122200783028e-06
1.304355628228094892e-06
1.267746134305705214e-06
1.243917603630584554e-06
1.230474947642911114e-06
1.225660272452221003e-06
1.228190330328338790e-06
1.237064408776334326e-06
1.251471797883924702e-06
1.270718070259458341e-06
1.294087887127317550e-06
1.320643152336946475e-06
1.349109225784550116e-06
1.377912209320089411e-06
1.405348776431602278e-06
1.429830043797015529e-06
1.450036715473236012e-06
1.464950392701074974e-06
1.473855059667599301e-06
1.476371584263250435e-06
1.472456380842929326e-06
1.462188323329473844e-06
1.445507205764878537e-06
1.422301933437677642e-06
1.392839263683968567e-06
1.358212392417971192e-06
1.320483680527324158e-06
1.282386372005639445e-06
1.246710812813272019e-06
1.215671784534320657e-06
1.190475379717058305e-06
1.171200977975289779e-06
1.157047312130976061e-06
1.146883680352023153e-06
1.139900595857131510e-06
1.136028290990877915e-06
1.135874814981445759e-06
1.140217202571733942e-06
1.149371661234488754e-06
1.162854441906826409e-06
1.179542132676103860e-06
1.198159811815076544e-06
1.217641939035351750e-06
1.237028971890130546e-06
1.254993438634396093e-06
1.269490657039228182e-06
1.278003760787949398e-06
1.278451684936322486e-06
1.270317550354440370e-06
1.255250794242698539e-06
1.236699744702195264e-06
1.218752339958762409e-06
1.204795669624067777e-06
1.196598824006357065e-06
1.194110572797558759e-06
1.195924350795120926e-06
1.200146339657753712e-06
1.205231109828540735e-06
1.210411863613139866e-06
1.215627911191524082e-06
1.221082443542336132e-06
1.226758820934492450e-06
1.232150293199643160e-06
1.236256642209353062e-06
1.237798631198587341e-06
1.235574568496703872e-06
1.228892935770230452e-06
1.217948843877250062e-06
1.203913590910317305e-06
1.188608274667735223e-06
1.173939396238671513e-06
1.161376863015481688e-06
1.151690311515608465e-06
1.144960302571482370e-06
1.140745125262931777e-06
1.138449882847035358e-06
1.137676068600236489e-06
1.138464914485243976e-06
1.141377879188961936e-06
1.147250431206337313e-06
1.156823045828698853e-06
1.170410221223764470e-06
1.187647313004592048e-06
1.207292737593474358e-06
1.227130819650485474e-06
1.244114472754440028e-06
1.254935152494486270e-06
1.256995829138309472e-06
1.249403279583889656e-06
1.233450494719920740e-06
1.212253230471123520e-06
1.189710564635626029e-06
1.169371368725888053e-06
1.153696230725495522e-06
1.143816254757611307e-06
1.139645142692985101e-06
1.140217020406487318e-06
1.144134167223002325e-06
1.150003301445286925e-06
1.156734697729699668e-06
1.163572446281148196e-06
1.169901533830907309e-06
1.175053171527092766e-06
1.178258326734706458e-06
1.178803302925793202e-06
1.176323122572737722e-06
1.171089526595667888e-06
1.164134606132373212e-06
1.157066200085952354e-06
1.151602898039622341e-06
1.148978348418820469e-06
1.149473424014137736e-06
1.152308534838961149e-06
1.156017533117023527e-06
1.159113307518647736e-06
1.160624377038612389e-06
1.160164038156664372e-06
1.157594472675886765e-06
1.152728770075674940e-06
1.145369545597048572e-06
1.135641760268277624e-06
1.124279325488169274e-06
1.112624738475050912e-06
1.102351102025240624e-06
1.095042155290144809e-06
1.091853285876127395e-06
1.093410717888297853e-06
1.099897646716054528e-06
1.111124295703854920e-06
1.126473777766928821e-06
1.144822278676643543e-06
1.164667051489548683e-06
1.184568234826036508e-06
1.203663656838859391e-06
1.221868071699222957e-06
1.239556808993818018e-06
1.256986061407352054e-06
1.273863571213061910e-06
1.289278543952241504e-06
1.302036083761175898e-06
1.311194393881259568e-06
1.316446513645077068e-06
1.318113695633772655e-06
1.316862112566697480e-06
1.313427820852193822e-06
1.308512766932201670e-06
1.302801416916312084e-06
1.296950302730400918e-06
1.291542481505837154e-06
1.287066246621404848e-06
1.283898742507476489e-06
1.282221262975899933e-06
1.281857562735320699e-06
1.282201818808022432e-06
1.282453608648249837e-06
1.282049190908700223e-06
1.280919311317723064e-06
1.279304001774985789e-06
1.277289820919323775e-06
1.274559422148851238e-06
1.270586716042797448e-06
1.264977941541569452e-06
1.257565882818618745e-06
1.248282184123943935e-06
1.237086257375605322e-06
1.224103147620442042e-06
1.209827624799699778e-06
1.195183681472332886e-06
1.181351505392793722e-06
1.169424554558125151e-06
1.160066767989393731e-06
1.153329786133083364e-06
1.148697857982504503e-06
1.145312454176415507e-06
1.142265890532263001e-06
1.138931467506327625e-06
1.135149407482629966e-06
1.131220653105909109e-06
1.127782816109300869e-06
1.125521437292523048e-06
1.124855112345653637e-06
1.125676189420310452e-06
1.127194766278383361e-06
1.127986324111072473e-06
1.126308796404124348e-06
1.120636214168602106e-06
1.110183200606808494e-06
1.095165307285486686e-06
1.076732140401024269e-06
1.056657092290476370e-06
1.036916982240935088e-06
1.019279225628269589e-06
1.004991466944393745e-06
9.946479107505763474e-07
9.882759055757755967e-07
9.855991869789006741e-07
9.863195057243373774e-07
9.903056620495546751e-07
9.976260475344825816e-07
1.008385789607472300e-06
1.022398665654631396e-06
1.038854891398939041e-06
1.056206408703113261e-06
1.072378937490492037e-06
1.085281602407339391e-06
1.093406025485948018e-06
1.096204953942313410e-06
1.094112780429750445e-06
1.088330100304602098e-06
1.080455611758622496e-06
1.072003009330051973e-06
1.064012019482898541e-06
1.056938952056876830e-06
1.050788275793523855e-06
1.045286656047203086e-06
1.039978464460125462e-06
1.034295817026701612e-06
1.027739382079220290e-06
1.020176406058608069e-06
1.012080651874305952e-06
1.004528781087486415e-06
9.988918039808958062e-07
9.963871030836373205e-07
9.977175748564820274e-07
1.002840680384476438e-06
1.010891530812110533e-06
1.020284521473084064e-06
1.029027853842231691e-06
1.035280101746156180e-06
1.037954654577325687e-06
1.037040588077801924e-06
1.033420069264708792e-06
1.028303664410976276e-06
1.022691847124221125e-06
1.017162858685927838e-06
1.011985533645342061e-06
1.007376247251696690e-06
1.003695770286811420e-06
1.001438824453457681e-06
1.001033841574581274e-06
1.002576209828083478e-06
1.005636231597458696e-06
1.009259499831668784e-06
1.012187585174560349e-06
1.013241002547315389e-06
1.011666072079814589e-06
1.007260846395925149e-06
1.000313583028536132e-06
9.914768284276380991e-07
9.815916067002818350e-07
9.714746661482188426e-07
9.617470341043243698e-07
9.527979335072399909e-07
9.449342656872083564e-07
9.385790222480610402e-07
9.343248898670325247e-07
9.327843458034325126e-07
9.342863262227654800e-07
9.385865214052675940e-07
9.447816898821967849e-07
9.515348794613227450e-07
9.575000450625622725e-07
9.616772786885924618e-07
9.635664473887719439e-07
9.631482042834143540e-07
9.608146711080942574e-07
9.573078724858838244e-07
9.535954464871989120e-07
9.506590666265353594e-07
9.492466626652199932e-07
9.496644500023835415e-07
9.516616965939641701e-07
9.544392160968767235e-07
9.568240053802157626e-07
9.576283842946704743e-07
9.560475416769406994e-07
9.520081497399784334e-07
9.462017530528469633e-07
9.396475861324403823e-07
9.331440541377046263e-07
9.269651280980310441e-07
9.209552284076249281e-07
9.148747876150873078e-07
9.087099414104876642e-07
9.027625471611640521e-07
8.975371421682012989e-07
8.935041076721792702e-07
8.908534382773200598e-07
8.893436973656134192e-07
8.883400907357982328e-07
8.870889185606976718e-07
8.851319411970936998e-07
8.826309439921811905e-07
8.803859426544128980e-07
8.795187680177430188e-07
8.809794495712135072e-07
8.851362508485549589e-07
8.916661791286383637e-07
8.997888117886572503e-07
9.086703205719109212e-07
9.176915268024536932e-07
9.264332763022258456e-07
9.345035286804613736e-07
9.414182373054030024e-07
9.466499462050005939e-07
9.497931126263704846e-07
9.507212357209656580e-07
9.496159028995209981e-07
9.468349152345156866e-07
9.427164631172155901e-07
9.374903107726886789e-07
9.313614551196020386e-07
9.245962249896228656e-07
9.174366399775191393e-07
9.098969291091056178e-07
9.016619613017167970e-07
8.922592681588668150e-07
8.813984967007312873e-07
8.692394065340317038e-07
8.564433177636576678e-07
8.440136483998149533e-07
8.330221741673844858e-07
8.243351809320306063e-07
8.184130535441759908e-07
8.152139174640259567e-07
8.142271210969964870e-07
8.146455686274687947e-07
8.156389045913371639e-07
8.166364065574432598e-07
8.175132754735876496e-07
8.186034493731623789e-07
8.205069873207387223e-07
8.237396390463024775e-07
8.283638784780589627e-07
8.337700855292928610e-07
8.387503477874403723e-07
8.418920085918404044e-07
8.421403011797725016e-07
8.392548009235404528e-07
8.339311473150479576e-07
8.275564455055728981e-07
8.217658441431395597e-07
8.179823287972919936e-07
8.170527731306120317e-07
8.190559088489074934e-07
8.233011072722257079e-07
8.285302026586664383e-07
8.332977230713375675e-07
8.363959874948897989e-07
8.371711483121015253e-07
8.356216631619580050e-07
8.322481173290850086e-07
8.277458978835703251e-07
8.227250268125772536e-07
8.176060259039282104e-07
8.126869103212591831e-07
8.082639126076218531e-07
8.046874133552034521e-07
8.023297604028975623e-07
8.015277786486536399e-07
8.025479839175120562e-07
8.055927960658777564e-07
8.108092110887271138e-07
8.182335987145445708e-07
8.277204139805165176e-07
8.389097229303082866e-07
8.512209613289799869e-07
8.638301301609891153e-07
8.756742328750367610e-07
8.855933345986510192e-07
8.926330985794059340e-07
8.964310035862405285e-07
8.974347056323396130e-07
8.967521527721618033e-07
8.956894753213315804e-07
8.951901939384967523e-07
8.954622365521247260e-07
8.959498973828957606e-07
8.956346284377816597e-07
8.935413443954826983e-07
8.892127767533321156e-07
8.829987884767710262e-07
8.760478227907305615e-07
8.699397894806394710e-07
8.660935542827182861e-07
8.652358577653423802e-07
8.672025373599271968e-07
8.711337625256827098e-07
8.759229123240391769e-07
8.806088260827064394e-07
8.845128400769510930e-07
8.871835227734086301e-07
8.883091418244712178e-07
8.877133483663751227e-07
8.854171510092565731e-07
8.816689989000907183e-07
8.768673931954566733e-07
8.714021348433953043e-07
8.655276974822272975e-07
8.593713984599955232e-07
8.530224515934177782e-07
8.466197392591033548e-07
8.404154369787672353e-07
8.348332239874828255e-07
8.304861935206833566e-07
8.280541471362816339e-07
8.280441507526511509e-07
8.305592069543763463e-07
8.351857083771571937e-07
8.410402460782453681e-07
8.469224603415240478e-07
8.515228520583966883e-07
8.536874020683936908e-07
8.526977077404279738e-07
8.484665574466579740e-07
8.415397815579818985e-07
8.329030868498195514e-07
8.237093689413057480e-07
8.150505825820750356e-07
8.078143436603804064e-07
8.025947671969901344e-07
7.996245984337559499e-07
7.987589596805751667e-07
7.995354105799934731e-07
8.012781036112332021e-07
8.031979235387957275e-07
8.045129709510496745e-07
8.046302188950575144e-07
8.033453471278230549e-07
8.009488146392500159e-07
7.981311181533442438e-07
7.957068674084954958e-07
7.942754095220512985e-07
7.939731644145912854e-07
7.943871478044030847e-07
7.946394393136767387e-07
7.936674949412383115e-07
7.906211672541427262e-07
7.852088578439227062e-07
7.778489035074010429e-07
7.695741693061520224e-07
7.617454225598727556e-07
7.556910374114709393e-07
7.523900922561665254e-07
7.522676563451505400e-07
7.551271675060538584e-07
7.602155525978699726e-07
7.664154382879087999e-07
7.725411472094419056e-07
7.776476088715137715e-07
7.812306036503053946e-07
7.832327343020617139e-07
7.838680139186857234e-07
7.833780918036845815e-07
7.818554093228118896e-07
7.792179631838255597e-07
7.753120035261838933e-07
7.700376034507851828e-07
7.634365975718447040e-07
7.557336671877874881e-07
7.473199688299221810e-07
7.386855622276032062e-07
7.303100899751810761e-07
7.225634032066156772e-07
7.156891681346808569e-07
7.098768844529165378e-07
7.053611714563062015e-07
7.024742140239268838e-07
7.015961513749659180e-07
7.029825510624130948e-07
7.065545972516934945e-07
7.117870094478066249e-07
7.177648208362610217e-07
7.233804707831373550e-07
7.275719365987313578e-07
7.295762500266170588e-07
7.290934722756450293e-07
7.263220406220124476e-07
7.219066232314502863e-07
7.167979807085784679e-07
7.120874050432568898e-07
7.088085512831565401e-07
7.076854055533540385e-07
7.088606270670778170e-07
7.117104318816735641e-07
7.148785568819769301e-07
7.166053912938079022e-07
7.153169960850402923e-07
7.102580725230845112e-07
7.018284794332921538e-07
6.914160991141684117e-07
6.808388177537366065e-07
6.717757316570988550e-07
6.654577610676876821e-07
6.626001290398009752e-07
6.634070725006018740e-07
6.675309496137723528e-07
6.740367972395951216e-07
6.815199396445661005e-07
6.884730585545008533e-07
6.937923047986174578e-07
6.971317813528085436e-07
6.988541167534220319e-07
6.996283585337652214e-07
6.999926566328281712e-07
7.001523083918628398e-07
7.000279006628189063e-07
6.993849870705939407e-07
6.979182635450292700e-07
6.952878137827708689e-07
6.911712149808316722e-07
6.853772224851152454e-07
6.779950871197045773e-07
6.694795947944785694e-07
6.605788253843718278e-07
6.521323974587268557e-07
6.448491989478407831e-07
6.391513183956433382e-07
6.351126003967165984e-07
6.324787272947830274e-07
6.307454026794211181e-07
6.292910356692948768e-07
6.275556176866572891e-07
6.252252527982261440e-07
6.223647296051306320e-07
6.194298538454397094e-07
6.171324959423616540e-07
6.161986889100939455e-07
6.171277028945202578e-07
6.200632002901781577e-07
6.248039351414812003e-07
6.309072534295000374e-07
6.378236690010443368e-07
6.450401216378104357e-07
6.522107096472159354e-07
6.592255751664707699e-07
6.661669140354226179e-07
6.731707473537421829e-07
6.802946923523764916e-07
6.874585656514776290e-07
6.944775504821100461e-07
7.011685585289240411e-07
7.074466407307265220e-07
7.133268850687963587e-07
7.188272581080104565e-07
7.238501803144843588e-07
7.281423946554254219e-07
7.313811707249315441e-07
7.333428511448642794e-07
7.340184554699185381e-07
7.335730937509284503e-07
7.322025651487995937e-07
7.300149804966412741e-07
7.270284504851500400e-07
7.232598681971671714e-07
7.188187259619063456e-07
7.139489292886888296e-07
7.089825892650924682e-07
7.042151922440630326e-07
6.997499780872411928e-07
6.953969748109365073e-07
6.907269599152400357e-07
6.853008860398899182e-07
6.789613868316295321e-07
6.719938108241392094e-07
6.650456305035883173e-07
6.588733099533065802e-07
6.540834615069166604e-07
6.510215569530401218e-07
6.498371567454292352e-07
6.506106246757565997e-07
6.534137551559694590e-07
6.582656741538352735e-07
6.650073698125332247e-07
6.731968236385091945e-07
6.820448468208695166e-07
6.905419273112397586e-07
6.977494803362507230e-07
7.030526053875294439e-07
7.063342895791450067e-07
7.079572791140220406e-07
7.085697346367671686e-07
7.088232000369860953e-07
7.091218037704451963e-07
7.095152506582712227e-07
7.097665492313028444e-07
7.095240914307373042e-07
7.084693107606172982e-07
7.063399794638352292e-07
7.028767104247998161e-07
6.978145726795098824e-07
6.910143117725611350e-07
6.826989536910781467e-07
6.736139727486555400e-07
6.649512850590218757e-07
6.580576166212560890e-07
6.540709036766367319e-07
6.536264058610231184e-07
6.567112941009564717e-07
6.626716581278330707e-07
6.703640315536874778e-07
6.784480464669320435e-07
6.857740486137755839e-07
6.917424318865540781e-07
6.964460135292389528e-07
7.004956480605044055e-07
7.046214782928836449e-07
7.092669541167163883e-07
7.143626486966514815e-07
7.193223162147522820e-07
7.232467634785388124e-07
7.252574402119314039e-07
7.248082828316087997e-07
7.218492123320533486e-07
7.167908460421469829e-07
7.103389979130625615e-07
7.033197754052445487e-07
6.965563214640512157e-07
6.907727662179233785e-07
6.864931100655064646e-07
6.839621184454810421e-07
6.831512971580748959e-07
6.838733301061336035e-07
6.859199860261809869e-07
6.891181940821568284e-07
6.932924867286002195e-07
6.982076566224400144e-07
7.035548937389786331e-07
7.089825829693253761e-07
7.141315259606739341e-07
7.186386692800468511e-07
7.221370284325622548e-07
7.242819253926651706e-07
7.248141383828835277e-07
7.236305959493644432e-07
7.207887873784205766e-07
7.164631630521840426e-07
7.109117852507349023e-07
7.044933078212299506e-07
6.977286420233496664e-07
6.913254266184790678e-07
6.861039945171809190e-07
6.828037163518615953e-07
6.818298962814510537e-07
6.830717808364624919e-07
6.858931384201198290e-07
6.893401874846665290e-07
6.925065824183103850e-07
6.948746638398519098e-07
6.964406683690528333e-07
6.975618578428308371e-07
6.986570796685314765e-07
6.999379904345858384e-07
7.012883552028256028e-07
7.023658854806645795e-07
7.028667838042968232e-07
7.027885144170774529e-07
7.025047687197605114e-07
7.025722462074169467e-07
7.034047319297986754e-07
7.050476316349613210e-07
7.072063182973672500e-07
7.094878013029739968e-07
7.116541892065835522e-07
7.137046050668711540e-07
7.157520257085383228e-07
7.178040067315405957e-07
7.196064998777600488e-07
7.206268431347422932e-07
7.201907781862332253e-07
7.177333404627719522e-07
7.130696240141834918e-07
7.065557311067374483e-07
6.989986755084370954e-07
6.913404409618773833e-07
6.842969501702274772e-07
6.781899545296924823e-07
6.730244535987557658e-07
6.686715249955268103e-07
6.650359346333377568e-07
6.621279339254821544e-07
6.600468444439708610e-07
6.589140008013013406e-07
6.587808129415296445e-07
6.595591374804064927e-07
6.610416217585422498e-07
6.630210182308397226e-07
6.654393250666381415e-07
6.684903634780636144e-07
6.725971664846293887e-07
6.782393505087514288e-07
6.856969245611187936e-07
6.948318727077118001e-07
7.050049914494021440e-07
7.151511935061024320e-07
7.239942805627613590e-07
7.303577045910115406e-07
7.334883797296113456e-07
7.332672173560557162e-07
7.302230532320981387e-07
7.253446453545403808e-07
7.197579974302554358e-07
7.144014709304228414e-07
7.098454932853235011e-07
7.063364868402853989e-07
7.039961863073832663e-07
7.029654079592925159e-07
7.033464857152722767e-07
7.049943586211490543e-07
7.073553494540515007e-07
7.095443123516716263e-07
7.106487265357621680e-07
7.101016359822485101e-07
7.079027283140316175e-07
7.045719623211846618e-07
7.009062665352628852e-07
6.976941161685708304e-07
6.955314069747458751e-07
6.947784446289576962e-07
6.955854295486123731e-07
6.979207229824774501e-07
7.015777980308692878e-07
7.061700977181177728e-07
7.111643093366096067e-07
7.159740648583292400e-07
7.201080957605120579e-07
7.233147085350021180e-07
7.256083035658769128e-07
7.271555176353199189e-07
7.281289829729508094e-07
7.286398120015895613e-07
7.287661537737978978e-07
7.285901526546679104e-07
7.281828479755082616e-07
7.275892465243974460e-07
7.268638421791975481e-07
7.261476777815455128e-07
7.257227824916842521e-07
7.259782092988490606e-07
7.272773533288269961e-07
7.297634730434001053e-07
7.332037871934388204e-07
7.369797845134560562e-07
7.402502936792861506e-07
7.422018375336105954e-07
7.422938264318318162e-07
7.404204770275743025e-07
7.368955703454175063e-07
7.322285031403240395e-07
7.268186498477761811e-07
7.207695724072302509e-07
7.139367561436809125e-07
7.061557261229623162e-07
6.974913409545859329e-07
6.883765416664082267e-07
6.795683961004612257e-07
6.719573155789794623e-07
6.663289913317488225e-07
6.631523421313983991e-07
6.624714257005982187e-07
6.639272007935493787e-07
6.668649036837537694e-07
6.704954033299574782e-07
6.740907641819489124e-07
6.771677780666702358e-07
6.795752078623947156e-07
6.814148340698273555e-07
6.828527719988722288e-07
6.839532201189294219e-07
6.846333228809078498e-07
6.847539861192354985e-07
6.842693427686994669e-07
6.833245300535051936e-07
6.822233312968867852e-07
6.812850620360352851e-07
6.807492411032800018e-07
6.807583789422764106e-07
6.813705370735477733e-07
6.825533251402781043e-07
6.841138780093176683e-07
6.856839331155548909e-07
6.868171284053432919e-07
6.871281498789090154e-07
6.863887441098251709e-07
6.845516226476519062e-07
6.817165995228745405e-07
6.780854532316546988e-07
6.739333366583526838e-07
6.695985101137822621e-07
6.654711586509536157e-07
6.619530005705715030e-07
6.593943864093693878e-07
6.580032187836229120e-07
6.577431688720872980e-07
6.582922156592720424e-07
6.591313548770121844e-07
6.597517090324459880e-07
6.598748555521295076e-07
6.595536650817942198e-07
6.590888944852159607e-07
6.588350559183629126e-07
6.590198191540624416e-07
6.596389129907029898e-07
6.604326951268456991e-07
6.609546087524923035e-07
6.607332092842839060e-07
6.594696067674213415e-07
6.571634897596183465e-07
6.540926880942795969e-07
6.506839861105593003e-07
6.473782717392415383e-07
6.445524545551606858e-07
6.424918622186449415e-07
6.413669040080064971e-07
6.411967201683245687e-07
6.418195464678946540e-07
6.429233267257644419e-07
6.441655516959676767e-07
6.453204749091833906e-07
6.463663072038097137e-07
6.474464096085644140e-07
6.487170329798509774e-07
6.501922401902110422e-07
6.517006306582640330e-07
6.529819719399548613e-07
6.538406468150205524e-07
6.542335682909281052e-07
6.542346617752947319e-07
6.539258562221051503e-07
6.533189741446506356e-07
6.523682209540747369e-07
6.510444042044905082e-07
6.493909330880383974e-07
6.475109849304576212e-07
6.455110901886805045e-07
6.434674935518180256e-07
6.414384719808447944e-07
6.394977020542253595e-07
6.377563214940962448e-07
6.363468089041871493e-07
6.353604113711921267e-07
6.347691592482891587e-07
6.343813187377869887e-07
6.338757220283270070e-07
6.329307450673703996e-07
6.313890977926990108e-07
6.293559789981483240e-07
6.271661185980488006e-07
6.252505906504343634e-07
6.239997241016128588e-07
6.236923734771263804e-07
6.244891242434254644e-07
6.264177042896914119e-07
6.293199255626967113e-07
6.328167667400967775e-07
6.363671570036162322e-07
6.394424781654281845e-07
6.417229839350250323e-07
6.431863055056199274e-07
6.440417479335625770e-07
6.446044547328595750e-07
6.451984082754179798e-07
6.461088925480597620e-07
6.475605084704746562e-07
6.496821507123801679e-07
6.524843302995947203e-07
6.558730698494925968e-07
6.596827557051619462e-07
6.636874832469652779e-07
6.675825320916678373e-07
6.709922950264087026e-07
6.735790222740285254e-07
6.752103160376643298e-07
6.760677441230482252e-07
6.766226733088296832e-07
6.774688213823438454e-07
6.790548484875381811e-07
6.814205504902585999e-07
6.840812493136369241e-07
6.861512420270426306e-07
6.866944698297839437e-07
6.851456395870031236e-07
6.815598080252385789e-07
6.765544334855764536e-07
6.710258468750713922e-07
6.658381468165139629e-07
6.616303040972183854e-07
6.587370989382219097e-07
6.571668001441118431e-07
6.566298238140457428e-07
6.566368809722432041e-07
6.566445489453878880e-07
6.562291840035741070e-07
6.552480622602928594e-07
6.539256215372115656e-07
6.528089189614650598e-07
6.525562053515250914e-07
6.536306881311179653e-07
6.560354649849530458e-07
6.592354371407753773e-07
6.623297791397150353e-07
6.643970910746378726e-07
6.648131042432505699e-07
6.633806092239472930e-07
6.602841220368482138e-07
6.559677944409082919e-07
6.510156355479511826e-07
6.460655818134344574e-07
6.417402907806074268e-07
6.385637868022314070e-07
6.368808408561281215e-07
6.368060179112028931e-07
6.382136784348540591e-07
6.407568260652516619e-07
6.439139871868201150e-07
6.470846146345418183e-07
6.497345675812254639e-07
6.515575633400090238e-07
6.525618191800328252e-07
6.530016486677598864e-07
6.531904410268077452e-07
6.533197129648659146e-07
6.533855962915618846e-07
6.532492125250746155e-07
6.527769150310455893e-07
6.519401403004024365e-07
6.507922479618418223e-07
6.493631621717174754e-07
6.475860382190572437e-07
6.453702804154043046e-07
6.427795968453123118e-07
6.401327265872113519e-07
6.379200228526181347e-07
6.366014664087139313e-07
6.364339764124233716e-07
6.374138070598175005e-07
6.393191195913376991e-07
6.418015184605005168e-07
6.445008399668877985e-07
6.471615057153658440e-07
6.497235231402847416e-07
6.523536397193477665e-07
6.553806417343772265e-07
6.591324758410820427e-07
6.637306912751737342e-07
6.689472157935688896e-07
6.742100825537886385e-07
6.787624090518449558e-07
6.819170260946312811e-07
6.833006067709542069e-07
6.829606950399723340e-07
6.812736649068512760e-07
6.787173077873281928e-07
6.756532268438881202e-07
6.722187482683826323e-07
6.683443295887601026e-07
6.638735454559840637e-07
6.587288690311434393e-07
6.530507411823794045e-07
6.472487878840554564e-07
6.419236939240802514e-07
6.376838467669309522e-07
6.349441875757888979e-07
6.337853778296861077e-07
6.339244271161165370e-07
6.348261149858793419e-07
6.359258446417714162e-07
6.368464657730656659e-07
6.374800830750588698e-07
6.378966791921410444e-07
6.381747018882220512e-07
6.383103551505336038e-07
6.382569657163201474e-07
0.000000000000000000e+00
1.544465350765158682e-08
8.179485938117244651e-09
5.848466752323140438e-09
4.832461191954209860e-09
4.367833991403942212e-09
4.218873771542524311e-09
4.313347662177140321e-09
4.638774491000041966e-09
5.275729963800872753e-09
6.343058668285450098e-09
8.049727429602177000e-09
1.093800881170854096e-08
1.609377260135115522e-08
2.689510095897643352e-08
5.865575737777705635e-08
3.842014012767559577e-07
-1.542023046454522986e-07
-8.761608179670490763e-08
-7.442083901249725657e-08
-7.283350505831281191e-08
-7.615779440386196738e-08
-8.397553389792212793e-08
-9.250088799168185153e-08
-1.031639339903035592e-07
-1.145040068979707553e-07
-1.228341182926971893e-07
-1.388649316609614685e-07
-1.642583712144615789e-07
-1.931882373288083519e-07
-2.483474940736553768e-07
-3.532897597635537558e-07
-3.886379171928067538e-07
-2.822702768885125686e-07
-2.336037201940658579e-07
-2.251780504841236158e-07
-2.200518727134870358e-07
-2.645082583215992573e-07
-3.174941588285648378e-07
-3.066545511143597193e-07
-3.715076006374874239e-07
-4.352169922218340605e-07
-4.409081132944684956e-07
-4.190780826957238473e-07
-2.791399117123834994e-07
-1.578599167093182792e-07
-9.864744358548136456e-08
-7.266446849723625077e-08
-5.926872502107312877e-08
-5.281000802726727135e-08
-5.139915021459052710e-08
-5.651486149857741546e-08
-7.571340560820746603e-08
-1.426451686261554661e-07
3.345639964965284839e-05
1.488157001556613335e-07
7.580739856319750020e-08
5.201889336636431495e-08
4.215589643916707859e-08
3.631834108104341843e-08
3.225421185513403977e-08
2.991770895257825182e-08
2.978724580643324791e-08
3.165367126157152092e-08
3.531238580154573525e-08
4.172054227262671237e-08
5.260492139460490799e-08
7.093047200620150419e-08
1.034258685964262326e-07
1.429398616789980286e-07
1.583353021969883165e-07
1.487407946372609122e-07
1.140399693346296575e-07
8.048387543746307404e-08
6.090143694162477315e-08
4.904710960924041238e-08
4.114101834211641223e-08
3.713508361614198117e-08
3.522443014637409905e-08
3.410980130350452295e-08
3.356902916944448128e-08
3.305842236859107824e-08
3.200040661581890534e-08
3.016814336340794368e-08
2.825322003630314615e-08
2.701788634540313248e-08
2.650391162295025372e-08
2.608320511128507643e-08
2.559609130946369797e-08
2.506145046258168251e-08
2.455906939130373842e-08
2.394189324624924229e-08
2.258544810136697781e-08
2.077944532973388888e-08
1.884057403660841950e-08
1.709590353764746497e-08
1.602303653150823333e-08
1.548845594244173811e-08
1.502222600688001819e-08
1.491017130785669300e-08
1.522448225475975630e-08
1.585157528558265275e-08
1.649557392684133501e-08
1.693617076789774753e-08
1.734649418503133698e-08
1.759044015908090907e-08
1.751386893369412039e-08
1.724072689842649333e-08
1.707381962519257630e-08
1.697404954840845693e-08
1.714936745947722242e-08
1.741267892152580085e-08
1.778085494993824414e-08
1.847550592774678017e-08
1.945872331472527923e-08
2.077567795626973056e-08
2.215431731839469484e-08
2.348453229846969237e-08
2.488818706890367615e-08
2.585169052253792322e-08
2.666727331700490368e-08
2.872857277964867505e-08
3.244854267530720923e-08
3.635719527189450412e-08
4.021247677290543713e-08
4.239543385501411438e-08
3.990181844078592407e-08
3.632555401221079448e-08
3.310215069124102514e-08
3.036407177073178849e-08
2.779312705674023598e-08
2.523335718048404631e-08
2.328469511552434390e-08
2.162557976523696344e-08
2.036941539997053452e-08
1.938639064956614242e-08
1.867018950811996582e-08
1.831557781264690776e-08
1.834689002207763595e-08
1.862595609240702301e-08
1.904365896032288116e-08
1.997364967266256408e-08
2.123946165599327581e-08
2.280311721521402207e-08
2.498980716324188908e-08
2.750371366017002171e-08
2.998039490824551793e-08
3.228187590267644805e-08
3.492504602228862463e-08
3.807696930394003586e-08
4.127895181506405391e-08
4.361988491628435486e-08
4.584056619031465870e-08
4.984952418251445757e-08
5.409947051431217641e-08
5.702646895882248375e-08
5.763097147280983629e-08
5.427815856895949725e-08
4.764701349838820790e-08
4.147902054731158640e-08
3.720944635351153890e-08
3.501584991794395373e-08
3.390526419213020998e-08
3.324631316076123111e-08
3.410648043058278176e-08
3.540271248888487511e-08
3.577554474760429817e-08
3.575101691653768375e-08
3.535506090525161337e-08
3.521537359171185010e-08
3.462248299751985680e-08
3.267141042696720664e-08
3.079649705124184996e-08
2.965700741894521984e-08
2.835297734864033451e-08
2.733658740880283560e-08
2.668754875899245389e-08
2.543515783332638868e-08
2.428286824938319291e-08
2.311217967732435044e-08
2.172106826179330838e-08
2.091348124256776774e-08
2.062046072862663812e-08
2.024353808497623864e-08
1.999734958335791613e-08
2.014644060284548347e-08
2.071958103777639396e-08
2.127451977598600321e-08
2.168422563081210055e-08
2.242227218458120577e-08
2.354179001675167716e-08
2.504022882405499259e-08
2.740024922851983479e-08
3.055507649328554092e-08
3.270614757800332454e-08
3.383691604765365692e-08
3.419070063449640154e-08
3.274274850782733718e-08
3.146260326103814822e-08
3.095036270108361059e-08
2.991769957397732193e-08
2.911293666670519489e-08
2.862910876254374257e-08
2.860965983794740377e-08
2.979456611703919810e-08
3.152334022699105859e-08
3.266449052946320037e-08
3.348519018502707418e-08
3.405938646473322728e-08
3.393785344753604369e-08
3.333042513206420344e-08
3.260168970906123261e-08
3.143179415894151757e-08
2.995182249137553746e-08
2.766920797098096681e-08
2.528561631884630178e-08
2.331799778576682898e-08
2.134288978206400046e-08
1.993383890787189238e-08
1.907291667256922483e-08
1.876240186076281363e-08
1.892247739891131015e-08
1.924391215459524085e-08
2.029842906297233221e-08
2.207392841876136620e-08
2.451297211881533004e-08
2.795133146476279882e-08
3.263246317828473485e-08
3.859028113148423324e-08
4.477217173297414789e-08
5.092749370840800991e-08
5.671174713259366468e-08
6.005187819327836828e-08
5.741542721974798303e-08
5.063655273770739889e-08
4.351421366740617090e-08
3.795720770290918963e-08
3.341855480115182588e-08
3.028594107881348593e-08
2.914135864568707237e-08
2.852751197161107439e-08
2.804872159914297388e-08
2.787582218991921324e-08
2.825085160915278491e-08
2.890417216839563960e-08
2.883242818349297945e-08
2.816194261897670038e-08
2.720349014337367321e-08
2.663139792290883803e-08
2.643109432846758177e-08
2.594592175151199044e-08
2.568762832167845214e-08
2.613649332069660817e-08
2.639183130480529054e-08
2.646775957408590905e-08
2.650411050294611041e-08
2.594419974902734534e-08
2.529793703122515397e-08
2.458120973923924388e-08
2.369028662980464534e-08
2.293730342461506493e-08
2.201874268874139940e-08
2.109413845978906592e-08
2.048337104629913654e-08
2.041444089426194068e-08
2.094881316120794692e-08
2.156718453654145604e-08
2.215420946789936043e-08
2.277516060412546937e-08
2.304717610772468842e-08
2.326576143762031792e-08
2.331350070877070275e-08
2.299986940815049401e-08
2.286360504608161843e-08
2.282027113225523359e-08
2.275932654014134337e-08
2.267258679090885286e-08
2.274710226511823660e-08
2.265167740820065835e-08
2.253196029244029889e-08
2.260933348262573257e-08
2.281289654119322951e-08
2.307265096239749643e-08
2.299495703126427192e-08
2.287149950607144170e-08
2.270297301768396960e-08
2.234787791762297223e-08
2.204534649058424889e-08
2.213367511050562610e-08
2.229934346608212272e-08
2.235895737191642896e-08
2.210701800369664681e-08
2.177641917431543701e-08
2.162430646255474370e-08
2.133816193092388504e-08
2.106154083429371322e-08
2.087114793893128985e-08
2.062309553265399803e-08
2.008473678169659375e-08
1.975151278262585605e-08
1.988545285379461692e-08
1.998566154347666003e-08
1.968252626833001167e-08
1.905851100918785415e-08
1.821696556720666207e-08
1.719033443390233602e-08
1.614570634269105790e-08
1.518675278212583089e-08
1.428961649946442479e-08
1.348458345992262375e-08
1.280629017187234913e-08
1.224058639900202717e-08
1.189875799947577610e-08
1.187152951742558789e-08
1.190705516449123708e-08
1.189395222324690045e-08
1.207014251245288713e-08
1.245561034306478195e-08
1.288724853451803156e-08
1.331349228063940557e-08
1.378312415139507065e-08
1.436852465297351843e-08
1.504786226962870485e-08
1.575701417224399224e-08
1.658689971790297541e-08
1.746037312035452630e-08
1.815348029574430107e-08
1.850422052775657876e-08
1.850803755523312895e-08
1.829465111103184875e-08
1.798842948679638583e-08
1.771058379868531412e-08
1.746602409353642237e-08
1.722623803465299928e-08
1.691288485087969450e-08
1.663283075983912703e-08
1.649730074723120928e-08
1.635828556933553294e-08
1.620269433315393800e-08
1.616990715595940077e-08
1.623542374107194323e-08
1.636213138501508726e-08
1.654951049088016874e-08
1.671069571765872500e-08
1.688381882045702952e-08
1.704508832778775769e-08
1.716409210604963036e-08
1.737920913135433253e-08
1.776100554832671980e-08
1.832164519506548676e-08
1.922762061788181514e-08
2.024520822189914399e-08
2.155932175611520450e-08
2.334306117801842858e-08
2.516356933679722175e-08
2.692897902866349142e-08
2.842020238612678886e-08
2.932364057901989352e-08
2.993015884486922284e-08
3.054147661584065270e-08
3.085486538610176507e-08
3.068222088606209501e-08
3.058930700238043926e-08
3.098563258261477681e-08
3.094095536733667042e-08
3.047578824267133253e-08
3.003231736397204167e-08
3.001067681398453322e-08
3.059229037930919549e-08
3.129645326812258177e-08
3.137500058059998575e-08
3.193536894978386638e-08
3.293175219139297109e-08
3.286390642176430539e-08
3.230198695929606282e-08
3.162481167876965667e-08
2.984232322177466995e-08
2.758384446193725013e-08
2.547231264139371442e-08
2.363068507616316162e-08
2.240115715023600738e-08
2.145565634599548878e-08
2.075284374296120214e-08
2.034492681400899952e-08
2.036830728914124060e-08
2.091121241629678750e-08
2.188799308454271409e-08
2.323506061852847058e-08
2.440300607778872536e-08
2.537532568683135430e-08
2.626984147573768793e-08
2.701096066903758926e-08
2.735440776351888216e-08
2.713301240385186196e-08
2.643970421451832887e-08
2.535510440736130651e-08
2.415154010431611010e-08
2.275977389867604685e-08
2.140018105251074002e-08
2.033264159097530638e-08
1.997033018741301317e-08
1.998826900024722420e-08
2.022619906952957877e-08
2.082753209407939292e-08
2.178342930838561305e-08
2.312908377488206357e-08
2.480575780881192806e-08
2.650765667451633180e-08
2.802555388230933378e-08
2.902169072664456526e-08
2.911710613713850137e-08
2.916444400707104581e-08
2.938579505048244572e-08
2.997619562972321929e-08
3.095941992761928206e-08
3.187844489689815263e-08
3.296455533832227514e-08
3.478660197368607903e-08
3.629765407629153698e-08
3.730352499430664672e-08
3.878528500918447196e-08
3.978837566050096867e-08
3.965518906447047424e-08
3.879019858991979081e-08
3.761033012959635519e-08
3.625235808717848474e-08
3.513197285602858691e-08
3.372482774396828145e-08
3.237396086925575303e-08
3.145386914595841415e-08
3.046115298085001085e-08
2.945908675593801824e-08
2.862223320544690958e-08
2.778262458139284093e-08
2.686324604646919635e-08
2.616792970485104592e-08
2.572930622367853139e-08
2.548497929118281178e-08
2.536366364443590757e-08
2.517230278602600042e-08
2.486475222810525305e-08
2.463821217586478562e-08
2.456638584976203121e-08
2.465966204657485958e-08
2.475168717398647844e-08
2.482137293514035540e-08
2.490546828336798106e-08
2.480257944264179461e-08
2.475224990689356190e-08
2.473892585517820793e-08
2.464161907128841791e-08
2.497846688018851016e-08
2.527070946681235592e-08
2.490520261394792154e-08
2.466839156852814213e-08
2.416799804491904173e-08
2.328427642832034212e-08
2.244085574249606407e-08
2.151313509147288675e-08
2.062565307606787400e-08
1.972025722491604638e-08
1.881081709540653546e-08
1.813197629599755812e-08
1.763468132887297890e-08
1.718638251601540152e-08
1.674326836359688566e-08
1.634099835718164082e-08
1.597404611947761306e-08
1.561123039022815208e-08
1.522357880730137365e-08
1.478460317470027791e-08
1.446406616488353199e-08
1.424286706720439922e-08
1.398851665382451357e-08
1.381645598473211288e-08
1.380695202580495344e-08
1.390930905248587040e-08
1.410134858963175618e-08
1.443004127711082465e-08
1.488002206361669104e-08
1.546624153540433959e-08
1.613491406942359884e-08
1.685351416097294097e-08
1.765644041460995929e-08
1.838919841975018829e-08
1.891214189091528191e-08
1.933973818661512488e-08
1.963108816458086456e-08
1.956605368241753845e-08
1.938054295151829897e-08
1.920526446521830812e-08
1.900761330886994508e-08
1.888277083010041839e-08
1.890285804225331708e-08
1.898312720122474958e-08
1.898849020582648002e-08
1.895611379773501506e-08
1.873497913613007486e-08
1.806715426362082841e-08
1.738172012610451469e-08
1.690372111583619329e-08
1.653582654731264580e-08
1.631463356841496842e-08
1.616773478064739927e-08
1.604440279286870781e-08
1.595079724301587330e-08
1.588694818451692456e-08
1.579023286427862966e-08
1.565072592678882908e-08
1.552267938252083636e-08
1.541936803878238169e-08
1.537134947799350471e-08
1.535768368450346377e-08
1.536959421283865143e-08
1.543673575512176553e-08
1.553607132658175224e-08
1.560859156560716009e-08
1.563702005107743941e-08
1.562201062741472353e-08
1.549051489401788483e-08
1.528067230107714408e-08
1.508874410429909568e-08
1.493606906024776050e-08
1.481431269140214236e-08
1.478983805747561426e-08
1.490067340832056743e-08
1.511342368340295069e-08
1.538221269283854985e-08
1.568974098198145890e-08
1.603793549193492818e-08
1.633862382386903520e-08
1.653649222994533251e-08
1.661754926359737000e-08
1.659424676315788058e-08
1.643917679588688339e-08
1.622472711002943462e-08
1.600593913579472558e-08
1.579563691993665719e-08
1.566063386514344395e-08
1.559828222918175980e-08
1.556423290837558692e-08
1.561293337222163145e-08
1.580417808410081369e-08
1.605057664525489576e-08
1.631836176160501935e-08
1.655607315482485731e-08
1.672164712226083065e-08
1.674995777193629387e-08
1.660938088567626657e-08
1.637977411234617776e-08
1.610392902350530028e-08
1.582914282081429432e-08
1.560255475419842501e-08
1.546407599395092391e-08
1.545240812180471029e-08
1.555544662091334215e-08
1.574377123402064331e-08
1.594451900874862980e-08
1.614585000748643746e-08
1.632829241591733025e-08
1.641290718514194658e-08
1.648589549198048823e-08
1.661155021978798899e-08
1.673303811364965363e-08
1.676998151003903417e-08
1.672715072503197581e-08
1.664133157993098343e-08
1.651933054386835749e-08
1.634997444353411125e-08
1.616043425544945668e-08
1.593675508260413568e-08
1.573545708079841498e-08
1.554627980422707051e-08
1.538660992213061225e-08
1.529411001418449297e-08
1.524186944271966977e-08
1.526168015239912592e-08
1.536493560066842307e-08
1.555642682910251768e-08
1.577016239675886524e-08
1.601413773556250579e-08
1.618975294268959733e-08
1.625370579433824651e-08
1.630656872070795861e-08
1.630747081231713910e-08
1.625965071852248057e-08
1.628523754558685448e-08
1.637614113495614729e-08
1.650812453154880717e-08
1.671075882514225308e-08
1.696630822469302889e-08
1.732249988245107551e-08
1.770527514290033486e-08
1.813109481748627635e-08
1.853261796637722758e-08
1.884524618860579558e-08
1.930968159165084251e-08
1.982493183452050544e-08
2.024300528196262336e-08
2.049700483674341216e-08
2.045412922135301954e-08
2.020487013068928868e-08
1.978791443614424987e-08
1.942597489222000402e-08
1.903368755840729738e-08
1.853428745079557789e-08
1.803046004483228364e-08
1.752382367716476301e-08
1.720271351924695918e-08
1.703831962612069225e-08
1.694640418230756769e-08
1.687827249733362945e-08
1.681406083938831954e-08
1.675625662936518342e-08
1.670675907991805943e-08
1.670603144649895982e-08
1.669320407685695540e-08
1.664652221525905701e-08
1.661793583546967311e-08
1.658505849176205839e-08
1.659278956794734437e-08
1.664446137128439346e-08
1.674783958528669423e-08
1.691513739363829326e-08
1.713286981949759017e-08
1.732109458832108699e-08
1.743786943033342950e-08
1.753310435023400104e-08
1.761416328452017729e-08
1.763594608463681510e-08
1.754381830288610739e-08
1.737336330624393758e-08
1.718534335546992780e-08
1.712493804844257815e-08
1.715929974728144487e-08
1.726298885465768302e-08
1.744531408142438308e-08
1.767608776384238078e-08
1.796541081746909268e-08
1.822728509368880871e-08
1.838766846677297286e-08
1.847709748113132227e-08
1.857057774041248856e-08
1.859945609338883319e-08
1.856386840447100161e-08
1.853027066607002380e-08
1.852314318840846246e-08
1.845720100794028436e-08
1.827847546270425689e-08
1.805607726611091605e-08
1.778149744522571811e-08
1.745137964998759691e-08
1.716544050530837035e-08
1.709322404366598594e-08
1.718356733075154398e-08
1.732978242228872286e-08
1.763720790521247149e-08
1.808573397130867320e-08
1.855001273144183629e-08
1.909351849317860461e-08
1.958909511323120036e-08
2.002375305881816160e-08
2.039380077946246846e-08
2.046981282402860141e-08
2.024864303719586391e-08
1.983512067750275102e-08
1.939416186110148939e-08
1.894403433151739132e-08
1.843090558334841198e-08
1.798052720461913421e-08
1.770820537501286367e-08
1.758641059172628604e-08
1.755864901588800135e-08
1.769569186696741689e-08
1.786783682994357009e-08
1.798388638237451917e-08
1.827680012159915448e-08
1.857077726270465773e-08
1.879385872613947550e-08
1.892668396690323300e-08
1.892858801837310546e-08
1.891883415284222049e-08
1.880923608126055479e-08
1.850334060437958355e-08
1.805651327045446463e-08
1.774554219111995990e-08
1.746489419539608534e-08
1.715356129209438018e-08
1.690620328097580835e-08
1.664821542447328697e-08
1.643986224530710353e-08
1.626171480640907021e-08
1.607825996714088902e-08
1.599262577950282789e-08
1.594404261287306516e-08
1.589906525441421368e-08
1.594625695272315567e-08
1.601208919430831250e-08
1.604096397788915413e-08
1.607508122495768294e-08
1.608439162484604661e-08
1.606069194387439430e-08
1.602189003478979462e-08
1.598003381600395533e-08
1.593077415669700196e-08
1.592518701549524227e-08
1.594099897158945280e-08
1.597129799732598671e-08
1.610814498993932740e-08
1.630491404108708190e-08
1.654183964037534279e-08
1.673891017199633938e-08
1.687672228649691045e-08
1.697957304283833732e-08
1.693979061900071014e-08
1.683483972453818223e-08
1.673158903778513580e-08
1.664147845637146892e-08
1.653935573569965539e-08
1.645619125809678877e-08
1.643621105550594677e-08
1.637250881378565248e-08
1.626915320592879139e-08
1.613636525274918886e-08
1.590720860866520835e-08
1.562432276122459040e-08
1.535628512448765158e-08
1.504687699183080018e-08
1.469941330187836590e-08
1.441364817456494518e-08
1.420911184359031819e-08
1.400756534900308029e-08
1.379184757573076211e-08
1.359070197802545737e-08
1.344580979921226831e-08
1.335743484335014012e-08
1.330895352847930438e-08
1.331221359176059681e-08
1.339579316931802471e-08
1.359813392266654053e-08
1.388923958141360875e-08
1.426711269671621456e-08
1.471646215075604156e-08
1.519994100907514558e-08
1.574530341604629519e-08
1.631267651309202877e-08
1.690367355246404997e-08
1.742602527997277264e-08
1.777264239030083241e-08
1.792333725944096328e-08
1.788010545145430924e-08
1.775251136768444896e-08
1.758749549270544627e-08
1.730983710203218111e-08
1.696408481931807807e-08
1.671269839916099267e-08
1.652075151178203113e-08
1.637721113640757493e-08
1.629139043866501137e-08
1.631604760103811889e-08
1.646687662025907746e-08
1.665030896618330090e-08
1.678604315355888362e-08
1.687693556922032701e-08
1.692792605381196080e-08
1.692531528607044121e-08
1.689963970049479140e-08
1.676627955268183369e-08
1.657928817858309451e-08
1.636781433746688454e-08
1.614912006576963318e-08
1.596573267654535460e-08
1.583870638206595616e-08
1.582728269010868921e-08
1.588366249996104486e-08
1.602059384032942358e-08
1.626721399103078937e-08
1.652966306017064794e-08
1.685100739379689204e-08
1.724094062294478541e-08
1.760138370889875424e-08
1.792993469032149030e-08
1.817133617712722425e-08
1.827039134124705169e-08
1.827377805749888685e-08
1.824492226421327386e-08
1.807942692096923836e-08
1.783799947981492246e-08
1.767672982316693009e-08
1.751756168395286421e-08
1.739481345936460983e-08
1.729203141939632691e-08
1.718267857037764900e-08
1.712958277136745202e-08
1.711560691759824566e-08
1.720012741806714600e-08
1.733328910666584318e-08
1.748825310341578322e-08
1.766210464699088968e-08
1.789564002543913039e-08
1.826005634989080553e-08
1.857841899487974925e-08
1.878459586065142956e-08
1.893454352842712274e-08
1.891434898689380485e-08
1.868809977507810730e-08
1.832987995784448128e-08
1.787322123416426495e-08
1.739997776777595816e-08
1.696105739052570544e-08
1.658411240318679031e-08
1.617011760619962238e-08
1.573994274896200887e-08
1.547954725087216840e-08
1.528998180871856051e-08
1.515578146264763210e-08
1.512253436323795578e-08
1.508539185675762133e-08
1.509202763882495549e-08
1.519132049653611312e-08
1.528733845032083626e-08
1.539348903821344934e-08
1.547475235486511661e-08
1.555160377406890886e-08
1.566951473729063527e-08
1.578482395206864771e-08
1.592146928002994076e-08
1.600784310375582822e-08
1.610899899379513148e-08
1.625283917393436269e-08
1.637504946629924268e-08
1.647469748435803263e-08
1.652269157020666106e-08
1.649532324652114415e-08
1.639112254842984859e-08
1.627793012654927278e-08
1.619886353095957650e-08
1.616709429200934634e-08
1.615039374188650761e-08
1.615616586765551171e-08
1.626852012530067811e-08
1.647185828941933064e-08
1.670585671080458335e-08
1.690923999742678320e-08
1.704834998234831704e-08
1.714575791916348588e-08
1.718748400378453568e-08
1.717270634775584495e-08
1.719099140466830508e-08
1.722990023222172298e-08
1.725408145874350141e-08
1.730699420589842199e-08
1.738610790801382897e-08
1.748617087524657890e-08
1.755573119480908979e-08
1.764816849410481882e-08
1.779281273355185592e-08
1.791100353316987986e-08
1.799983273390863833e-08
1.809889862987167856e-08
1.823147697269937979e-08
1.836250834830643207e-08
1.851135589525629331e-08
1.869239607787174246e-08
1.883163695189953960e-08
1.897915752398038252e-08
1.914972151080200767e-08
1.929635530988709330e-08
1.957058601294753791e-08
2.000470242177758821e-08
2.033411613024693865e-08
2.052389501777737724e-08
2.073431171667185900e-08
2.078141042545095553e-08
2.063263168218819439e-08
2.037996897387395156e-08
1.999466710441992989e-08
1.955186844369104440e-08
1.907853133168828619e-08
1.861478208764733467e-08
1.825807148442154712e-08
1.808233901437839578e-08
1.797402175616530682e-08
1.792676045392238415e-08
1.805640737013695068e-08
1.823621715849021907e-08
1.828097167967553968e-08
1.825138656050009413e-08
1.822670163438194004e-08
1.818387522790100637e-08
1.810036176743964601e-08
1.793709221548457955e-08
1.782198767381365227e-08
1.778555388375650177e-08
1.786179689900108132e-08
1.794891079372983742e-08
1.793337738406316811e-08
1.790969060576192198e-08
1.784956143610693684e-08
1.762037907138195131e-08
1.727824619758372933e-08
1.697514663735767863e-08
1.674910889973660908e-08
1.659948709398207579e-08
1.653137954610159570e-08
1.658268409470143226e-08
1.679741694004656334e-08
1.718471408417192996e-08
1.761187514706733525e-08
1.800180062003732600e-08
1.841901173253334084e-08
1.879527021508191197e-08
1.901571806626016720e-08
1.908568358203759238e-08
1.917265401006698781e-08
1.920520782834439816e-08
1.907611505922285803e-08
1.901079475995867279e-08
1.901488912503374898e-08
1.905775822720520604e-08
1.908594390945293728e-08
1.904280452027912622e-08
1.897488734084849308e-08
1.892992618876742105e-08
1.892022249316782543e-08
1.885859991450462214e-08
1.874117928472540997e-08
1.861885891501936903e-08
1.853394197639659025e-08
1.852917638653928658e-08
1.856625622464856403e-08
1.865142702065712173e-08
1.889093261831294024e-08
1.928055919798940932e-08
1.963130303003682348e-08
1.987150712745913815e-08
1.997941878198189952e-08
1.995331942986064370e-08
1.983214282080577719e-08
1.956014475245506554e-08
1.914116095527837845e-08
1.871352570434308934e-08
1.844706695054988354e-08
1.818836578025112701e-08
1.791169980205988365e-08
1.776878598232380852e-08
1.771437428929776274e-08
1.771554630904987595e-08
1.777655399526900111e-08
1.775049752639028248e-08
1.767776498363517365e-08
1.770827187978517602e-08
1.765515746683751250e-08
1.752726584491175886e-08
1.741972540786833882e-08
1.727713247793609934e-08
1.705211405670846146e-08
1.686551023011398300e-08
1.677216472358882281e-08
1.661176768873183189e-08
1.638786418541313374e-08
1.615714557974365419e-08
1.591837537510830355e-08
1.569170104947465824e-08
1.559066162940671591e-08
1.558745298199008573e-08
1.561944699866641874e-08
1.576213190322189477e-08
1.608775026829414695e-08
1.654179698716126516e-08
1.693597268121247156e-08
1.737746983071838592e-08
1.778419394714119804e-08
1.797063231141769923e-08
1.813062022815265215e-08
1.818560373566236605e-08
1.809455075766332128e-08
1.795666588835855880e-08
1.773548428785464622e-08
1.746110308136954152e-08
1.718419983157077518e-08
1.693367688856064389e-08
1.660333003283191602e-08
1.632033744962440285e-08
1.619351996778516167e-08
1.604991418783411266e-08
1.594403177909178306e-08
1.590594310737776320e-08
1.587380144670590621e-08
1.584121098787414479e-08
1.585767816011994393e-08
1.587953817677064316e-08
1.586476734482689971e-08
1.585774831587448563e-08
1.589691135163249789e-08
1.593528636667108860e-08
1.592746367701836315e-08
1.592903162125474337e-08
1.588445300926231914e-08
