1.000000000000000021e-02
2.000000000000000042e-02
2.999999999999999889e-02
4.000000000000000083e-02
5.000000000000000278e-02
5.999999999999999778e-02
7.000000000000000666e-02
8.000000000000000167e-02
9.000000000000001055e-02
1.000000000000000056e-01
1.099999999999999867e-01
1.199999999999999956e-01
1.300000000000000044e-01
1.400000000000000133e-01
1.499999999999999944e-01
1.600000000000000033e-01
1.700000000000000122e-01
1.800000000000000211e-01
1.900000000000000022e-01
2.000000000000000111e-01
2.100000000000000200e-01
2.199999999999999734e-01
2.299999999999999822e-01
2.399999999999999911e-01
2.500000000000000000e-01
2.600000000000000089e-01
2.700000000000000178e-01
2.800000000000000266e-01
2.900000000000000355e-01
2.999999999999999889e-01
3.099999999999999978e-01
3.200000000000000067e-01
3.300000000000000155e-01
3.400000000000000244e-01
3.500000000000000333e-01
3.600000000000000422e-01
3.699999999999999956e-01
3.800000000000000044e-01
3.900000000000000133e-01
4.000000000000000222e-01
4.100000000000000311e-01
4.200000000000000400e-01
4.300000000000000488e-01
4.399999999999999467e-01
4.499999999999999556e-01
4.599999999999999645e-01
4.699999999999999734e-01
4.799999999999999822e-01
4.899999999999999911e-01
5.000000000000000000e-01
5.100000000000000089e-01
5.200000000000000178e-01
5.300000000000000266e-01
5.400000000000000355e-01
5.500000000000000444e-01
5.600000000000000533e-01
5.700000000000000622e-01
5.800000000000000711e-01
5.900000000000000799e-01
5.999999999999999778e-01
6.099999999999999867e-01
6.199999999999999956e-01
6.300000000000000044e-01
6.400000000000000133e-01
6.500000000000000222e-01
6.600000000000000311e-01
6.700000000000000400e-01
6.800000000000000488e-01
6.900000000000000577e-01
7.000000000000000666e-01
7.100000000000000755e-01
7.200000000000000844e-01
7.299999999999999822e-01
7.399999999999999911e-01
7.500000000000000000e-01
7.600000000000000089e-01
7.700000000000000178e-01
7.800000000000000266e-01
7.900000000000000355e-01
8.000000000000000444e-01
8.100000000000000533e-01
8.200000000000000622e-01
8.300000000000000711e-01
8.400000000000000799e-01
8.500000000000000888e-01
8.600000000000000977e-01
8.700000000000001066e-01
8.799999999999998934e-01
8.899999999999999023e-01
8.999999999999999112e-01
9.099999999999999201e-01
9.199999999999999289e-01
9.299999999999999378e-01
9.399999999999999467e-01
9.499999999999999556e-01
9.599999999999999645e-01
9.699999999999999734e-01
9.799999999999999822e-01
9.899999999999999911e-01
1.000000000000000000e+00
1.010000000000000009e+00
1.020000000000000018e+00
1.030000000000000027e+00
1.040000000000000036e+00
1.050000000000000044e+00
1.060000000000000053e+00
1.070000000000000062e+00
1.080000000000000071e+00
1.090000000000000080e+00
1.100000000000000089e+00
1.110000000000000098e+00
1.120000000000000107e+00
1.130000000000000115e+00
1.140000000000000124e+00
1.150000000000000133e+00
1.160000000000000142e+00
1.170000000000000151e+00
1.180000000000000160e+00
1.190000000000000169e+00
1.199999999999999956e+00
1.209999999999999964e+00
1.219999999999999973e+00
1.229999999999999982e+00
1.239999999999999991e+00
1.250000000000000000e+00
1.260000000000000009e+00
1.270000000000000018e+00
1.280000000000000027e+00
1.290000000000000036e+00
1.300000000000000044e+00
1.310000000000000053e+00
1.320000000000000062e+00
1.330000000000000071e+00
1.340000000000000080e+00
1.350000000000000089e+00
1.360000000000000098e+00
1.370000000000000107e+00
1.380000000000000115e+00
1.390000000000000124e+00
1.400000000000000133e+00
1.410000000000000142e+00
1.420000000000000151e+00
1.430000000000000160e+00
1.440000000000000169e+00
1.449999999999999956e+00
1.459999999999999964e+00
1.469999999999999973e+00
1.479999999999999982e+00
1.489999999999999991e+00
1.500000000000000000e+00
1.510000000000000009e+00
1.520000000000000018e+00
1.530000000000000027e+00
1.540000000000000036e+00
1.550000000000000044e+00
1.560000000000000053e+00
1.570000000000000062e+00
1.580000000000000071e+00
1.590000000000000080e+00
1.600000000000000089e+00
1.610000000000000098e+00
1.620000000000000107e+00
1.630000000000000115e+00
1.640000000000000124e+00
1.650000000000000133e+00
1.660000000000000142e+00
1.670000000000000151e+00
1.680000000000000160e+00
1.690000000000000169e+00
1.700000000000000178e+00
1.710000000000000187e+00
1.720000000000000195e+00
1.730000000000000204e+00
1.740000000000000213e+00
1.750000000000000222e+00
1.759999999999999787e+00
1.770000000000000018e+00
1.779999999999999805e+00
1.790000000000000036e+00
1.799999999999999822e+00
1.810000000000000053e+00
1.819999999999999840e+00
1.830000000000000071e+00
1.839999999999999858e+00
1.850000000000000089e+00
1.859999999999999876e+00
1.870000000000000107e+00
1.879999999999999893e+00
1.890000000000000124e+00
1.899999999999999911e+00
1.910000000000000142e+00
1.919999999999999929e+00
1.930000000000000160e+00
1.939999999999999947e+00
1.950000000000000178e+00
1.959999999999999964e+00
1.970000000000000195e+00
1.979999999999999982e+00
1.990000000000000213e+00
2.000000000000000000e+00
2.010000000000000231e+00
2.020000000000000018e+00
2.030000000000000249e+00
2.040000000000000036e+00
2.050000000000000266e+00
2.060000000000000053e+00
2.070000000000000284e+00
2.080000000000000071e+00
2.089999999999999858e+00
2.100000000000000089e+00
2.109999999999999876e+00
2.120000000000000107e+00
2.129999999999999893e+00
2.140000000000000124e+00
2.149999999999999911e+00
2.160000000000000142e+00
2.169999999999999929e+00
2.180000000000000160e+00
2.189999999999999947e+00
2.200000000000000178e+00
2.209999999999999964e+00
2.220000000000000195e+00
2.229999999999999982e+00
2.240000000000000213e+00
2.250000000000000000e+00
2.260000000000000231e+00
2.270000000000000018e+00
2.280000000000000249e+00
2.290000000000000036e+00
2.300000000000000266e+00
2.310000000000000053e+00
2.320000000000000284e+00
2.330000000000000071e+00
2.340000000000000302e+00
2.350000000000000089e+00
2.360000000000000320e+00
2.370000000000000107e+00
2.380000000000000338e+00
2.390000000000000124e+00
2.399999999999999911e+00
2.410000000000000142e+00
2.419999999999999929e+00
2.429999999999999716e+00
2.439999999999999947e+00
2.450000000000000178e+00
2.459999999999999964e+00
2.469999999999999751e+00
2.479999999999999982e+00
2.490000000000000213e+00
2.500000000000000000e+00
2.509999999999999787e+00
2.520000000000000018e+00
2.530000000000000249e+00
2.540000000000000036e+00
2.549999999999999822e+00
2.560000000000000053e+00
2.570000000000000284e+00
2.580000000000000071e+00
2.589999999999999858e+00
2.600000000000000089e+00
2.610000000000000320e+00
2.620000000000000107e+00
2.629999999999999893e+00
2.640000000000000124e+00
2.650000000000000355e+00
2.660000000000000142e+00
2.669999999999999929e+00
2.680000000000000160e+00
2.690000000000000391e+00
2.700000000000000178e+00
2.709999999999999964e+00
2.720000000000000195e+00
2.730000000000000426e+00
2.740000000000000213e+00
2.750000000000000000e+00
2.760000000000000231e+00
2.770000000000000462e+00
2.780000000000000249e+00
2.790000000000000036e+00
2.800000000000000266e+00
2.810000000000000497e+00
2.820000000000000284e+00
2.830000000000000071e+00
2.840000000000000302e+00
2.850000000000000533e+00
2.860000000000000320e+00
2.870000000000000107e+00
2.880000000000000338e+00
2.889999999999999680e+00
2.899999999999999911e+00
2.909999999999999698e+00
2.919999999999999929e+00
2.929999999999999716e+00
2.939999999999999947e+00
2.949999999999999734e+00
2.959999999999999964e+00
2.969999999999999751e+00
2.979999999999999982e+00
2.989999999999999769e+00
3.000000000000000000e+00
3.009999999999999787e+00
3.020000000000000018e+00
3.029999999999999805e+00
3.040000000000000036e+00
3.049999999999999822e+00
3.060000000000000053e+00
3.069999999999999840e+00
3.080000000000000071e+00
3.089999999999999858e+00
3.100000000000000089e+00
3.109999999999999876e+00
3.120000000000000107e+00
3.129999999999999893e+00
3.140000000000000124e+00
3.149999999999999911e+00
3.160000000000000142e+00
3.169999999999999929e+00
3.180000000000000160e+00
3.189999999999999947e+00
3.200000000000000178e+00
3.209999999999999964e+00
3.220000000000000195e+00
3.229999999999999982e+00
3.240000000000000213e+00
3.250000000000000000e+00
3.260000000000000231e+00
3.270000000000000018e+00
3.280000000000000249e+00
3.290000000000000036e+00
3.300000000000000266e+00
3.310000000000000053e+00
3.320000000000000284e+00
3.330000000000000071e+00
3.340000000000000302e+00
3.350000000000000089e+00
3.360000000000000320e+00
3.370000000000000107e+00
3.380000000000000338e+00
3.390000000000000124e+00
3.400000000000000355e+00
3.410000000000000142e+00
3.420000000000000373e+00
3.430000000000000160e+00
3.440000000000000391e+00
3.450000000000000178e+00
3.460000000000000409e+00
3.470000000000000195e+00
3.480000000000000426e+00
3.490000000000000213e+00
3.500000000000000444e+00
3.510000000000000231e+00
3.519999999999999574e+00
3.529999999999999805e+00
3.540000000000000036e+00
3.549999999999999822e+00
3.559999999999999609e+00
3.569999999999999840e+00
3.580000000000000071e+00
3.589999999999999858e+00
3.599999999999999645e+00
3.609999999999999876e+00
3.620000000000000107e+00
3.629999999999999893e+00
3.639999999999999680e+00
3.649999999999999911e+00
3.660000000000000142e+00
3.669999999999999929e+00
3.679999999999999716e+00
3.689999999999999947e+00
3.700000000000000178e+00
3.709999999999999964e+00
3.719999999999999751e+00
3.729999999999999982e+00
3.740000000000000213e+00
3.750000000000000000e+00
3.759999999999999787e+00
3.770000000000000018e+00
3.780000000000000249e+00
3.790000000000000036e+00
3.799999999999999822e+00
3.810000000000000053e+00
3.820000000000000284e+00
3.830000000000000071e+00
3.839999999999999858e+00
3.850000000000000089e+00
3.860000000000000320e+00
3.870000000000000107e+00
3.879999999999999893e+00
3.890000000000000124e+00
3.900000000000000355e+00
3.910000000000000142e+00
3.919999999999999929e+00
3.930000000000000160e+00
3.940000000000000391e+00
3.950000000000000178e+00
3.959999999999999964e+00
3.970000000000000195e+00
3.980000000000000426e+00
3.990000000000000213e+00
4.000000000000000000e+00
4.009999999999999787e+00
4.020000000000000462e+00
4.030000000000000249e+00
4.040000000000000036e+00
4.050000000000000711e+00
4.060000000000000497e+00
4.070000000000000284e+00
4.080000000000000071e+00
4.089999999999999858e+00
4.100000000000000533e+00
4.110000000000000320e+00
4.120000000000000107e+00
4.130000000000000782e+00
4.140000000000000568e+00
4.150000000000000355e+00
4.160000000000000142e+00
4.169999999999999929e+00
4.179999999999999716e+00
4.189999999999999503e+00
4.200000000000000178e+00
4.209999999999999964e+00
4.219999999999999751e+00
4.229999999999999538e+00
4.240000000000000213e+00
4.250000000000000000e+00
4.259999999999999787e+00
4.269999999999999574e+00
4.280000000000000249e+00
4.290000000000000036e+00
4.299999999999999822e+00
4.309999999999999609e+00
4.320000000000000284e+00
4.330000000000000071e+00
4.339999999999999858e+00
4.349999999999999645e+00
4.360000000000000320e+00
4.370000000000000107e+00
4.379999999999999893e+00
4.389999999999999680e+00
4.400000000000000355e+00
4.410000000000000142e+00
4.419999999999999929e+00
4.429999999999999716e+00
4.440000000000000391e+00
4.450000000000000178e+00
4.459999999999999964e+00
4.469999999999999751e+00
4.480000000000000426e+00
4.490000000000000213e+00
4.500000000000000000e+00
4.509999999999999787e+00
4.520000000000000462e+00
4.530000000000000249e+00
4.540000000000000036e+00
4.549999999999999822e+00
4.560000000000000497e+00
4.570000000000000284e+00
4.580000000000000071e+00
4.589999999999999858e+00
4.600000000000000533e+00
4.610000000000000320e+00
4.620000000000000107e+00
4.629999999999999893e+00
4.640000000000000568e+00
4.650000000000000355e+00
4.660000000000000142e+00
4.669999999999999929e+00
4.680000000000000604e+00
4.690000000000000391e+00
4.700000000000000178e+00
4.709999999999999964e+00
4.720000000000000639e+00
4.730000000000000426e+00
4.740000000000000213e+00
4.750000000000000000e+00
4.760000000000000675e+00
4.770000000000000462e+00
4.780000000000000249e+00
4.790000000000000036e+00
4.799999999999999822e+00
4.809999999999999609e+00
4.820000000000000284e+00
4.830000000000000071e+00
4.839999999999999858e+00
4.849999999999999645e+00
4.859999999999999432e+00
4.870000000000000107e+00
4.879999999999999893e+00
4.889999999999999680e+00
4.900000000000000355e+00
4.910000000000000142e+00
4.919999999999999929e+00
4.929999999999999716e+00
4.939999999999999503e+00
4.950000000000000178e+00
4.959999999999999964e+00
4.969999999999999751e+00
4.980000000000000426e+00
4.990000000000000213e+00
5.000000000000000000e+00
5.009999999999999787e+00
5.019999999999999574e+00
5.030000000000000249e+00
5.040000000000000036e+00
5.049999999999999822e+00
5.060000000000000497e+00
5.070000000000000284e+00
5.080000000000000071e+00
5.089999999999999858e+00
5.099999999999999645e+00
5.110000000000000320e+00
5.120000000000000107e+00
5.129999999999999893e+00
5.140000000000000568e+00
5.150000000000000355e+00
5.160000000000000142e+00
5.169999999999999929e+00
5.179999999999999716e+00
5.190000000000000391e+00
5.200000000000000178e+00
5.209999999999999964e+00
5.220000000000000639e+00
5.230000000000000426e+00
5.240000000000000213e+00
5.250000000000000000e+00
5.259999999999999787e+00
5.270000000000000462e+00
5.280000000000000249e+00
5.290000000000000036e+00
5.300000000000000711e+00
5.310000000000000497e+00
5.320000000000000284e+00
5.330000000000000071e+00
5.339999999999999858e+00
5.350000000000000533e+00
5.360000000000000320e+00
5.370000000000000107e+00
5.380000000000000782e+00
5.390000000000000568e+00
5.400000000000000355e+00
5.410000000000000142e+00
5.419999999999999929e+00
5.430000000000000604e+00
5.440000000000000391e+00
5.450000000000000178e+00
5.460000000000000853e+00
5.470000000000000639e+00
5.480000000000000426e+00
5.490000000000000213e+00
5.500000000000000000e+00
5.510000000000000675e+00
5.520000000000000462e+00
5.530000000000000249e+00
5.540000000000000924e+00
5.550000000000000711e+00
5.560000000000000497e+00
5.570000000000000284e+00
5.580000000000000071e+00
5.590000000000000746e+00
5.600000000000000533e+00
5.610000000000000320e+00
5.620000000000000995e+00
5.630000000000000782e+00
5.640000000000000568e+00
5.650000000000000355e+00
5.660000000000000142e+00
5.670000000000000817e+00
5.680000000000000604e+00
5.690000000000000391e+00
5.700000000000001066e+00
5.710000000000000853e+00
5.720000000000000639e+00
5.730000000000000426e+00
5.740000000000000213e+00
5.750000000000000888e+00
5.760000000000000675e+00
5.769999999999999574e+00
5.779999999999999361e+00
5.789999999999999147e+00
5.799999999999999822e+00
5.809999999999999609e+00
5.819999999999999396e+00
5.830000000000000071e+00
5.839999999999999858e+00
5.849999999999999645e+00
5.859999999999999432e+00
5.869999999999999218e+00
5.879999999999999893e+00
5.889999999999999680e+00
5.899999999999999467e+00
5.910000000000000142e+00
5.919999999999999929e+00
5.929999999999999716e+00
5.939999999999999503e+00
5.949999999999999289e+00
5.959999999999999964e+00
5.969999999999999751e+00
5.979999999999999538e+00
5.990000000000000213e+00
6.000000000000000000e+00
6.009999999999999787e+00
6.019999999999999574e+00
6.029999999999999361e+00
6.040000000000000036e+00
6.049999999999999822e+00
6.059999999999999609e+00
6.070000000000000284e+00
6.080000000000000071e+00
6.089999999999999858e+00
6.099999999999999645e+00
6.109999999999999432e+00
6.120000000000000107e+00
6.129999999999999893e+00
6.139999999999999680e+00
6.150000000000000355e+00
6.160000000000000142e+00
6.169999999999999929e+00
6.179999999999999716e+00
6.189999999999999503e+00
6.200000000000000178e+00
6.209999999999999964e+00
6.219999999999999751e+00
6.230000000000000426e+00
6.240000000000000213e+00
6.250000000000000000e+00
6.259999999999999787e+00
6.269999999999999574e+00
6.280000000000000249e+00
6.290000000000000036e+00
6.299999999999999822e+00
6.310000000000000497e+00
6.320000000000000284e+00
6.330000000000000071e+00
6.339999999999999858e+00
6.349999999999999645e+00
6.360000000000000320e+00
6.370000000000000107e+00
6.379999999999999893e+00
6.390000000000000568e+00
6.400000000000000355e+00
6.410000000000000142e+00
6.419999999999999929e+00
6.429999999999999716e+00
6.440000000000000391e+00
6.450000000000000178e+00
6.459999999999999964e+00
6.470000000000000639e+00
6.480000000000000426e+00
6.490000000000000213e+00
6.500000000000000000e+00
6.509999999999999787e+00
6.520000000000000462e+00
6.530000000000000249e+00
6.540000000000000036e+00
6.550000000000000711e+00
6.560000000000000497e+00
6.570000000000000284e+00
6.580000000000000071e+00
6.589999999999999858e+00
6.600000000000000533e+00
6.610000000000000320e+00
6.620000000000000107e+00
6.630000000000000782e+00
6.640000000000000568e+00
6.650000000000000355e+00
6.660000000000000142e+00
6.669999999999999929e+00
6.680000000000000604e+00
6.690000000000000391e+00
6.700000000000000178e+00
6.710000000000000853e+00
6.720000000000000639e+00
6.730000000000000426e+00
6.740000000000000213e+00
6.750000000000000000e+00
6.760000000000000675e+00
6.770000000000000462e+00
6.780000000000000249e+00
6.790000000000000924e+00
6.800000000000000711e+00
6.810000000000000497e+00
6.820000000000000284e+00
6.830000000000000071e+00
6.840000000000000746e+00
6.850000000000000533e+00
6.860000000000000320e+00
6.870000000000000995e+00
6.880000000000000782e+00
6.890000000000000568e+00
6.900000000000000355e+00
6.910000000000000142e+00
6.920000000000000817e+00
6.930000000000000604e+00
6.940000000000000391e+00
6.950000000000001066e+00
6.960000000000000853e+00
6.970000000000000639e+00
6.980000000000000426e+00
6.990000000000000213e+00
7.000000000000000888e+00
7.010000000000000675e+00
7.020000000000000462e+00
7.030000000000001137e+00
7.039999999999999147e+00
7.049999999999999822e+00
7.059999999999999609e+00
7.069999999999999396e+00
7.080000000000000071e+00
7.089999999999999858e+00
7.099999999999999645e+00
7.109999999999999432e+00
7.119999999999999218e+00
7.129999999999999893e+00
7.139999999999999680e+00
7.149999999999999467e+00
7.160000000000000142e+00
7.169999999999999929e+00
7.179999999999999716e+00
7.189999999999999503e+00
7.199999999999999289e+00
7.209999999999999964e+00
7.219999999999999751e+00
7.229999999999999538e+00
7.240000000000000213e+00
7.250000000000000000e+00
7.259999999999999787e+00
7.269999999999999574e+00
7.279999999999999361e+00
7.290000000000000036e+00
7.299999999999999822e+00
7.309999999999999609e+00
7.320000000000000284e+00
7.330000000000000071e+00
7.339999999999999858e+00
7.349999999999999645e+00
7.359999999999999432e+00
7.370000000000000107e+00
7.379999999999999893e+00
7.389999999999999680e+00
7.400000000000000355e+00
7.410000000000000142e+00
7.419999999999999929e+00
7.429999999999999716e+00
7.439999999999999503e+00
7.450000000000000178e+00
7.459999999999999964e+00
7.469999999999999751e+00
7.480000000000000426e+00
7.490000000000000213e+00
7.500000000000000000e+00
7.509999999999999787e+00
7.519999999999999574e+00
7.530000000000000249e+00
7.540000000000000036e+00
7.549999999999999822e+00
7.560000000000000497e+00
7.570000000000000284e+00
7.580000000000000071e+00
7.589999999999999858e+00
7.599999999999999645e+00
7.610000000000000320e+00
7.620000000000000107e+00
7.629999999999999893e+00
7.640000000000000568e+00
7.650000000000000355e+00
7.660000000000000142e+00
7.669999999999999929e+00
7.679999999999999716e+00
7.690000000000000391e+00
7.700000000000000178e+00
7.709999999999999964e+00
7.720000000000000639e+00
7.730000000000000426e+00
7.740000000000000213e+00
7.750000000000000000e+00
7.759999999999999787e+00
7.770000000000000462e+00
7.780000000000000249e+00
7.790000000000000036e+00
7.800000000000000711e+00
7.810000000000000497e+00
7.820000000000000284e+00
7.830000000000000071e+00
7.839999999999999858e+00
7.850000000000000533e+00
7.860000000000000320e+00
7.870000000000000107e+00
7.880000000000000782e+00
7.890000000000000568e+00
7.900000000000000355e+00
7.910000000000000142e+00
7.919999999999999929e+00
7.930000000000000604e+00
7.940000000000000391e+00
7.950000000000000178e+00
7.960000000000000853e+00
7.970000000000000639e+00
7.980000000000000426e+00
7.990000000000000213e+00
8.000000000000000000e+00
8.009999999999999787e+00
8.019999999999999574e+00
8.030000000000001137e+00
8.040000000000000924e+00
8.050000000000000711e+00
8.060000000000000497e+00
8.070000000000000284e+00
8.080000000000000071e+00
8.089999999999999858e+00
8.100000000000001421e+00
8.110000000000001208e+00
8.120000000000000995e+00
8.130000000000000782e+00
8.140000000000000568e+00
8.150000000000000355e+00
8.160000000000000142e+00
8.169999999999999929e+00
8.179999999999999716e+00
8.190000000000001279e+00
8.200000000000001066e+00
8.210000000000000853e+00
8.220000000000000639e+00
8.230000000000000426e+00
8.240000000000000213e+00
8.250000000000000000e+00
8.260000000000001563e+00
8.270000000000001350e+00
8.280000000000001137e+00
8.290000000000000924e+00
8.300000000000000711e+00
8.310000000000000497e+00
8.320000000000000284e+00
8.330000000000000071e+00
8.339999999999999858e+00
8.349999999999999645e+00
8.359999999999999432e+00
8.369999999999999218e+00
8.379999999999999005e+00
8.390000000000000568e+00
8.400000000000000355e+00
8.410000000000000142e+00
8.419999999999999929e+00
8.429999999999999716e+00
8.439999999999999503e+00
8.449999999999999289e+00
8.459999999999999076e+00
8.469999999999998863e+00
8.480000000000000426e+00
8.490000000000000213e+00
8.500000000000000000e+00
8.509999999999999787e+00
8.519999999999999574e+00
8.529999999999999361e+00
8.539999999999999147e+00
8.550000000000000711e+00
8.560000000000000497e+00
8.570000000000000284e+00
8.580000000000000071e+00
8.589999999999999858e+00
8.599999999999999645e+00
8.609999999999999432e+00
8.619999999999999218e+00
8.629999999999999005e+00
8.640000000000000568e+00
8.650000000000000355e+00
8.660000000000000142e+00
8.669999999999999929e+00
8.679999999999999716e+00
8.689999999999999503e+00
8.699999999999999289e+00
8.710000000000000853e+00
8.720000000000000639e+00
8.730000000000000426e+00
8.740000000000000213e+00
8.750000000000000000e+00
8.759999999999999787e+00
8.769999999999999574e+00
8.779999999999999361e+00
8.789999999999999147e+00
8.800000000000000711e+00
8.810000000000000497e+00
8.820000000000000284e+00
8.830000000000000071e+00
8.839999999999999858e+00
8.849999999999999645e+00
8.859999999999999432e+00
8.870000000000000995e+00
8.880000000000000782e+00
8.890000000000000568e+00
8.900000000000000355e+00
8.910000000000000142e+00
8.919999999999999929e+00
8.929999999999999716e+00
8.939999999999999503e+00
8.949999999999999289e+00
8.960000000000000853e+00
8.970000000000000639e+00
8.980000000000000426e+00
8.990000000000000213e+00
9.000000000000000000e+00
9.009999999999999787e+00
9.019999999999999574e+00
9.030000000000001137e+00
9.040000000000000924e+00
9.050000000000000711e+00
9.060000000000000497e+00
9.070000000000000284e+00
9.080000000000000071e+00
9.089999999999999858e+00
9.099999999999999645e+00
9.109999999999999432e+00
9.120000000000000995e+00
9.130000000000000782e+00
9.140000000000000568e+00
9.150000000000000355e+00
9.160000000000000142e+00
9.169999999999999929e+00
9.179999999999999716e+00
9.190000000000001279e+00
9.200000000000001066e+00
9.210000000000000853e+00
9.220000000000000639e+00
9.230000000000000426e+00
9.240000000000000213e+00
9.250000000000000000e+00
9.259999999999999787e+00
9.269999999999999574e+00
9.280000000000001137e+00
9.290000000000000924e+00
9.300000000000000711e+00
9.310000000000000497e+00
9.320000000000000284e+00
9.330000000000000071e+00
9.339999999999999858e+00
9.350000000000001421e+00
9.360000000000001208e+00
9.370000000000000995e+00
9.380000000000000782e+00
9.390000000000000568e+00
9.400000000000000355e+00
9.410000000000000142e+00
9.419999999999999929e+00
9.429999999999999716e+00
9.440000000000001279e+00
9.450000000000001066e+00
9.460000000000000853e+00
9.470000000000000639e+00
9.480000000000000426e+00
9.490000000000000213e+00
9.500000000000000000e+00
9.510000000000001563e+00
9.520000000000001350e+00
9.530000000000001137e+00
9.540000000000000924e+00
9.550000000000000711e+00
9.560000000000000497e+00
9.570000000000000284e+00
9.580000000000000071e+00
9.589999999999999858e+00
9.599999999999999645e+00
9.609999999999999432e+00
9.619999999999999218e+00
9.629999999999999005e+00
9.640000000000000568e+00
9.650000000000000355e+00
9.660000000000000142e+00
9.669999999999999929e+00
9.679999999999999716e+00
9.689999999999999503e+00
9.699999999999999289e+00
9.709999999999999076e+00
9.719999999999998863e+00
9.730000000000000426e+00
9.740000000000000213e+00
9.750000000000000000e+00
9.759999999999999787e+00
9.769999999999999574e+00
9.779999999999999361e+00
9.789999999999999147e+00
9.800000000000000711e+00
9.810000000000000497e+00
9.820000000000000284e+00
9.830000000000000071e+00
9.839999999999999858e+00
9.849999999999999645e+00
9.859999999999999432e+00
9.869999999999999218e+00
9.879999999999999005e+00
9.890000000000000568e+00
9.900000000000000355e+00
9.910000000000000142e+00
9.919999999999999929e+00
9.929999999999999716e+00
9.939999999999999503e+00
9.949999999999999289e+00
9.960000000000000853e+00
9.970000000000000639e+00
9.980000000000000426e+00
9.990000000000000213e+00
7.274732838502211584e+18
6.958504455807821824e+18
6.017630055454042112e+18
4.610805490915962368e+18
2.961793854841763840e+18
1.306765670343335424e+18
-1.555313100815074240e+17
-1.295562399719217920e+18
-2.061953183547111680e+18
-2.471078536741868544e+18
-2.585273885524363776e+18
-2.487594181715909120e+18
-2.259258030771973632e+18
-1.965108749036071168e+18
-1.648139384575796480e+18
-1.331453958979382016e+18
-1.024446198521701760e+18
-7.302645891574842880e+17
-4.527615718216497920e+17
-1.991989708649364480e+17
2.008444352198507600e+16
1.940076187690943680e+17
3.141221820067731840e+17
3.771147007497081600e+17
3.871781025959450880e+17
3.558213229064582400e+17
2.988914151399681280e+17
2.319477333674008320e+17
1.658954933701584640e+17
1.056358131808973760e+17
5.218608029304888000e+16
5.182045686287400000e+15
-3.538442985089315200e+16
-6.957267253200008000e+16
-9.765897213755483200e+16
-1.198228231234786240e+17
-1.355583548189819040e+17
-1.436625575090148960e+17
-1.434429504091693120e+17
-1.349866283332483200e+17
-1.196205580216764480e+17
-9.931278743947152000e+16
-7.582421912580739200e+16
-5.033801668485281600e+16
-2.377364332008568800e+16
2.991167702525701000e+15
2.937287533097238400e+16
5.632875770865927200e+16
8.549471830655020800e+16
1.173301313819859520e+17
1.499248760655075200e+17
1.789957569839809600e+17
1.990268786757057600e+17
2.052593213162184320e+17
1.957299228125893120e+17
1.722910831909276800e+17
1.405677180221611360e+17
1.078460240357388640e+17
7.984043835832534400e+16
5.779332542077887200e+16
3.819258710757845600e+16
1.554274891832503600e+16
-1.340543932106301200e+16
-4.684456470086832000e+16
-7.868070080074998400e+16
-1.025952464978570240e+17
-1.160318482845746240e+17
-1.206930230192597440e+17
-1.192723530435907200e+17
-1.120184861011430720e+17
-9.592224110149520000e+16
-6.759376548478141600e+16
-2.669779865312859600e+16
2.177134297848693200e+16
6.823254910086882400e+16
1.015619084813437280e+17
1.131817085646250240e+17
1.007959731574514720e+17
7.000860792902719200e+16
3.216326171297568400e+16
-8.702283570518980000e+14
-2.195328146443325200e+16
-3.090654392869102400e+16
-3.226381496103275200e+16
-3.155312893572399600e+16
-3.214904654559332800e+16
-3.388355781484966000e+16
-3.421119376060105600e+16
-2.988482518317878800e+16
-1.855806995687408000e+16
4.501239382387443750e+14
2.568199479342207200e+16
5.339426982007064000e+16
7.800204663178772800e+16
9.400349320297889600e+16
9.819713183428009600e+16
9.071464692258254400e+16
7.486422935423628800e+16
5.527459027192870400e+16
3.643949805290828800e+16
2.155454029728284400e+16
1.020488078308088400e+16
5.313227620678500000e+14
-1.147593666602707200e+16
-2.880807144343406400e+16
-5.178278036085304000e+16
-7.783123603162928000e+16
-1.024998916942421760e+17
-1.203359021993640000e+17
-1.258753491846707360e+17
-1.147507801725909440e+17
-8.515550988988283200e+16
-3.938753264594880800e+16
1.591276609258169600e+16
7.096281280462128000e+16
1.150567836914900640e+17
1.396915165159993280e+17
1.411861184627530880e+17
1.215299037467168000e+17
8.726216513909672000e+16
4.727885152868404000e+16
1.022176548812977600e+16
-1.813023716079032800e+16
-3.582727650488512000e+16
-4.433029553464103200e+16
-4.660214834133380800e+16
-4.468980284733079200e+16
-3.885990182265361600e+16
-2.848194734658117200e+16
-1.311845996620817000e+16
6.067597843575294000e+15
2.607358383199933600e+16
4.219643407596188000e+16
4.947740644981963200e+16
4.482149588150422400e+16
2.885700996014789600e+16
6.787015798543095000e+15
-1.352309668394809600e+16
-2.494041048975146400e+16
-2.509413819487748800e+16
-1.642282189780675400e+16
-3.761465448741889000e+15
9.904926734845484000e+15
2.447701501448424400e+16
4.104821261531633600e+16
5.911444546409676800e+16
7.527759478571793600e+16
8.464225730606131200e+16
8.278281953164961600e+16
6.773991361626704000e+16
4.106551714558413600e+16
6.862356974645705000e+15
-3.030507910001732800e+16
-6.662310760673214400e+16
-9.845207338074619200e+16
-1.219199959705295680e+17
-1.337548385033458560e+17
-1.337014565613458400e+17
-1.255156050685395840e+17
-1.151480926762194720e+17
-1.072821391546102400e+17
-1.025889589433395200e+17
-9.842601824781840000e+16
-9.098338838464587200e+16
-7.767954225175670400e+16
-5.888681066324961600e+16
-3.751202678010915200e+16
-1.716575318740734000e+16
-9.952074198019475000e+13
1.305677730643935600e+16
2.262423956234370400e+16
2.876718609577900000e+16
3.143734032479945200e+16
3.079033414531998000e+16
2.722420547164338800e+16
2.116514866163429200e+16
1.328031759110770600e+16
5.030596975839980000e+15
-1.054221391124887000e+15
-2.709625998660020000e+15
-4.198289430826250000e+13
4.462065636082879000e+15
7.901742489149428000e+15
9.811855406862520000e+15
1.233855660925278200e+16
1.780004483355384400e+16
2.628269654863276800e+16
3.642592748036744800e+16
4.730226330765992000e+16
5.897101373838253600e+16
7.131381560435266400e+16
8.275235429410976000e+16
9.046725943407244800e+16
9.152228694328304000e+16
8.452254065570547200e+16
7.061776262020936000e+16
5.333736472825768000e+16
3.714739513449985600e+16
2.567999931072046000e+16
2.056100290416354400e+16
2.128612131348335200e+16
2.477160028896534400e+16
2.779675056044728400e+16
2.718278668335804400e+16
2.124103225505923600e+16
1.077301856967032200e+16
-1.315389643400305500e+15
-1.033714531824976200e+16
-1.116941163288625400e+16
-1.791730097280200000e+13
2.374557925909544800e+16
5.701607877377771200e+16
9.396716941495300800e+16
1.279961651873626240e+17
1.529086313653176640e+17
1.641659298579474880e+17
1.595902481844325760e+17
1.402933685821094560e+17
1.103493624888975040e+17
7.559571414928624000e+16
4.089065066817684800e+16
8.491582650762576000e+15
-2.180695492602060800e+16
-5.152850112043643200e+16
-8.162220193601422400e+16
-1.105780350066422400e+17
-1.336676186450052480e+17
-1.447531499335445760e+17
-1.394182227068502400e+17
-1.171645026383879360e+17
-8.205656217655067200e+16
-4.097461574428852000e+16
-9.882489812082090000e+14
3.233484613761422000e+16
5.493274582542973600e+16
6.540485259324071200e+16
6.573481028632340800e+16
6.015906291860664800e+16
5.286161692198142400e+16
4.665699307522787200e+16
4.335212366346315200e+16
4.439510148391225600e+16
5.054029146257062400e+16
6.029716331507143200e+16
6.932551900754965600e+16
7.157528456711324000e+16
6.190698995575616000e+16
3.904432763322973600e+16
6.178308915542131000e+15
-3.022838749889859200e+16
-6.178272699133582400e+16
-8.092642055014001600e+16
-8.272681234910705600e+16
-6.692263387687897600e+16
-3.853978959183874400e+16
-6.186357533595879000e+15
2.144620568229182400e+16
3.926162546294641600e+16
4.725771140356583200e+16
4.863462493677859200e+16
4.687715729200678400e+16
4.350593341009123200e+16
3.774235808539173600e+16
2.766955607401526400e+16
1.268022404465310600e+16
-5.420668478111175000e+15
-2.219582137498556000e+16
-3.234388102181770800e+16
-3.180709720287848800e+16
-1.969992387988505600e+16
1.242407229707689250e+15
2.636705819576745200e+16
5.131765723545990400e+16
7.258545038014872000e+16
8.752534481188478400e+16
9.499848158039352000e+16
9.565003782070065600e+16
9.144460573277196800e+16
8.405020632643897600e+16
7.290268113437744000e+16
5.586483086317602400e+16
3.130953428715748000e+16
4.549283012296250000e+14
-3.142552578645892000e+16
-5.669567714024636000e+16
-6.884772540609827200e+16
-6.614156547906969600e+16
-5.151212218045595200e+16
-3.000843920269014400e+16
-6.627410791205562000e+15
1.472583565008118400e+16
3.058768321600434000e+16
3.792423475898580000e+16
3.515408630876731600e+16
2.305219157302188800e+16
5.073396264659560000e+15
-1.340162352379138400e+16
-2.631071599221068800e+16
-2.863993055185268800e+16
-1.828636030355134800e+16
2.511040957555268000e+15
2.851730970253826000e+16
5.123483915273014400e+16
6.459723768139072800e+16
6.787208068572390400e+16
6.541318444898768800e+16
6.295206285058788000e+16
6.355415262968602400e+16
6.612836746543167200e+16
6.712612596845810400e+16
6.315289033879423200e+16
5.273566462707018400e+16
3.763542281821892800e+16
2.220564084351583600e+16
1.203746012997585400e+16
1.079018867114087800e+16
1.774082591800541000e+16
2.704671207784504000e+16
3.048040346256299600e+16
2.143675446820847200e+16
-1.311799791539644000e+15
-3.256412892035924400e+16
-6.322801912459192000e+16
-8.544855459315508800e+16
-9.647983901428598400e+16
-9.872310908526156800e+16
-9.568219097363760000e+16
-8.908890900016552000e+16
-7.842025823895276800e+16
-6.281947418208773600e+16
-4.267218038689067200e+16
-2.014746787206073600e+16
1.677339093162364500e+15
2.032345959178459200e+16
3.525715871302140000e+16
4.765633585709303200e+16
5.860633825972792000e+16
6.753019750947993600e+16
7.364511333876484800e+16
7.802716419314182400e+16
8.427823479511916800e+16
9.609517395035379200e+16
1.139264448767441280e+17
1.342404555274165120e+17
1.509506138190075520e+17
1.579265259957105280e+17
1.510731586426958720e+17
1.298557740255356480e+17
9.747364442690459200e+16
6.026856408694656800e+16
2.589727775578375200e+16
8.178310293655540000e+14
-1.215418244551881600e+16
-1.471015177803597800e+16
-1.220108423086876200e+16
-1.140139796311044000e+16
-1.787205485277099400e+16
-3.305543132594457600e+16
-5.289206370657424800e+16
-6.888787451779685600e+16
-7.177249929783548000e+16
-5.620091156093488000e+16
-2.374877179767063600e+16
1.745560168636263000e+16
5.590947676608350400e+16
8.077912942482392000e+16
8.520960304870244800e+16
6.780205139137704800e+16
3.334425932745579600e+16
-8.350710405685260000e+15
-4.543826522523292000e+16
-6.769030586779262400e+16
-7.006428293376492000e+16
-5.402394318114822400e+16
-2.585878691238122800e+16
5.965242253811450000e+15
3.383722832812142000e+16
5.333349661544164000e+16
6.410848093456516800e+16
6.837870585272592000e+16
6.837306824149039200e+16
6.466202961422544000e+16
5.633837315306999200e+16
4.247695020347327200e+16
2.314457525478157200e+16
-7.346936241037370000e+14
-2.776528474240100400e+16
-5.686396219371604000e+16
-8.664679104942398400e+16
-1.144528106202600000e+17
-1.372604082642760000e+17
-1.523078313361014080e+17
-1.574988348910744960e+17
-1.506512962073552960e+17
-1.307187105769027520e+17
-9.912995622049926400e+16
-6.089854145102172800e+16
-2.439198554829848800e+16
1.972190656203640000e+15
1.326860208005787800e+16
1.050626627731284800e+16
6.834516723190520000e+14
-6.781921810706328000e+15
-4.140864297049762000e+15
1.120100160781586200e+16
3.580238915934799200e+16
6.209484379923636800e+16
8.012204783937345600e+16
8.135238839210729600e+16
6.267030938956228800e+16
2.906328081451488400e+16
-8.495810206355692000e+15
-3.860464636554916000e+16
-5.490772880937121600e+16
-5.787802417454747200e+16
-5.128911400245904000e+16
-3.877893278026758400e+16
-2.237878045843390400e+16
-3.287349605008271000e+15
1.686439915732614000e+16
3.563267348746224800e+16
5.064735131198579200e+16
6.096019424631198400e+16
6.756986591074221600e+16
7.239313394663652800e+16
7.633885826578416000e+16
7.929600548288985600e+16
8.002083779743356800e+16
7.667486715960563200e+16
6.629983888985222400e+16
4.636985058594009600e+16
1.718186147891574400e+16
-1.691987598869707000e+16
-4.879597836545143200e+16
-7.105610943449132800e+16
-7.871889086272883200e+16
-6.967873932763357600e+16
-4.495208342179534400e+16
-8.555951136304592000e+15
3.298765006313146000e+16
7.210568689315361600e+16
1.022227801280884800e+17
1.192013771386785440e+17
1.216057028184105120e+17
1.101577813247731200e+17
8.734050420103627200e+16
5.732798118035510400e+16
2.583790346984808800e+16
-1.483283501365861500e+15
-2.036448605782732000e+16
-2.851723306566672800e+16
-2.508726057258313200e+16
-1.148336068306001200e+16
8.228574969404616000e+15
2.749111817666077200e+16
3.943919080385136000e+16
3.976747977633275200e+16
2.882819653756921600e+16
1.187241238897958000e+16
-3.259919167021479000e+15
-8.534904102119080000e+15
1.352879900290580000e+15
2.634070984586869200e+16
6.089938737961638400e+16
9.576689694057116800e+16
1.207746527431613440e+17
1.276272287253252800e+17
1.123546580498176800e+17
7.664563392663843200e+16
2.768155940120196000e+16
-2.379433229933948800e+16
-6.666343528045545600e+16
-9.261965783324276800e+16
-9.859854950312784000e+16
-8.731757017604819200e+16
-6.542572981725395200e+16
-4.055591152515836800e+16
-1.824294649266950800e+16
-3.512622595249652500e+14
1.468829356531701400e+16
2.998603548663970400e+16
4.780772279728324800e+16
6.837427618757198400e+16
9.038210183494918400e+16
1.113949467209970240e+17
1.285219207042767520e+17
1.391840981348635680e+17
1.418848400900335520e+17
1.371053592638853440e+17
1.266973723924493760e+17
1.121775330907361440e+17
9.340484178350803200e+16
6.865607928563293600e+16
3.604351502706772800e+16
-4.028443747056504000e+15
-4.648456796815966400e+16
-8.274840901939953600e+16
-1.042133217598714240e+17
-1.060466183259756480e+17
-8.830923923075764800e+16
-5.480068899924787200e+16
-1.305176564113342600e+16
2.936123773749152400e+16
6.468432173754949600e+16
8.663976756111880000e+16
9.076866921041784000e+16
7.507177843314966400e+16
4.166463582817983200e+16
-1.428758330387480000e+15
-4.066960324232257600e+16
-6.083774544417337600e+16
-5.105791947581369600e+16
-9.515892846151896000e+15
5.468245551187139200e+16
1.242503410347777760e+17
1.796323753076826240e+17
2.059579266036187200e+17
1.978146462025452800e+17
1.582706500538020480e+17
9.569755494517763200e+16
2.076353459479783200e+16
-5.375169122382454400e+16
-1.135886948261256640e+17
-1.462449763431849920e+17
-1.464858047258174400e+17
-1.198077741624218240e+17
-8.030749237834684800e+16
-4.376645308661689600e+16
-1.976120898371948400e+16
-8.694487869107882000e+15
-4.672777535929996000e+15
-1.180973579949713000e+15
5.742246328250186000e+15
1.785533583110939200e+16
3.614220029461588800e+16
6.126866148618830400e+16
9.266543872178563200e+16
1.271251908169987680e+17
1.583526117234879680e+17
1.787735259431636480e+17
1.828961621927058560e+17
1.694416153531237120e+17
1.417835892078354560e+17
1.066429798782366400e+17
7.214390868205006400e+16
4.568307217167041600e+16
3.239452552146258400e+16
3.344928105414214400e+16
4.551794477220094400e+16
6.121088568195304000e+16
7.089146469701127200e+16
6.591265339209084000e+16
4.208259940824688800e+16
2.044411447965559000e+15
-4.594526799835720000e+16
-9.190805972604009600e+16
-1.279854985559164960e+17
-1.502440794670140480e+17
-1.586157893670523840e+17
-1.565818528280367680e+17
-1.497038118491720320e+17
-1.434826622584254400e+17
-1.405528841631804000e+17
-1.401029418645223040e+17
-1.394375946674317440e+17
-1.358273080174660640e+17
-1.283625366334772320e+17
-1.185581420626709120e+17
-1.088769266591050080e+17
-1.005148614665176320e+17
-9.224897856864275200e+16
-8.122317993932392000e+16
-6.511678656197386400e+16
-4.416993132077645600e+16
-2.155406670722642800e+16
-1.000003790187107625e+15
1.586309236575301200e+16
2.998909077025438400e+16
4.355510515829582400e+16
5.756331121214963200e+16
7.122569237505798400e+16
8.228106107705508800e+16
8.823718397660699200e+16
8.807417314351331200e+16
8.351382805681667200e+16
7.931847449550273600e+16
8.143481110088040000e+16
9.327834780749457600e+16
1.127109021659492800e+17
1.321250197076328800e+17
1.422963453308935040e+17
1.370872603225799040e+17
1.160416021384332480e+17
8.368377209873616000e+16
4.553025615037056800e+16
4.778678424102222000e+15
-3.765348263800783200e+16
-8.083617499620987200e+16
-1.218716971234345920e+17
-1.548785584131151360e+17
-1.738466253255077760e+17
-1.724416731049361600e+17
-1.517585447501146880e+17
-1.170510873643481760e+17
-7.721235453313192000e+16
-4.154081989668460800e+16
-1.678286201693465400e+16
-5.156877152520676000e+15
-3.911816184246646000e+15
-6.763556004191528000e+15
-7.288830784655958000e+15
-1.678419981658046000e+15
1.033009189963222200e+16
2.737678198449317200e+16
4.908685674981190400e+16
7.626761852828078400e+16
1.091971086967834560e+17
1.442253227372396800e+17
1.725207442637839040e+17
1.824808070760548480e+17
1.650539901449016000e+17
1.180481785636821440e+17
4.839759456305816000e+16
-2.971394268170391200e+16
-9.943234156568051200e+16
-1.466874041102699520e+17
-1.644826624851790720e+17
-1.549257573492313920e+17
-1.280283181705946240e+17
-9.805982991731576000e+16
-7.738612848313686400e+16
-7.177974905641726400e+16
-7.842947055236921600e+16
-8.860694268595760000e+16
-9.211940825247136000e+16
-8.132361913023969600e+16
-5.423121790828944000e+16
-1.465147474126232800e+16
3.000576528675589600e+16
7.162664666119927200e+16
1.040515609838641760e+17
1.236534467911628960e+17
1.288207953946195680e+17
1.192673570432144640e+17
9.673077632471041600e+16
6.544427418759566400e+16
3.142120478780963200e+16
-2.378561136101204375e+14
-2.753439004401611200e+16
-5.087034040147045600e+16
-7.071636591445212800e+16
-8.629071434907640000e+16
-9.617614115434841600e+16
-9.943491691087660800e+16
-9.610164451092944000e+16
-8.664561202791676800e+16
-7.117333247584708800e+16
-4.996476570198758400e+16
-2.372814770083066000e+16
5.510272543984494000e+15
3.503934951221672800e+16
6.286825643457537600e+16
8.765148563003902400e+16
1.082049105898827680e+17
1.220908732576967040e+17
1.252121792282223520e+17
1.133357137044444960e+17
8.448133191227918400e+16
4.211213006069719200e+16
-4.523771614565941000e+15
-4.339276243257614400e+16
-6.482084753978123200e+16
-6.618900673794094400e+16
-5.300492149087821600e+16
-3.542776172254740000e+16
-2.272213769706512800e+16
-1.875021918591041600e+16
-2.163308540438920800e+16
-2.543665466789322400e+16
-2.399913311815609200e+16
-1.531203963494565000e+16
-2.921026351368539000e+15
5.768376081108788000e+15
4.559283335498558000e+15
-7.016057252379489000e+15
-2.325496401026502800e+16
-3.627475912470702400e+16
-4.152380341501681600e+16
-4.018572951428030400e+16
-3.691683684318716800e+16
-3.562707956368276800e+16
-3.639614267106108800e+16
-3.537525945304812400e+16
-2.733220216847038800e+16
-8.025769258535166000e+15
2.312447572427177200e+16
6.230709643967739200e+16
1.014437807962655200e+17
1.308881004683645280e+17
1.440762533068899680e+17
1.407020529947750880e+17
1.268436246674308800e+17
1.096275493860226560e+17
9.373772736167108800e+16
8.007614092912616000e+16
6.683798515076452800e+16
5.183559368830771200e+16
3.373423043914384000e+16
1.307300935516999400e+16
-7.559329860029801000e+15
-2.463004885530127200e+16
-3.647176522171760000e+16
-4.468472285022062400e+16
-5.381209492073777600e+16
-6.943895180921203200e+16
-9.469568610892713600e+16
-1.275614862767265920e+17
-1.605953612405043520e+17
-1.839454783922160320e+17
-1.892434447622584960e+17
-1.723828502654930880e+17
-1.345316816280128480e+17
-8.172357246915238400e+16
-2.329248409077985600e+16
3.068176692079705200e+16
7.148197924548859200e+16
9.402820192944816000e+16
9.826633615918894400e+16
8.893156416901820800e+16
7.251245826989787200e+16
5.325122559353050400e+16
3.132265120377176800e+16
6.106293384849009000e+15
-1.995651994302926000e+16
-3.976286197686590400e+16
-4.531519668027333600e+16
-3.305804125394076400e+16
-6.300955970962770000e+15
2.578280956539056800e+16
5.282386955379112000e+16
6.717902826552667200e+16
6.620925255176246400e+16
5.182754509870294400e+16
2.825961156253667600e+16
-2.596953600594360000e+14
-2.974679218251925200e+16
-5.669652871744377600e+16
-7.751768042817798400e+16
-8.905033667400299200e+16
-8.965364074085294400e+16
-8.009343945795353600e+16
-6.399372306985216800e+16
-4.663504673509038400e+16
-3.189461978538810800e+16
-2.080013802396292000e+16
-1.223920664367065200e+16
-5.062976637225869000e+15
7.874223226952798750e+14
5.169068711599225000e+15
8.626582688186664000e+15
1.150670928694885600e+16
1.314161335569120000e+16
1.124105680578715600e+16
3.247754671741939000e+15
-1.195977112820179600e+16
-3.225630578555320800e+16
-5.191933014322235200e+16
-6.362212560103824000e+16
-6.195136229466774400e+16
-4.577643046944705600e+16
-1.805348306092651200e+16
1.505304892314070200e+16
4.619765321828718400e+16
6.989635660529396000e+16
8.553478364613059200e+16
9.713190223211003200e+16
1.103657523289512640e+17
1.282450555566646080e+17
1.491019101245352960e+17
1.670130137048453760e+17
1.741239517215300480e+17
1.642304279721571520e+17
1.352841818277105760e+17
9.060491446447427200e+16
3.858059297901928000e+16
-1.072836699597521200e+16
-4.874920438509404800e+16
-7.048369415287122400e+16
-7.542436715557910400e+16
-6.752257127956361600e+16
-5.361011518610217600e+16
-4.039822278593111200e+16
-3.099007593362987600e+16
-2.454252742906691600e+16
-1.779862283760037600e+16
-8.301146013710070000e+15
3.675962929044528000e+15
1.491094558258673400e+16
2.140005277650230800e+16
2.104808946575678800e+16
1.522784500494543000e+16
5.533247246517296000e+15
-5.887578854519162000e+15
-1.782800556404589600e+16
-2.787382035633000400e+16
-3.218268450558388000e+16
-2.796363769375260000e+16
-1.527641601228200400e+16
3.433515769487440000e+15
2.473873175905950800e+16
4.552125574979715200e+16
6.364617444390556800e+16
7.751069043645745600e+16
8.576244221686212800e+16
8.685586783237910400e+16
7.959048778305286400e+16
6.392722719678820000e+16
4.140928959007655200e+16
1.620799058534117600e+16
-5.410597792487866000e+15
-1.737607118315483600e+16
-1.737673531191308000e+16
-8.258290256432534000e+15
3.175214371275658000e+15
1.008643337488640800e+16
9.126384573537726000e+15
1.378310935653209000e+15
-9.025237840319888000e+15
-1.656641242918610200e+16
-1.617617856927009400e+16
-5.309297914764404000e+15
1.441944433912796600e+16
3.769236071289915200e+16
5.793004845812222400e+16
7.044647209237604800e+16
7.347519309836187200e+16
6.754575921181997600e+16
5.414965997091644000e+16
3.526582514314590400e+16
1.379205384525209600e+16
-6.355580341971646000e+15
-2.084068476866979200e+16
-2.722742609654017200e+16
-2.667274330210862400e+16
-2.325325116210109600e+16
-2.180293714812101600e+16
-2.457687130685016000e+16
-2.978623520964543200e+16
-3.306336188707303600e+16
-3.090576317154664800e+16
-2.320230650378562800e+16
-1.293886314083749400e+16
-3.567355068143907000e+15
3.521446604432513000e+15
9.449438038405422000e+15
1.607740368183007000e+16
2.400892451045908400e+16
3.200177789211092000e+16
3.827734560644244000e+16
4.206399357820992000e+16
4.391707625370312800e+16
4.449496418190939200e+16
4.384385752514793600e+16
4.117722220424333600e+16
3.554947189315697600e+16
2.686235157177554000e+16
1.697905816268833000e+16
9.365037745123556000e+15
7.942429605346258000e+15
1.465173507411947000e+16
2.767428800119883200e+16
4.164886433186316000e+16
5.029354256745191200e+16
4.940390368382602400e+16
3.837665656013292000e+16
1.923614905844578800e+16
-5.044730038032182000e+15
-3.171512005360292400e+16
-5.687704613121683200e+16
-7.541738695761379200e+16
-8.237026089930358400e+16
-7.605955354483398400e+16
-5.974920858978232800e+16
-4.011932032442111200e+16
-2.358984949711774400e+16
-1.351977262875182400e+16
-1.083709270657552400e+16
-1.482620380765016800e+16
-2.442201909397664000e+16
-3.792449899134529600e+16
-5.269828872344823200e+16
-6.608941804030512000e+16
-7.620729244830345600e+16
-8.201977877546748800e+16
-8.234954574403883200e+16
-7.562636625152105600e+16
-6.116171023298920800e+16
-4.168516615865436000e+16
-2.276901693953706800e+16
-1.098418477492377400e+16
-1.081535669289357200e+16
-2.235552880272848400e+16
-3.959756408277194400e+16
-5.227514245765000800e+16
-5.029462210703764800e+16
-2.895329036958143600e+16
8.235418622185111000e+15
5.092127967754472000e+16
8.706934163592060800e+16
1.079943407981084960e+17
1.108416144521663840e+17
9.780603243188049600e+16
7.383534517446587200e+16
4.545307145536396000e+16
1.973094457146273600e+16
2.630789469228685000e+15
-2.924913515175176000e+15
2.605339453358476000e+15
1.471636038519353200e+16
2.628593493528312400e+16
2.917518944461376400e+16
1.783257949388650400e+16
-7.172236381444595000e+15
-3.809621692448911200e+16
-6.268082019470785600e+16
-7.028036922533849600e+16
-5.706995059682776800e+16
-2.735106303422281200e+16
1.042615415562238800e+16
4.794218436998932800e+16
7.909247145106019200e+16
9.998773320304646400e+16
1.083976191394429760e+17
1.030917021950967520e+17
8.437579336007323200e+16
5.491819245532742400e+16
1.944435374218100800e+16
-1.612910584021150800e+16
-4.611112852332616800e+16
-6.564176508266346400e+16
-7.186440953794846400e+16
-6.487787666981633600e+16
-4.838502152824298400e+16
-2.899760196578372400e+16
-1.344641408874747800e+16
-5.101495041699606000e+15
-2.852345309106927000e+15
-2.591242482430643500e+15
-1.822484857629130625e+14
5.924216693691866000e+15
1.397878195577697400e+16
2.135438798447275600e+16
2.726367133850446400e+16
3.350431377133599600e+16
4.243718261199372800e+16
5.283418580664131200e+16
5.939088305152920000e+16
5.620625841306561600e+16
4.116562237598500000e+16
1.718042114685749400e+16
-9.751693503386560000e+15
-3.365160651072341600e+16
-5.036664114076854400e+16
-5.835091627094062400e+16
-5.891638795290410400e+16
-5.571424990726011200e+16
-5.377900504887862400e+16
-5.772998262342311200e+16
-6.949797795035390400e+16
-8.657361476394809600e+16
-1.022999856965987840e+17
-1.088271505886247520e+17
-1.008648370641590400e+17
-7.789375768435788800e+16
-4.458023706272644800e+16
-8.778765421184780000e+15
2.186772694467306400e+16
4.328792322303350400e+16
5.605971639556720800e+16
6.401014493827228800e+16
7.187528416784198400e+16
8.309278287315088000e+16
9.797643470449227200e+16
1.134272534497416480e+17
1.237636874509153600e+17
1.228985183436913600e+17
1.074148664289937920e+17
7.871151473667854400e+16
4.287968047235009600e+16
8.866813100400294000e+15
-1.508602876334783200e+16
-2.517737729126849600e+16
-2.377471192320153200e+16
-1.707474389012398400e+16
-1.097133937030946000e+16
-7.438280054269550000e+15
-4.834328429642590000e+15
-1.149860867812971000e+15
3.504771443087929000e+15
6.940862122546357000e+15
6.168203458896779264e+18
5.466850054289348608e+18
4.867615227920519168e+18
3.888760072390449152e+18
2.571235778278966784e+18
1.384403556860160000e+18
6.822375058563980800e+16
-1.001150100702325376e+18
-1.921536067334522368e+18
-2.755490206478094848e+18
-2.975945929343116288e+18
-3.030476747637761536e+18
-2.864289816777252352e+18
-2.398832183263585280e+18
-2.085447420423430912e+18
-1.532416258451200000e+18
-1.063489081102141952e+18
-5.695808639898393600e+17
-3.160571359362662400e+17
-4.759450412909721600e+16
-5.030129877261824000e+15
1.127261870511892480e+17
1.069386879279603200e+17
9.028555843614438400e+16
1.105099715598592000e+17
6.199984845924352000e+16
4.442858420758579200e+16
1.244561968481877760e+17
7.559814806167142400e+16
8.822859086150809600e+16
1.183686409456046720e+17
9.656587290173388800e+16
-5.030251882220236800e+16
-1.239366377832436480e+17
-8.690461247768064000e+15
-2.009314305626547200e+16
1.502727664614144000e+15
1.357485514951265280e+17
-2.236974035240524800e+16
2.363063114655232000e+15
9.993321646090816000e+16
-2.912617220687206400e+16
3.445572103921664000e+16
-5.568610557000448000e+16
-1.592779578366417920e+17
-3.353081561548390400e+17
-3.479771017985591040e+17
-3.033925123069322240e+17
-2.555481315892464640e+17
-1.152614874256419840e+17
2.185917472696985600e+16
2.946118653782804480e+17
5.116560943069926400e+17
6.019945465688412160e+17
6.631414584825676800e+17
5.390170388385638400e+17
6.239260301472000000e+17
4.601032311894855680e+17
3.481287191910297600e+17
3.370332278080896000e+17
2.864167676928712960e+17
1.486922782667013440e+17
-1.223850120364426240e+17
-2.333304691534003200e+17
-3.548680578702131200e+17
-4.267645285964139520e+17
-4.644328382439216640e+17
-4.181274076976568320e+17
-3.778603156441917440e+17
-1.024422867444326400e+17
-1.979608659476515200e+16
9.300456685723289600e+16
2.746154658616896000e+17
3.823642841084487680e+17
3.355571271115468800e+17
3.775955404502684160e+17
3.264810772645717760e+17
1.447034054913274880e+17
1.177789410813214720e+17
4.892799365755699200e+16
3.593979535277312000e+16
4.674244658645811200e+16
1.329794809346150400e+17
2.080801723515258880e+17
1.956408917843816960e+17
9.517056933842073600e+16
3.381079609908300800e+16
7.554828627366937600e+16
5.556369564410163200e+16
9.420768636081612800e+16
5.246921053538188800e+16
1.361497251418388480e+17
3.146271084350423040e+17
3.768890060617134080e+17
5.130647774935225600e+17
4.602958672919582720e+17
2.435143427480985600e+17
1.435710584143544320e+17
2.165133305907609600e+17
-1.266133281999480320e+17
-1.222041568623431680e+17
-3.447385202893452800e+17
-9.784134024385356800e+16
-1.855622053138465280e+17
-6.542172655809740800e+16
-7.824354171408704000e+16
1.229071030919231360e+17
3.964680981026560000e+16
6.224412700163942400e+16
-3.811655276431360000e+14
-1.078467441090191360e+17
-5.060704214911846400e+16
-1.630827773024567680e+17
-2.169002750672896000e+17
-2.745566079808593280e+17
-3.108367957221102080e+17
-2.274127255103511040e+17
-2.320265321843425280e+17
-1.995240260468436480e+17
-6.957840410419404800e+16
-1.430136605187614720e+17
-3.404846730908692480e+17
-3.766103896786503680e+17
-2.187611317755279360e+17
-2.551003992272522240e+17
2.500292842427136000e+16
2.398862744079969280e+17
2.034887678737653760e+17
2.782290891936194560e+17
2.112975110474869760e+17
3.361492242291128320e+17
3.197468485757757440e+17
2.762411225510661120e+17
3.158449166814407680e+17
1.965994219692605440e+17
2.507382594217789440e+17
1.048405549251296000e+17
8.150981504047923200e+16
-9.825450790238003200e+16
-4.849361645616515200e+16
-1.631206978692116480e+17
-2.762360918893501440e+17
-2.599491107760630400e+17
-3.202137494074083840e+17
-3.693535189735137280e+17
-2.879128823387197440e+17
-2.518313168189688320e+17
-1.754932240464814080e+17
-2.457917020357928960e+17
-1.801231963680593920e+17
-1.859555162218557440e+17
-4.767113348468736000e+16
-1.519002631153349120e+17
-1.633584292212464640e+17
-1.198303025973972480e+17
-5.065994855875699200e+16
1.760684499636275200e+16
1.750013795966887680e+17
2.857581158162650880e+17
2.750654394938961920e+17
2.220410339131534720e+17
8.050077979937571200e+16
8.759888095124755200e+16
1.744942969071820800e+16
-1.537661319495288320e+17
-3.914436926730137600e+16
-1.375338601047654400e+16
1.719951116645798400e+16
3.909337374485504000e+16
-1.893202277287052800e+16
1.063157579597597440e+17
2.036358430457006080e+17
1.312205217060119040e+17
9.297569852555468800e+16
1.857058172601221120e+17
4.994228331516723200e+16
1.099266695379346720e+17
2.216189880673428480e+17
1.136348591782180000e+17
2.612061038103838720e+17
2.367446378864967680e+17
8.272410495338291200e+16
3.937708167809331200e+16
1.228838627730036480e+17
-1.360014478476844800e+16
-5.290071688495475200e+16
-1.938328893384437760e+17
-3.239745779437232800e+16
-1.271959842908508160e+17
-1.455804032419671040e+17
-2.355367259486484480e+17
-2.212440225708851200e+17
-3.968712951897210880e+17
-2.802777208096122880e+17
-1.065241355664015360e+17
-7.708744912542924800e+16
2.213504608190259200e+16
2.102871631679488000e+17
1.301658684719616000e+16
8.151133745496268800e+16
1.188949234372372480e+17
4.714032379039436800e+16
5.717392208982144000e+16
-5.290693209424179200e+16
-1.968863739620761600e+17
-1.338755503629905920e+17
-6.527489695645132800e+16
-6.955995015495692800e+16
-2.091270554217164800e+16
3.980651991391232000e+16
5.669104726968729600e+16
6.382238970706124800e+16
1.413336761965772800e+17
1.411592199758274560e+17
3.537882964657825920e+17
2.584325860262154240e+17
3.412516860913134080e+17
3.719180827406361600e+17
2.232355139456112640e+17
1.836782906900674560e+17
-2.775056988594892800e+16
-5.327182879369932800e+16
-1.053518535562113920e+17
-3.797627051334830080e+17
-3.323111094726410240e+17
-4.776991788931415040e+17
-4.240782195973507840e+17
-4.981641246718945280e+17
-3.520062834339718400e+17
-2.909504761995522560e+17
-1.941557683043338240e+17
-1.657332015830533120e+17
-1.050921569495296000e+16
1.479169120504074240e+17
2.710805715047948800e+17
3.097827153177707520e+17
2.948087627267322880e+17
3.481625617408640000e+17
2.080293421771960320e+17
2.501725279710003200e+16
1.076710898810327040e+17
-1.447171752099840000e+14
3.988210423073587200e+16
-1.254582381468385280e+17
-1.831590910400486400e+16
3.378590845409075200e+16
1.145998286630594560e+17
1.102175617062481920e+17
3.168623206184960000e+16
1.944970149289574400e+16
1.076833735433715200e+17
-3.804208450361753600e+16
-8.209883985903180800e+16
1.557992824459059200e+16
-3.511267627449139200e+16
2.580091887316275200e+16
1.205218297285263360e+17
5.641990090273100800e+16
1.506953775751567360e+17
1.242289750436387840e+17
1.247823901837067200e+17
2.020458354429327360e+17
1.556782001230274560e+17
9.833669749849190400e+16
-6.871452757373344000e+16
-1.558253864869276160e+17
-9.012247723030118400e+16
-1.306542998206576640e+17
-9.049535963338558400e+16
-2.628516308464832000e+15
-7.062569132826956800e+16
5.480965779633856000e+16
5.029769359309209600e+16
-3.732784164591616000e+15
1.865759930410291200e+16
2.428756115609088000e+15
2.777801027839089200e+16
-5.374166775618508800e+16
8.702153797207040000e+16
-4.487096771061350400e+16
1.757802764575283200e+16
-8.849943281392947200e+16
-1.817701750272000000e+14
2.649678096137216000e+16
1.568616245185852800e+16
4.263650171575936000e+16
8.313209377199718400e+16
2.721574490615296000e+16
-5.974525626778803200e+16
-5.718514612101120000e+14
-2.091389799490150400e+16
1.125066014242833920e+17
1.089796585740467200e+16
4.714951915693568000e+16
6.428835308297424000e+16
4.631918003900004800e+16
3.151329053998080000e+16
7.204617704381235200e+16
1.615137513576901120e+17
-1.056959024729683200e+16
-5.071075877995520000e+16
5.400355873829088000e+15
1.330785628213895680e+17
1.658531270889493760e+17
2.697180383151820800e+17
3.193976954291384320e+17
3.569451181512783360e+17
3.458393552274723840e+17
3.970420348148739840e+17
3.537197365085020160e+17
3.521152810618839040e+17
2.963848499012808960e+17
1.253610224326673920e+17
-9.072231506030476800e+16
4.555986345135244800e+16
-2.893397765820211200e+16
-1.916073250657003520e+17
-2.691341231068794880e+17
-2.140817604192348160e+17
-2.323472202767718400e+17
-2.275538896170644480e+17
-3.036237678537825280e+17
-2.609818991820659200e+17
-2.764668963324318720e+17
-2.941250145354106880e+17
-2.478477973357824000e+17
-1.450987989661975040e+17
-4.253084127535769600e+16
4.052802702319308800e+16
7.271953920236851200e+16
9.449153257519705600e+16
6.222834752197632000e+16
7.984235391515699200e+16
6.337181444012956800e+16
1.299017829366804480e+17
4.899585865529868800e+16
3.976121461993216000e+16
5.280619213689702400e+16
5.268268303578060800e+16
-3.019442493270425600e+16
-1.465187871153766400e+16
-7.106095758676454400e+16
-5.328815455597721600e+16
-5.144691017209984000e+16
-5.881775611064899200e+16
-4.188210572286976000e+16
-3.121281716372563200e+16
-9.837688529265620800e+16
-1.238931117901742080e+17
-1.857050280206387200e+17
-2.764343313328081920e+17
-1.933197588985715200e+17
-3.477111799240291840e+17
-2.892090790036421120e+17
-2.677318465383439360e+17
-2.004342168822771200e+17
-1.497061623610634240e+17
-4.509876923797657600e+16
-7.908462608718745600e+16
-4.109048254517068800e+16
-1.867030311932752000e+16
5.144123973719193600e+16
-3.365145316808960000e+16
-4.148810789265152000e+16
4.986221602077968000e+16
3.878536755769036800e+16
4.828449704545664000e+16
-4.396980092631654400e+16
-6.986978282801766400e+16
-6.229403376808780800e+16
4.791932617352806400e+16
-1.484189617890007040e+17
-2.183067436572518400e+16
3.309578092145459200e+16
6.202429896602214400e+16
5.709728661208140800e+16
2.823033893032979840e+17
2.107286472144404480e+17
3.293052408935463680e+17
2.204934133998120960e+17
1.968928834331412480e+17
1.566126368151572480e+17
1.270268394998405120e+17
4.658707767413683200e+16
-5.672593045200063200e+16
-1.723272602056448000e+17
-2.111666342443008000e+17
-2.648105891271175680e+17
-1.053430123485772800e+17
-1.768203656248476160e+17
-6.431754200196608000e+16
-1.233707286300467200e+17
3.984138778704076800e+16
1.376169148824166400e+16
1.599056991725854720e+17
1.308271350219386880e+17
2.223606048349026560e+17
2.326275265557867520e+17
2.689869185110338560e+17
1.718919053088660480e+17
-1.154908903587123200e+16
3.473395634948096000e+15
-1.092297381916898240e+17
-1.472833448176215040e+17
-2.313280562199645440e+17
-2.486213205879306240e+17
-2.765297618371514880e+17
-1.885810845221652480e+17
-1.785856907441920000e+17
-4.149839718238924800e+16
2.120783133389670400e+16
-3.122519304474444800e+16
-1.518752274615168000e+16
-1.052548686492725760e+17
-8.512885986546380800e+16
-8.220503638886912000e+16
-1.035224556342704640e+17
-1.820043017867499520e+17
-3.304370853974630400e+16
-1.004498704619489280e+17
-8.358815553730918400e+16
-3.321741113719116800e+16
4.838619766865382400e+16
5.266369389167206400e+16
9.266487539100416000e+16
8.631078637519846400e+16
7.176855956752691200e+16
1.416504806423728640e+17
8.068743470565990400e+16
8.168330363495603200e+16
1.045045026959971840e+17
9.616314596538572800e+16
8.218689868507136000e+16
1.075477550735288320e+17
1.138173460996029440e+17
6.392918622045619200e+16
5.313956661578137600e+16
1.381890566654668800e+16
1.990727034838272000e+16
3.395252921536870400e+16
5.434651261631846400e+16
1.210398295562598400e+16
9.220560793225216000e+15
-3.688927615215820800e+16
9.796029289356800000e+15
-3.017864870497510400e+16
5.733199836709632000e+15
2.419794078448550400e+16
-9.466068385294336000e+15
1.337616370066739200e+16
1.530782844280168000e+16
-1.136512383899808000e+17
3.045439589466816000e+16
7.390572285099008000e+16
-4.640123425409280000e+15
1.554663008094658560e+17
1.267347388054528000e+17
1.633257954391736320e+17
1.819933523272422400e+17
1.774204099423662080e+17
2.225839920117740160e+17
2.179713100697901440e+17
1.396815378653122560e+17
1.397966122358871040e+17
1.260077192264907520e+17
1.507103149760450560e+17
1.134973315509982720e+17
1.391196693114142720e+17
1.223254835414809600e+17
1.707869380830013440e+17
1.796908795537658880e+17
8.966388602863244800e+16
1.032849153485803520e+17
1.261238023209167360e+17
3.385404185007974400e+16
-2.490128825242726400e+16
-7.087562665145926400e+16
-1.050669710219161600e+17
-1.852071876475464960e+17
-1.913833265790924800e+17
-2.663562157640788480e+17
-2.151574246055710720e+17
-2.597147206668953600e+17
-2.251589363368192000e+17
-1.803880461313766400e+17
-8.981969291042304000e+16
-1.202624703742187520e+17
-1.763826440966715200e+16
4.806410790051763200e+16
3.984753791598592000e+16
4.477556327862630400e+16
5.252111958145267200e+16
9.984005308883968000e+15
-2.009684274170982400e+16
-2.010074914246656000e+16
1.742714853319680000e+16
-1.263645908633600000e+15
1.131561143350144000e+17
2.413846511635957760e+17
1.508353886852188160e+17
1.415115027613136640e+17
9.500513887831347200e+16
5.233282375359462400e+16
4.774509531869184000e+16
3.769260560148377600e+16
2.803415109838540800e+16
1.724290471525515200e+16
5.203788269256249600e+16
4.940447601168281600e+16
4.530932008202240000e+16
3.225487734166220800e+16
4.151471212204032000e+15
6.251171757159424000e+15
-1.531871136929075200e+16
-3.553468881995646400e+16
-3.889645152468326400e+16
-1.484394401929043200e+16
-6.086698889165824000e+15
1.712798462497075200e+16
8.051823488893900800e+16
7.878767329707596800e+16
7.079792478160384000e+16
5.093980607212339200e+16
4.794291799090073600e+16
-2.786966152376883200e+16
-6.250684303509849600e+16
-1.072580685543935040e+17
-1.005088467892172800e+17
-1.284708841407918080e+17
-1.201881472523438080e+17
-8.601685401047910400e+16
-4.558564768011878400e+16
-7.420579663597568000e+15
2.260592107649638400e+16
7.954367174482201600e+16
6.493858016453478400e+16
8.645638756726323200e+16
6.301983003705382400e+16
3.505186277191731200e+16
1.081597811607449600e+16
1.438692168671129600e+16
-5.040059534494720000e+16
-8.887645765061273600e+16
-8.567447254598566400e+16
-9.804948552124057600e+16
-6.006172315168742400e+16
-4.741198141394432000e+16
2.924831071707750400e+16
6.155325000013004800e+16
9.010634693817331200e+16
9.781324243838310400e+16
9.589684262661734400e+16
6.896891986778572800e+16
3.416702006343436800e+16
-2.539260708812800000e+16
-5.163872777848832000e+16
-8.654674320074240000e+16
-5.715998483637657600e+16
-8.337513436133017600e+16
-4.098198930623692800e+16
-1.575502082279212800e+16
-3.271818998296857600e+16
-4.973409250078412800e+16
-2.880657610246758400e+16
5.148687069311808000e+15
2.228903388193664000e+16
3.311236034700185600e+16
4.663743112885798400e+16
6.604024412087603200e+16
6.286712858079232000e+16
9.320278057117184000e+16
5.104420872130048000e+16
8.792215094882560000e+16
3.202781680243200000e+16
3.860730551703347200e+16
1.663658559865600000e+15
-1.696769543290811200e+16
-6.215962139437465600e+16
-8.180469022333798400e+16
-7.475405699750912000e+16
-9.884715758399795200e+16
-2.287366930577203200e+16
-2.079941391647436800e+16
-1.504180542563840000e+16
1.443220115197974400e+16
1.797631569694476800e+16
-3.534063161694617600e+16
-2.591160001314496000e+16
-6.182010030655795200e+16
-7.017736558831385600e+16
-9.179387016417894400e+16
-1.259933436228628480e+17
-9.827974709356595200e+16
-1.400869447341649920e+17
-7.464484356388403200e+16
-8.621074241937408000e+16
-1.431372509041786880e+17
-9.873048797924121600e+16
-8.847235898164736000e+16
-2.153306976034918400e+16
3.991053128748483200e+16
6.847230260520588800e+16
1.189323536384509440e+17
5.026740633281228800e+16
1.403862249261977600e+17
1.140016198998814720e+17
1.569212329028554240e+17
1.312212097614994560e+17
6.019326107222988800e+16
4.059466692860569600e+16
1.660990259374387200e+16
2.619466652749363200e+16
1.446462710777600000e+16
2.240395257919078400e+16
9.369253515170368000e+15
-8.900770675448320000e+15
1.716630944366092800e+16
1.302149332939264000e+16
5.548216672442368000e+15
1.588805198198784000e+16
-2.093640939813376000e+16
-1.268462122739302400e+16
-5.395722827636633600e+16
-5.216405281286963200e+16
-8.284535154957926400e+16
-3.113182089360076800e+16
-3.834294439753574400e+16
-1.763159602339430400e+16
-2.953413921006592000e+16
1.693329969041920000e+16
3.657415418166067200e+16
6.392172842683532800e+16
4.924229349588531200e+16
-1.235859798125571200e+16
-8.654622239794048000e+15
-5.424733217623398400e+16
-5.454506195281612800e+16
-7.993809414870323200e+16
-8.378362372174233600e+16
-5.992414801777843200e+16
-2.606769291751168000e+16
-2.123268210599372800e+16
-2.772347252180787200e+16
1.269920473321676800e+16
5.822357486376448000e+15
1.172882391113062400e+16
-7.997302201887744000e+15
4.265736397374720000e+16
5.254053713357619200e+16
6.855118100874969600e+16
8.513097188907110400e+16
1.060379946237470720e+17
6.549017327785011200e+16
-2.126150913366425600e+16
-3.401048438371020800e+16
-5.422277367610816000e+16
-1.265210535311329280e+17
-1.261574342490060800e+17
-1.225249486943907840e+17
-1.532282309545891840e+17
-8.487046834930304000e+16
-1.142584441711124480e+17
-4.858138379523993600e+16
1.586111030900224000e+16
8.002651388521318400e+16
1.049918263657099520e+17
1.009946563355182720e+17
1.191654578040412160e+17
1.449256358114242560e+17
9.929085812459622400e+16
5.440141689871718400e+16
1.587724485079889600e+16
2.783280356323840000e+14
-7.953654442529996800e+16
-1.830005497263769600e+16
-4.659842074483609600e+16
-1.135425973093314080e+17
-4.210050309105356800e+16
-7.275822440017561600e+16
5.656036916020480000e+15
-6.611100947085472000e+15
1.150562795969638400e+16
4.384007906024524800e+16
1.141021668380718080e+17
1.262246601232866560e+17
4.817409923666636800e+16
1.145505213267206400e+17
7.219548316492902400e+16
8.107980795531571200e+16
8.363477283296499200e+16
5.316356646064486400e+16
6.658260127005081600e+16
5.950440704398182400e+16
3.415636205324800000e+14
3.389689080194380800e+16
-2.013062482983424000e+15
-3.143583532947161600e+16
-1.489588638881587200e+16
-5.305762948453632000e+15
-1.847013322859417600e+16
1.199934667327283200e+16
4.486838124520192000e+15
2.261018922519449600e+16
6.767329138176512000e+15
2.800416746574848000e+16
-2.404672344877107200e+16
1.285409519589401600e+16
-3.423959831305532800e+16
-6.134679374952755200e+16
-7.328241782177996800e+16
-8.457181160598323200e+16
-4.332427548145049600e+16
-4.433919670565273600e+16
-2.015775287196108800e+16
4.501213613942558400e+16
2.112047567316787200e+16
4.475038358993126400e+16
1.340544536481740800e+16
5.326885016214323200e+16
1.639260971780224000e+15
1.163515450698688000e+16
3.090355671397350400e+16
3.882335309714003200e+16
5.207051101091545600e+16
1.083571737606635520e+17
9.617545346178048000e+16
1.045742746538196480e+17
1.360534927511272960e+17
1.462456831647815680e+17
9.612599287095398400e+16
8.333752064830080000e+16
9.862930279761484800e+16
1.020244918687631360e+17
9.081356588962124800e+16
5.166930104012697600e+16
3.675379895521024000e+16
1.225273318775091200e+16
-1.555930834988697600e+16
-6.866316978277388800e+16
-1.309467728360673280e+17
-1.460274924376171520e+17
-1.966440091637073920e+17
-1.879400362580828160e+17
-2.004595175380866560e+17
-2.090262540910976000e+17
-1.879266976929418880e+17
-1.972194328350484480e+17
-1.214424760254218240e+17
-7.967333278546841600e+16
-5.337474642676416000e+15
2.957905898888294400e+16
4.265586449833472000e+16
5.231895627029068800e+16
1.115740331177451520e+17
1.000125837990799360e+17
5.932247942842777600e+16
6.560306584397926400e+16
2.973160802718105600e+16
2.807007654585510400e+16
-4.473934473803852800e+16
-5.614070007677465600e+16
-6.408268351916390400e+16
-2.318735544069120000e+16
-3.446702013656102400e+16
2.394111407999040000e+15
-7.566379398778880000e+14
1.688731879569024000e+16
6.769088820753510400e+16
5.319219936582963200e+16
8.684603865484236800e+16
6.183117338636083200e+16
6.598279103843321600e+16
2.428475221246284800e+16
-1.609582574966579200e+16
-2.420492640319795200e+16
-7.249366622641715200e+16
-9.755895223133305600e+16
-7.783491773017216000e+16
-1.294784615013793280e+17
-1.117063615397980160e+17
-1.017334786906746880e+17
-8.534498949513728000e+16
-4.779880337583352000e+16
-5.816524189310976000e+15
3.993681584116640000e+15
1.155914070276582400e+16
7.859914704918937600e+16
5.592566036665369600e+16
3.598188028150912000e+16
5.638730525633664000e+16
1.600098893655987200e+16
4.540319953568947200e+16
2.073308226210099200e+16
1.168363733702451200e+16
-3.117484596234240000e+15
-4.847478658481459200e+16
-3.178780961247180800e+16
-6.007716359950310400e+16
-4.106592743427840000e+16
-9.170700501925888000e+16
-1.086917547616730240e+17
-5.994715748547404800e+16
-4.621650164780313600e+16
-2.954168562381977600e+16
3.967459865368576000e+16
7.534638771014092800e+16
1.125729173577249280e+17
1.379087014212652480e+17
1.355423874174182400e+17
1.317155924900258880e+17
1.090970984739182080e+17
1.683217894614046720e+17
1.353995111631462400e+17
5.665239573617622400e+16
8.727401663577382400e+16
1.679342721275392000e+16
9.273953942672896000e+15
1.998350380946777600e+16
-2.522112978071756800e+16
-5.260428547554585600e+16
-2.169276864550502400e+16
-5.936600165776960000e+16
-1.936800092871680000e+15
-5.544835454195712000e+16
-3.150173066545971200e+16
-5.227343197297049600e+16
-4.543194308778163200e+16
-1.546741829144166400e+16
-5.502401756511539200e+16
-4.370140030769664000e+16
-3.881541898154035200e+16
-2.756120361765273600e+16
-4.122506714348032000e+15
2.216735046300262400e+16
4.708709488086118400e+16
2.914819037528064000e+16
2.473531832102835200e+16
-2.936304441040192000e+15
1.443006765411584000e+16
-1.840528539611110400e+16
-5.841036943373081600e+16
-7.794580446076825600e+16
-7.486291377220531200e+16
-5.451763101575065600e+16
-3.219820543877721600e+16
-2.768456153902950400e+16
2.240572809514752000e+15
6.756496324170752000e+15
-1.788670237348864000e+16
-5.718678550021376000e+15
-8.898053082996736000e+15
-2.294343620924514400e+16
-2.430356440396185600e+16
-3.484209023599206400e+16
-5.876664007346688000e+15
-4.773696922599936000e+16
-3.503884235869542400e+16
-3.160587003330073600e+16
-1.790652334594099200e+16
-3.673843627565465600e+16
-3.546288414551449600e+16
-3.487154963611212800e+16
-4.381817030078668800e+16
-5.020141435893657600e+16
-2.088068527715660800e+16
-5.329031554809344000e+16
-3.104209232854425600e+16
-4.026666882432716800e+16
-9.022521904256460800e+16
-1.090332690682762240e+17
-3.648945908077977600e+16
-4.522696754405920000e+16
-4.362710737765145600e+16
2.398487192212377600e+16
3.836819150909030400e+16
6.960838599527552000e+16
1.003059311459259520e+17
1.032343682832097280e+17
1.247913882858199040e+17
1.098620235535011840e+17
7.874146171338521600e+16
1.690943760439961600e+16
4.297918747897446400e+16
-1.662163011232256000e+16
-5.535236104714134400e+16
-4.277582823103590400e+16
1.865182162402099200e+16
-2.717824354695168000e+15
1.605225382346342400e+16
7.167823536428544000e+15
3.842844852450355200e+16
5.193909140374272000e+16
1.276486466738380800e+16
7.890238688822272000e+15
-5.101771810144204800e+16
2.189515317357568000e+15
6.482362774465536000e+15
6.770276555228544000e+15
2.702967889799393600e+16
1.039141252103479040e+17
9.802778255530598400e+16
8.767510995969408000e+16
5.518871242409100800e+16
4.151765522135142400e+16
3.082670764867584000e+15
-3.671357165172736000e+16
-1.018176626762801920e+17
-1.392872370277617920e+17
-1.143367376328603520e+17
-1.066705613470492160e+17
-1.194396366191787520e+17
-7.586742941415091200e+16
-3.497119339357798400e+16
3.286200196244480000e+14
-4.303848589954131200e+16
2.715129027429500800e+16
3.616850863790899200e+16
-3.801354652465152000e+15
1.766004903038976000e+15
-2.302414829598720000e+16
9.099326369423104000e+15
1.222994372087603200e+16
2.154666795743846400e+16
9.467710272998400000e+14
3.921879022778368000e+15
2.711304855782912000e+16
3.258836274430771200e+16
3.040508276965734400e+16
1.381504808421632000e+16
-1.132137623372928000e+16
-8.047477912753152000e+15
-3.615034280417587200e+16
-8.600058175963776000e+16
-1.062298343801077760e+17
-6.029071868170259200e+16
-5.035816386216499200e+16
1.515285548156928000e+15
1.024934453522662400e+16
4.477825314875289600e+16
8.122178271808947200e+16
1.198742225197998080e+17
9.465979181416614400e+16
4.404568354019302400e+16
9.450987215832064000e+16
5.809620550977740800e+16
2.259500362075750400e+16
8.468842107092992000e+15
-9.139963556494336000e+15
-2.567203709638950400e+16
4.051101570036940800e+16
1.141135798679552000e+15
-1.865334921587865600e+16
4.918224974315929600e+16
2.508594722288844800e+16
3.820810092623001600e+16
4.693149394214041600e+16
9.031925903362252800e+16
2.627828073042329600e+16
3.302126520184640000e+16
7.043050397923942400e+16
7.736772785208230400e+16
7.921439580496691200e+16
8.761143890536448000e+16
7.546083224010137600e+16
-1.243929192939008000e+15
3.616552811528192000e+15
-2.723082208891392000e+16
-7.691550838052454400e+16
-1.538363314793431040e+17
-1.527615105012517120e+17
-1.000771987873141760e+17
-1.694966572631050240e+17
-6.700040473738483200e+16
-3.782928352376617600e+16
-5.040913556575180800e+16
2.044245689836544000e+16
2.928144265299302400e+16
4.697730332660940800e+16
7.782620593652172800e+16
8.138960309904281600e+16
8.444441239900320000e+16
7.026383863108300800e+16
1.408760376565593600e+17
4.679500775773593600e+16
3.943437643825344000e+16
5.985539222810470400e+16
1.449777984008294400e+16
1.249109667025689600e+16
1.038460889162854400e+16
1.290529559118028800e+16
-2.468508713423283200e+16
9.085267538300928000e+15
1.450833731831808000e+15
3.562751012104192000e+15
-3.147974356365721600e+16
4.257589439050240000e+15
1.280961570394112000e+15
-2.391519378662400000e+15
3.405155929863961600e+16
1.039821759289939840e+17
