1.000000000000000021e-02
2.000000000000000042e-02
2.999999999999999889e-02
4.000000000000000083e-02
5.000000000000000278e-02
5.999999999999999778e-02
7.000000000000000666e-02
8.000000000000000167e-02
9.000000000000001055e-02
1.000000000000000056e-01
1.099999999999999867e-01
1.199999999999999956e-01
1.300000000000000044e-01
1.400000000000000133e-01
1.499999999999999944e-01
1.600000000000000033e-01
1.700000000000000122e-01
1.800000000000000211e-01
1.900000000000000022e-01
2.000000000000000111e-01
2.100000000000000200e-01
2.199999999999999734e-01
2.299999999999999822e-01
2.399999999999999911e-01
2.500000000000000000e-01
2.600000000000000089e-01
2.700000000000000178e-01
2.800000000000000266e-01
2.900000000000000355e-01
2.999999999999999889e-01
3.099999999999999978e-01
3.200000000000000067e-01
3.300000000000000155e-01
3.400000000000000244e-01
3.500000000000000333e-01
3.600000000000000422e-01
3.699999999999999956e-01
3.800000000000000044e-01
3.900000000000000133e-01
4.000000000000000222e-01
4.100000000000000311e-01
4.200000000000000400e-01
4.300000000000000488e-01
4.399999999999999467e-01
4.499999999999999556e-01
4.599999999999999645e-01
4.699999999999999734e-01
4.799999999999999822e-01
4.899999999999999911e-01
5.000000000000000000e-01
5.100000000000000089e-01
5.200000000000000178e-01
5.300000000000000266e-01
5.400000000000000355e-01
5.500000000000000444e-01
5.600000000000000533e-01
5.700000000000000622e-01
5.800000000000000711e-01
5.900000000000000799e-01
5.999999999999999778e-01
6.099999999999999867e-01
6.199999999999999956e-01
6.300000000000000044e-01
6.400000000000000133e-01
6.500000000000000222e-01
6.600000000000000311e-01
6.700000000000000400e-01
6.800000000000000488e-01
6.900000000000000577e-01
7.000000000000000666e-01
7.100000000000000755e-01
7.200000000000000844e-01
7.299999999999999822e-01
7.399999999999999911e-01
7.500000000000000000e-01
7.600000000000000089e-01
7.700000000000000178e-01
7.800000000000000266e-01
7.900000000000000355e-01
8.000000000000000444e-01
8.100000000000000533e-01
8.200000000000000622e-01
8.300000000000000711e-01
8.400000000000000799e-01
8.500000000000000888e-01
8.600000000000000977e-01
8.700000000000001066e-01
8.799999999999998934e-01
8.899999999999999023e-01
8.999999999999999112e-01
9.099999999999999201e-01
9.199999999999999289e-01
9.299999999999999378e-01
9.399999999999999467e-01
9.499999999999999556e-01
9.599999999999999645e-01
9.699999999999999734e-01
9.799999999999999822e-01
9.899999999999999911e-01
1.000000000000000000e+00
1.010000000000000009e+00
1.020000000000000018e+00
1.030000000000000027e+00
1.040000000000000036e+00
1.050000000000000044e+00
1.060000000000000053e+00
1.070000000000000062e+00
1.080000000000000071e+00
1.090000000000000080e+00
1.100000000000000089e+00
1.110000000000000098e+00
1.120000000000000107e+00
1.130000000000000115e+00
1.140000000000000124e+00
1.150000000000000133e+00
1.160000000000000142e+00
1.170000000000000151e+00
1.180000000000000160e+00
1.190000000000000169e+00
1.199999999999999956e+00
1.209999999999999964e+00
1.219999999999999973e+00
1.229999999999999982e+00
1.239999999999999991e+00
1.250000000000000000e+00
1.260000000000000009e+00
1.270000000000000018e+00
1.280000000000000027e+00
1.290000000000000036e+00
1.300000000000000044e+00
1.310000000000000053e+00
1.320000000000000062e+00
1.330000000000000071e+00
1.340000000000000080e+00
1.350000000000000089e+00
1.360000000000000098e+00
1.370000000000000107e+00
1.380000000000000115e+00
1.390000000000000124e+00
1.400000000000000133e+00
1.410000000000000142e+00
1.420000000000000151e+00
1.430000000000000160e+00
1.440000000000000169e+00
1.449999999999999956e+00
1.459999999999999964e+00
1.469999999999999973e+00
1.479999999999999982e+00
1.489999999999999991e+00
1.500000000000000000e+00
1.510000000000000009e+00
1.520000000000000018e+00
1.530000000000000027e+00
1.540000000000000036e+00
1.550000000000000044e+00
1.560000000000000053e+00
1.570000000000000062e+00
1.580000000000000071e+00
1.590000000000000080e+00
1.600000000000000089e+00
1.610000000000000098e+00
1.620000000000000107e+00
1.630000000000000115e+00
1.640000000000000124e+00
1.650000000000000133e+00
1.660000000000000142e+00
1.670000000000000151e+00
1.680000000000000160e+00
1.690000000000000169e+00
1.700000000000000178e+00
1.710000000000000187e+00
1.720000000000000195e+00
1.730000000000000204e+00
1.740000000000000213e+00
1.750000000000000222e+00
1.759999999999999787e+00
1.770000000000000018e+00
1.779999999999999805e+00
1.790000000000000036e+00
1.799999999999999822e+00
1.810000000000000053e+00
1.819999999999999840e+00
1.830000000000000071e+00
1.839999999999999858e+00
1.850000000000000089e+00
1.859999999999999876e+00
1.870000000000000107e+00
1.879999999999999893e+00
1.890000000000000124e+00
1.899999999999999911e+00
1.910000000000000142e+00
1.919999999999999929e+00
1.930000000000000160e+00
1.939999999999999947e+00
1.950000000000000178e+00
1.959999999999999964e+00
1.970000000000000195e+00
1.979999999999999982e+00
1.990000000000000213e+00
2.000000000000000000e+00
2.010000000000000231e+00
2.020000000000000018e+00
2.030000000000000249e+00
2.040000000000000036e+00
2.050000000000000266e+00
2.060000000000000053e+00
2.070000000000000284e+00
2.080000000000000071e+00
2.089999999999999858e+00
2.100000000000000089e+00
2.109999999999999876e+00
2.120000000000000107e+00
2.129999999999999893e+00
2.140000000000000124e+00
2.149999999999999911e+00
2.160000000000000142e+00
2.169999999999999929e+00
2.180000000000000160e+00
2.189999999999999947e+00
2.200000000000000178e+00
2.209999999999999964e+00
2.220000000000000195e+00
2.229999999999999982e+00
2.240000000000000213e+00
2.250000000000000000e+00
2.260000000000000231e+00
2.270000000000000018e+00
2.280000000000000249e+00
2.290000000000000036e+00
2.300000000000000266e+00
2.310000000000000053e+00
2.320000000000000284e+00
2.330000000000000071e+00
2.340000000000000302e+00
2.350000000000000089e+00
2.360000000000000320e+00
2.370000000000000107e+00
2.380000000000000338e+00
2.390000000000000124e+00
2.399999999999999911e+00
2.410000000000000142e+00
2.419999999999999929e+00
2.429999999999999716e+00
2.439999999999999947e+00
2.450000000000000178e+00
2.459999999999999964e+00
2.469999999999999751e+00
2.479999999999999982e+00
2.490000000000000213e+00
2.500000000000000000e+00
2.509999999999999787e+00
2.520000000000000018e+00
2.530000000000000249e+00
2.540000000000000036e+00
2.549999999999999822e+00
2.560000000000000053e+00
2.570000000000000284e+00
2.580000000000000071e+00
2.589999999999999858e+00
2.600000000000000089e+00
2.610000000000000320e+00
2.620000000000000107e+00
2.629999999999999893e+00
2.640000000000000124e+00
2.650000000000000355e+00
2.660000000000000142e+00
2.669999999999999929e+00
2.680000000000000160e+00
2.690000000000000391e+00
2.700000000000000178e+00
2.709999999999999964e+00
2.720000000000000195e+00
2.730000000000000426e+00
2.740000000000000213e+00
2.750000000000000000e+00
2.760000000000000231e+00
2.770000000000000462e+00
2.780000000000000249e+00
2.790000000000000036e+00
2.800000000000000266e+00
2.810000000000000497e+00
2.820000000000000284e+00
2.830000000000000071e+00
2.840000000000000302e+00
2.850000000000000533e+00
2.860000000000000320e+00
2.870000000000000107e+00
2.880000000000000338e+00
2.889999999999999680e+00
2.899999999999999911e+00
2.909999999999999698e+00
2.919999999999999929e+00
2.929999999999999716e+00
2.939999999999999947e+00
2.949999999999999734e+00
2.959999999999999964e+00
2.969999999999999751e+00
2.979999999999999982e+00
2.989999999999999769e+00
3.000000000000000000e+00
3.009999999999999787e+00
3.020000000000000018e+00
3.029999999999999805e+00
3.040000000000000036e+00
3.049999999999999822e+00
3.060000000000000053e+00
3.069999999999999840e+00
3.080000000000000071e+00
3.089999999999999858e+00
3.100000000000000089e+00
3.109999999999999876e+00
3.120000000000000107e+00
3.129999999999999893e+00
3.140000000000000124e+00
3.149999999999999911e+00
3.160000000000000142e+00
3.169999999999999929e+00
3.180000000000000160e+00
3.189999999999999947e+00
3.200000000000000178e+00
3.209999999999999964e+00
3.220000000000000195e+00
3.229999999999999982e+00
3.240000000000000213e+00
3.250000000000000000e+00
3.260000000000000231e+00
3.270000000000000018e+00
3.280000000000000249e+00
3.290000000000000036e+00
3.300000000000000266e+00
3.310000000000000053e+00
3.320000000000000284e+00
3.330000000000000071e+00
3.340000000000000302e+00
3.350000000000000089e+00
3.360000000000000320e+00
3.370000000000000107e+00
3.380000000000000338e+00
3.390000000000000124e+00
3.400000000000000355e+00
3.410000000000000142e+00
3.420000000000000373e+00
3.430000000000000160e+00
3.440000000000000391e+00
3.450000000000000178e+00
3.460000000000000409e+00
3.470000000000000195e+00
3.480000000000000426e+00
3.490000000000000213e+00
3.500000000000000444e+00
3.510000000000000231e+00
3.519999999999999574e+00
3.529999999999999805e+00
3.540000000000000036e+00
3.549999999999999822e+00
3.559999999999999609e+00
3.569999999999999840e+00
3.580000000000000071e+00
3.589999999999999858e+00
3.599999999999999645e+00
3.609999999999999876e+00
3.620000000000000107e+00
3.629999999999999893e+00
3.639999999999999680e+00
3.649999999999999911e+00
3.660000000000000142e+00
3.669999999999999929e+00
3.679999999999999716e+00
3.689999999999999947e+00
3.700000000000000178e+00
3.709999999999999964e+00
3.719999999999999751e+00
3.729999999999999982e+00
3.740000000000000213e+00
3.750000000000000000e+00
3.759999999999999787e+00
3.770000000000000018e+00
3.780000000000000249e+00
3.790000000000000036e+00
3.799999999999999822e+00
3.810000000000000053e+00
3.820000000000000284e+00
3.830000000000000071e+00
3.839999999999999858e+00
3.850000000000000089e+00
3.860000000000000320e+00
3.870000000000000107e+00
3.879999999999999893e+00
3.890000000000000124e+00
3.900000000000000355e+00
3.910000000000000142e+00
3.919999999999999929e+00
3.930000000000000160e+00
3.940000000000000391e+00
3.950000000000000178e+00
3.959999999999999964e+00
3.970000000000000195e+00
3.980000000000000426e+00
3.990000000000000213e+00
4.000000000000000000e+00
4.009999999999999787e+00
4.020000000000000462e+00
4.030000000000000249e+00
4.040000000000000036e+00
4.050000000000000711e+00
4.060000000000000497e+00
4.070000000000000284e+00
4.080000000000000071e+00
4.089999999999999858e+00
4.100000000000000533e+00
4.110000000000000320e+00
4.120000000000000107e+00
4.130000000000000782e+00
4.140000000000000568e+00
4.150000000000000355e+00
4.160000000000000142e+00
4.169999999999999929e+00
4.179999999999999716e+00
4.189999999999999503e+00
4.200000000000000178e+00
4.209999999999999964e+00
4.219999999999999751e+00
4.229999999999999538e+00
4.240000000000000213e+00
4.250000000000000000e+00
4.259999999999999787e+00
4.269999999999999574e+00
4.280000000000000249e+00
4.290000000000000036e+00
4.299999999999999822e+00
4.309999999999999609e+00
4.320000000000000284e+00
4.330000000000000071e+00
4.339999999999999858e+00
4.349999999999999645e+00
4.360000000000000320e+00
4.370000000000000107e+00
4.379999999999999893e+00
4.389999999999999680e+00
4.400000000000000355e+00
4.410000000000000142e+00
4.419999999999999929e+00
4.429999999999999716e+00
4.440000000000000391e+00
4.450000000000000178e+00
4.459999999999999964e+00
4.469999999999999751e+00
4.480000000000000426e+00
4.490000000000000213e+00
4.500000000000000000e+00
4.509999999999999787e+00
4.520000000000000462e+00
4.530000000000000249e+00
4.540000000000000036e+00
4.549999999999999822e+00
4.560000000000000497e+00
4.570000000000000284e+00
4.580000000000000071e+00
4.589999999999999858e+00
4.600000000000000533e+00
4.610000000000000320e+00
4.620000000000000107e+00
4.629999999999999893e+00
4.640000000000000568e+00
4.650000000000000355e+00
4.660000000000000142e+00
4.669999999999999929e+00
4.680000000000000604e+00
4.690000000000000391e+00
4.700000000000000178e+00
4.709999999999999964e+00
4.720000000000000639e+00
4.730000000000000426e+00
4.740000000000000213e+00
4.750000000000000000e+00
4.760000000000000675e+00
4.770000000000000462e+00
4.780000000000000249e+00
4.790000000000000036e+00
4.799999999999999822e+00
4.809999999999999609e+00
4.820000000000000284e+00
4.830000000000000071e+00
4.839999999999999858e+00
4.849999999999999645e+00
4.859999999999999432e+00
4.870000000000000107e+00
4.879999999999999893e+00
4.889999999999999680e+00
4.900000000000000355e+00
4.910000000000000142e+00
4.919999999999999929e+00
4.929999999999999716e+00
4.939999999999999503e+00
4.950000000000000178e+00
4.959999999999999964e+00
4.969999999999999751e+00
4.980000000000000426e+00
4.990000000000000213e+00
5.000000000000000000e+00
5.009999999999999787e+00
5.019999999999999574e+00
5.030000000000000249e+00
5.040000000000000036e+00
5.049999999999999822e+00
5.060000000000000497e+00
5.070000000000000284e+00
5.080000000000000071e+00
5.089999999999999858e+00
5.099999999999999645e+00
5.110000000000000320e+00
5.120000000000000107e+00
5.129999999999999893e+00
5.140000000000000568e+00
5.150000000000000355e+00
5.160000000000000142e+00
5.169999999999999929e+00
5.179999999999999716e+00
5.190000000000000391e+00
5.200000000000000178e+00
5.209999999999999964e+00
5.220000000000000639e+00
5.230000000000000426e+00
5.240000000000000213e+00
5.250000000000000000e+00
5.259999999999999787e+00
5.270000000000000462e+00
5.280000000000000249e+00
5.290000000000000036e+00
5.300000000000000711e+00
5.310000000000000497e+00
5.320000000000000284e+00
5.330000000000000071e+00
5.339999999999999858e+00
5.350000000000000533e+00
5.360000000000000320e+00
5.370000000000000107e+00
5.380000000000000782e+00
5.390000000000000568e+00
5.400000000000000355e+00
5.410000000000000142e+00
5.419999999999999929e+00
5.430000000000000604e+00
5.440000000000000391e+00
5.450000000000000178e+00
5.460000000000000853e+00
5.470000000000000639e+00
5.480000000000000426e+00
5.490000000000000213e+00
5.500000000000000000e+00
5.510000000000000675e+00
5.520000000000000462e+00
5.530000000000000249e+00
5.540000000000000924e+00
5.550000000000000711e+00
5.560000000000000497e+00
5.570000000000000284e+00
5.580000000000000071e+00
5.590000000000000746e+00
5.600000000000000533e+00
5.610000000000000320e+00
5.620000000000000995e+00
5.630000000000000782e+00
5.640000000000000568e+00
5.650000000000000355e+00
5.660000000000000142e+00
5.670000000000000817e+00
5.680000000000000604e+00
5.690000000000000391e+00
5.700000000000001066e+00
5.710000000000000853e+00
5.720000000000000639e+00
5.730000000000000426e+00
5.740000000000000213e+00
5.750000000000000888e+00
5.760000000000000675e+00
5.769999999999999574e+00
5.779999999999999361e+00
5.789999999999999147e+00
5.799999999999999822e+00
5.809999999999999609e+00
5.819999999999999396e+00
5.830000000000000071e+00
5.839999999999999858e+00
5.849999999999999645e+00
5.859999999999999432e+00
5.869999999999999218e+00
5.879999999999999893e+00
5.889999999999999680e+00
5.899999999999999467e+00
5.910000000000000142e+00
5.919999999999999929e+00
5.929999999999999716e+00
5.939999999999999503e+00
5.949999999999999289e+00
5.959999999999999964e+00
5.969999999999999751e+00
5.979999999999999538e+00
5.990000000000000213e+00
6.000000000000000000e+00
6.009999999999999787e+00
6.019999999999999574e+00
6.029999999999999361e+00
6.040000000000000036e+00
6.049999999999999822e+00
6.059999999999999609e+00
6.070000000000000284e+00
6.080000000000000071e+00
6.089999999999999858e+00
6.099999999999999645e+00
6.109999999999999432e+00
6.120000000000000107e+00
6.129999999999999893e+00
6.139999999999999680e+00
6.150000000000000355e+00
6.160000000000000142e+00
6.169999999999999929e+00
6.179999999999999716e+00
6.189999999999999503e+00
6.200000000000000178e+00
6.209999999999999964e+00
6.219999999999999751e+00
6.230000000000000426e+00
6.240000000000000213e+00
6.250000000000000000e+00
6.259999999999999787e+00
6.269999999999999574e+00
6.280000000000000249e+00
6.290000000000000036e+00
6.299999999999999822e+00
6.310000000000000497e+00
6.320000000000000284e+00
6.330000000000000071e+00
6.339999999999999858e+00
6.349999999999999645e+00
6.360000000000000320e+00
6.370000000000000107e+00
6.379999999999999893e+00
6.390000000000000568e+00
6.400000000000000355e+00
6.410000000000000142e+00
6.419999999999999929e+00
6.429999999999999716e+00
6.440000000000000391e+00
6.450000000000000178e+00
6.459999999999999964e+00
6.470000000000000639e+00
6.480000000000000426e+00
6.490000000000000213e+00
6.500000000000000000e+00
6.509999999999999787e+00
6.520000000000000462e+00
6.530000000000000249e+00
6.540000000000000036e+00
6.550000000000000711e+00
6.560000000000000497e+00
6.570000000000000284e+00
6.580000000000000071e+00
6.589999999999999858e+00
6.600000000000000533e+00
6.610000000000000320e+00
6.620000000000000107e+00
6.630000000000000782e+00
6.640000000000000568e+00
6.650000000000000355e+00
6.660000000000000142e+00
6.669999999999999929e+00
6.680000000000000604e+00
6.690000000000000391e+00
6.700000000000000178e+00
6.710000000000000853e+00
6.720000000000000639e+00
6.730000000000000426e+00
6.740000000000000213e+00
6.750000000000000000e+00
6.760000000000000675e+00
6.770000000000000462e+00
6.780000000000000249e+00
6.790000000000000924e+00
6.800000000000000711e+00
6.810000000000000497e+00
6.820000000000000284e+00
6.830000000000000071e+00
6.840000000000000746e+00
6.850000000000000533e+00
6.860000000000000320e+00
6.870000000000000995e+00
6.880000000000000782e+00
6.890000000000000568e+00
6.900000000000000355e+00
6.910000000000000142e+00
6.920000000000000817e+00
6.930000000000000604e+00
6.940000000000000391e+00
6.950000000000001066e+00
6.960000000000000853e+00
6.970000000000000639e+00
6.980000000000000426e+00
6.990000000000000213e+00
7.000000000000000888e+00
7.010000000000000675e+00
7.020000000000000462e+00
7.030000000000001137e+00
7.039999999999999147e+00
7.049999999999999822e+00
7.059999999999999609e+00
7.069999999999999396e+00
7.080000000000000071e+00
7.089999999999999858e+00
7.099999999999999645e+00
7.109999999999999432e+00
7.119999999999999218e+00
7.129999999999999893e+00
7.139999999999999680e+00
7.149999999999999467e+00
7.160000000000000142e+00
7.169999999999999929e+00
7.179999999999999716e+00
7.189999999999999503e+00
7.199999999999999289e+00
7.209999999999999964e+00
7.219999999999999751e+00
7.229999999999999538e+00
7.240000000000000213e+00
7.250000000000000000e+00
7.259999999999999787e+00
7.269999999999999574e+00
7.279999999999999361e+00
7.290000000000000036e+00
7.299999999999999822e+00
7.309999999999999609e+00
7.320000000000000284e+00
7.330000000000000071e+00
7.339999999999999858e+00
7.349999999999999645e+00
7.359999999999999432e+00
7.370000000000000107e+00
7.379999999999999893e+00
7.389999999999999680e+00
7.400000000000000355e+00
7.410000000000000142e+00
7.419999999999999929e+00
7.429999999999999716e+00
7.439999999999999503e+00
7.450000000000000178e+00
7.459999999999999964e+00
7.469999999999999751e+00
7.480000000000000426e+00
7.490000000000000213e+00
7.500000000000000000e+00
7.509999999999999787e+00
7.519999999999999574e+00
7.530000000000000249e+00
7.540000000000000036e+00
7.549999999999999822e+00
7.560000000000000497e+00
7.570000000000000284e+00
7.580000000000000071e+00
7.589999999999999858e+00
7.599999999999999645e+00
7.610000000000000320e+00
7.620000000000000107e+00
7.629999999999999893e+00
7.640000000000000568e+00
7.650000000000000355e+00
7.660000000000000142e+00
7.669999999999999929e+00
7.679999999999999716e+00
7.690000000000000391e+00
7.700000000000000178e+00
7.709999999999999964e+00
7.720000000000000639e+00
7.730000000000000426e+00
7.740000000000000213e+00
7.750000000000000000e+00
7.759999999999999787e+00
7.770000000000000462e+00
7.780000000000000249e+00
7.790000000000000036e+00
7.800000000000000711e+00
7.810000000000000497e+00
7.820000000000000284e+00
7.830000000000000071e+00
7.839999999999999858e+00
7.850000000000000533e+00
7.860000000000000320e+00
7.870000000000000107e+00
7.880000000000000782e+00
7.890000000000000568e+00
7.900000000000000355e+00
7.910000000000000142e+00
7.919999999999999929e+00
7.930000000000000604e+00
7.940000000000000391e+00
7.950000000000000178e+00
7.960000000000000853e+00
7.970000000000000639e+00
7.980000000000000426e+00
7.990000000000000213e+00
8.000000000000000000e+00
8.009999999999999787e+00
8.019999999999999574e+00
8.030000000000001137e+00
8.040000000000000924e+00
8.050000000000000711e+00
8.060000000000000497e+00
8.070000000000000284e+00
8.080000000000000071e+00
8.089999999999999858e+00
8.100000000000001421e+00
8.110000000000001208e+00
8.120000000000000995e+00
8.130000000000000782e+00
8.140000000000000568e+00
8.150000000000000355e+00
8.160000000000000142e+00
8.169999999999999929e+00
8.179999999999999716e+00
8.190000000000001279e+00
8.200000000000001066e+00
8.210000000000000853e+00
8.220000000000000639e+00
8.230000000000000426e+00
8.240000000000000213e+00
8.250000000000000000e+00
8.260000000000001563e+00
8.270000000000001350e+00
8.280000000000001137e+00
8.290000000000000924e+00
8.300000000000000711e+00
8.310000000000000497e+00
8.320000000000000284e+00
8.330000000000000071e+00
8.339999999999999858e+00
8.349999999999999645e+00
8.359999999999999432e+00
8.369999999999999218e+00
8.379999999999999005e+00
8.390000000000000568e+00
8.400000000000000355e+00
8.410000000000000142e+00
8.419999999999999929e+00
8.429999999999999716e+00
8.439999999999999503e+00
8.449999999999999289e+00
8.459999999999999076e+00
8.469999999999998863e+00
8.480000000000000426e+00
8.490000000000000213e+00
8.500000000000000000e+00
8.509999999999999787e+00
8.519999999999999574e+00
8.529999999999999361e+00
8.539999999999999147e+00
8.550000000000000711e+00
8.560000000000000497e+00
8.570000000000000284e+00
8.580000000000000071e+00
8.589999999999999858e+00
8.599999999999999645e+00
8.609999999999999432e+00
8.619999999999999218e+00
8.629999999999999005e+00
8.640000000000000568e+00
8.650000000000000355e+00
8.660000000000000142e+00
8.669999999999999929e+00
8.679999999999999716e+00
8.689999999999999503e+00
8.699999999999999289e+00
8.710000000000000853e+00
8.720000000000000639e+00
8.730000000000000426e+00
8.740000000000000213e+00
8.750000000000000000e+00
8.759999999999999787e+00
8.769999999999999574e+00
8.779999999999999361e+00
8.789999999999999147e+00
8.800000000000000711e+00
8.810000000000000497e+00
8.820000000000000284e+00
8.830000000000000071e+00
8.839999999999999858e+00
8.849999999999999645e+00
8.859999999999999432e+00
8.870000000000000995e+00
8.880000000000000782e+00
8.890000000000000568e+00
8.900000000000000355e+00
8.910000000000000142e+00
8.919999999999999929e+00
8.929999999999999716e+00
8.939999999999999503e+00
8.949999999999999289e+00
8.960000000000000853e+00
8.970000000000000639e+00
8.980000000000000426e+00
8.990000000000000213e+00
9.000000000000000000e+00
9.009999999999999787e+00
9.019999999999999574e+00
9.030000000000001137e+00
9.040000000000000924e+00
9.050000000000000711e+00
9.060000000000000497e+00
9.070000000000000284e+00
9.080000000000000071e+00
9.089999999999999858e+00
9.099999999999999645e+00
9.109999999999999432e+00
9.120000000000000995e+00
9.130000000000000782e+00
9.140000000000000568e+00
9.150000000000000355e+00
9.160000000000000142e+00
9.169999999999999929e+00
9.179999999999999716e+00
9.190000000000001279e+00
9.200000000000001066e+00
9.210000000000000853e+00
9.220000000000000639e+00
9.230000000000000426e+00
9.240000000000000213e+00
9.250000000000000000e+00
9.259999999999999787e+00
9.269999999999999574e+00
9.280000000000001137e+00
9.290000000000000924e+00
9.300000000000000711e+00
9.310000000000000497e+00
9.320000000000000284e+00
9.330000000000000071e+00
9.339999999999999858e+00
9.350000000000001421e+00
9.360000000000001208e+00
9.370000000000000995e+00
9.380000000000000782e+00
9.390000000000000568e+00
9.400000000000000355e+00
9.410000000000000142e+00
9.419999999999999929e+00
9.429999999999999716e+00
9.440000000000001279e+00
9.450000000000001066e+00
9.460000000000000853e+00
9.470000000000000639e+00
9.480000000000000426e+00
9.490000000000000213e+00
9.500000000000000000e+00
9.510000000000001563e+00
9.520000000000001350e+00
9.530000000000001137e+00
9.540000000000000924e+00
9.550000000000000711e+00
9.560000000000000497e+00
9.570000000000000284e+00
9.580000000000000071e+00
9.589999999999999858e+00
9.599999999999999645e+00
9.609999999999999432e+00
9.619999999999999218e+00
9.629999999999999005e+00
9.640000000000000568e+00
9.650000000000000355e+00
9.660000000000000142e+00
9.669999999999999929e+00
9.679999999999999716e+00
9.689999999999999503e+00
9.699999999999999289e+00
9.709999999999999076e+00
9.719999999999998863e+00
9.730000000000000426e+00
9.740000000000000213e+00
9.750000000000000000e+00
9.759999999999999787e+00
9.769999999999999574e+00
9.779999999999999361e+00
9.789999999999999147e+00
9.800000000000000711e+00
9.810000000000000497e+00
9.820000000000000284e+00
9.830000000000000071e+00
9.839999999999999858e+00
9.849999999999999645e+00
9.859999999999999432e+00
9.869999999999999218e+00
9.879999999999999005e+00
9.890000000000000568e+00
9.900000000000000355e+00
9.910000000000000142e+00
9.919999999999999929e+00
9.929999999999999716e+00
9.939999999999999503e+00
9.949999999999999289e+00
9.960000000000000853e+00
9.970000000000000639e+00
9.980000000000000426e+00
9.990000000000000213e+00
0.000000000000000000e+00
1.413177546143815340e-08
7.438850993534360236e-09
5.406996138825199022e-09
4.582638679420572099e-09
4.297186173281331837e-09
4.356321782776634981e-09
4.717281681850638061e-09
5.421068802658850283e-09
6.592728973817034866e-09
8.483674449445169948e-09
1.157116539039995817e-08
1.674831800922694920e-08
2.555583482952748016e-08
3.967099329931032777e-08
5.648418034299385151e-08
6.328892514194227179e-08
5.457783598298520723e-08
4.170087435218245265e-08
3.168397046371643038e-08
2.495385730390942976e-08
2.046675510682127900e-08
1.734476488351188194e-08
1.504138748178458783e-08
1.326921402006865893e-08
1.191227808868324149e-08
1.094558845187037734e-08
1.038034814114736116e-08
1.024629125845740950e-08
1.060042750912048640e-08
1.154891547838002094e-08
1.327332268340182636e-08
1.605748245765701097e-08
2.031589170737453515e-08
2.663572389646370767e-08
3.588323569499737887e-08
4.940165054628142762e-08
6.881299224914995662e-08
9.291096145118929952e-08
1.088077994110245403e-07
9.866573488288963146e-08
7.282100932327193116e-08
5.062681543838379897e-08
3.628592292821249865e-08
2.760162441774403394e-08
2.231876047564341966e-08
1.902556925273234658e-08
1.688327420257769109e-08
1.535400315505373925e-08
1.406073351176344011e-08
1.276605073558100654e-08
1.140334095166848940e-08
1.005972131678809466e-08
8.877609240701463056e-09
7.960044601198990818e-09
7.347487320792649009e-09
7.039592077302314056e-09
7.018632445400298571e-09
7.257741328225153439e-09
7.714392286806578192e-09
8.316632269101458550e-09
8.958672780163162635e-09
9.525576890112780805e-09
9.943922363557899332e-09
1.021776547777276088e-08
1.041696036825730682e-08
1.063949712150911442e-08
1.098845174553067344e-08
1.157801003096409446e-08
1.255971879140578633e-08
1.416811154190095869e-08
1.680296420683131756e-08
2.117578011593005753e-08
2.851529253012696661e-08
4.037099489035145235e-08
5.531258728273182668e-08
6.114559864686112322e-08
4.952453102113293055e-08
3.417390549386583386e-08
2.356401032842260752e-08
1.719253169442509891e-08
1.334751949828188516e-08
1.091577207004495288e-08
9.280027975086610392e-09
8.105835449688278225e-09
7.217115882601271519e-09
6.526653075498954669e-09
5.992771479684781893e-09
5.591930979910182625e-09
5.304980951392287152e-09
5.114351930548360713e-09
5.007218244368026507e-09
4.980461383770891347e-09
5.043786055675642692e-09
5.219259594463303280e-09
5.538907831455850188e-09
6.044100263862065504e-09
6.788685114785436699e-09
7.844582436330648648e-09
9.309077986224030740e-09
1.131572784146457669e-08
1.405805246016875484e-08
1.784005331570073677e-08
2.313857560827471447e-08
3.051432020421769862e-08
3.969134769506704011e-08
4.688043185201894250e-08
4.524149266780401743e-08
3.570324043220824519e-08
2.586520532273262517e-08
1.897530899700587956e-08
1.468621103260509670e-08
1.210091215489246520e-08
1.059143419621938734e-08
9.801504825689731735e-09
9.549591464417820064e-09
9.761704228047945915e-09
1.043744148793161638e-08
1.163449628939796276e-08
1.345729981674036438e-08
1.602327738611322540e-08
1.935395157728356591e-08
2.314176382166577981e-08
2.651549987104334331e-08
2.830341822501024227e-08
2.796400535284315114e-08
2.605601753782271354e-08
2.358315443641191458e-08
2.127375158243714176e-08
1.945460689754004420e-08
1.820136385232748409e-08
1.745518764799897819e-08
1.705477936711173428e-08
1.674320829161193033e-08
1.623299275351808254e-08
1.536826026781764256e-08
1.424983487784178737e-08
1.315782124027737321e-08
1.237313382916330201e-08
1.209395773433552314e-08
1.247015563576126132e-08
1.368961927847021075e-08
1.609780067311327566e-08
2.042723874168362278e-08
2.846533631070789616e-08
4.583752751092769431e-08
1.033531320648037923e-07
-1.026299956521230271e-06
-1.000834159362688015e-07
-5.762219917563714410e-08
-4.308743940486387997e-08
-3.581889441186245563e-08
-3.126709015375962136e-08
-2.788909923182526550e-08
-2.513314822062670981e-08
-2.286494149966788647e-08
-2.108850167394528582e-08
-1.978821786428905774e-08
-1.887181904914903752e-08
-1.818448297121439032e-08
-1.756962579840964038e-08
-1.695264055258490970e-08
-1.637259189112993819e-08
-1.592791096250756907e-08
-1.568889651887238127e-08
-1.564544743902123208e-08
-1.572320779097033229e-08
-1.586099421281065569e-08
-1.610182239920285976e-08
-1.663484478865368916e-08
-1.779018576244429172e-08
-2.006799056164451024e-08
-2.430266929613731281e-08
-3.210632570128894197e-08
-4.702306423195904367e-08
-7.817855154893517365e-08
-1.592037027130580686e-07
-7.365273542888030585e-07
3.322836649222097797e-07
1.268048669976668446e-07
7.251998193049293073e-08
4.879969827225376326e-08
3.666406700450137276e-08
2.995953926775354039e-08
2.609094345398021560e-08
2.382726757000172084e-08
2.253633309405354026e-08
2.183135715759703116e-08
2.138084171367060769e-08
2.087026611714682682e-08
2.011904128636729055e-08
1.918642133220802830e-08
1.828356032839081453e-08
1.759688336399994291e-08
1.720751286960904304e-08
1.709915842857299945e-08
1.717640766890492454e-08
1.729036960524356739e-08
1.730121714067207889e-08
1.716413260807197248e-08
1.696555999028689441e-08
1.686485943836438269e-08
1.700262123315411873e-08
1.744852058770162654e-08
1.819403994674572191e-08
1.916728643937477735e-08
2.026168953980084900e-08
2.139593227458871222e-08
2.261431938220160351e-08
2.420118619898245130e-08
2.679737623050912007e-08
3.164645514351459260e-08
4.153380109609877238e-08
6.494059632392569066e-08
1.464746739383347325e-07
-5.495067252041196634e-06
-2.241504287527025370e-07
-1.817393705916793565e-07
-2.728800980623902537e-07
-6.018458673314870487e-06
3.147092964039794777e-07
2.243964722084656192e-07
4.392821658521102931e-07
-2.662666848607871243e-07
-7.784371459674617301e-08
-4.311785735848315017e-08
-3.078643159289712627e-08
-2.590557997523278536e-08
-2.479208169116212687e-08
-2.650712500391679006e-08
-3.137970271893434614e-08
-4.118716469465875057e-08
-6.143636026685562962e-08
-1.149142124637315405e-07
-4.894594935227396640e-07
3.005956819602667284e-07
1.405880862024033227e-07
1.071666109132695845e-07
9.467040467672812876e-08
8.412771338026907750e-08
6.921238871989746018e-08
5.261631472796596290e-08
3.874126556485651823e-08
2.870196067745702567e-08
2.171162962436955861e-08
1.680997848639319101e-08
1.333481056424959221e-08
1.087619819468849749e-08
9.169540113789449249e-09
8.031229632856224042e-09
7.330874563023621400e-09
6.979510784788271650e-09
6.922490645619576504e-09
7.134927877992412342e-09
7.619121669664392813e-09
8.400480158684356640e-09
9.515517458424500203e-09
1.098133373231882138e-08
1.273918343487966336e-08
1.459255850763701475e-08
1.622068127820162310e-08
1.734806339035101550e-08
1.795191239468386513e-08
1.827248035005075566e-08
1.864044523087608449e-08
1.932550537580977628e-08
2.049279625496368818e-08
2.221197742535733092e-08
2.445668426405941814e-08
2.708849957541533312e-08
2.983333359181689443e-08
3.224336489362021248e-08
3.370074974556225935e-08
3.364864534215742553e-08
3.203169557984006741e-08
2.944073875882840007e-08
2.671525021334837072e-08
2.448532427582507719e-08
2.305574836297251123e-08
2.251470374591362600e-08
2.283269048784940401e-08
2.386011672770161603e-08
2.522856047115914455e-08
2.627608357049828583e-08
2.628194646530632574e-08
2.502488836848785799e-08
2.298202450538675545e-08
2.084877658832712684e-08
1.906980490518648899e-08
1.777135427728975585e-08
1.687499586225321838e-08
1.620974812001776255e-08
1.560813911808882488e-08
1.498075809768177762e-08
1.432556952081611306e-08
1.366992167556871190e-08
1.300520758028566515e-08
1.227739702220726051e-08
1.143787075866140546e-08
1.049482968564076097e-08
9.510449396517342754e-09
8.558252951891065577e-09
7.694252456505910693e-09
6.955478774323729470e-09
6.366358140525897355e-09
5.941840459300253808e-09
5.688854012737770268e-09
5.608648959473377513e-09
5.697994243787420095e-09
5.945990732805319152e-09
6.325796860481105910e-09
6.785489585446110103e-09
7.246319343596512866e-09
7.619491942533026467e-09
7.840135169757682370e-09
7.894808084268203244e-09
7.820618260426569525e-09
7.681012988906284022e-09
7.538309367904734223e-09
7.433324585075614011e-09
7.373591604594099977e-09
7.329718233481395546e-09
7.242354441721426802e-09
7.046442807712665513e-09
6.710024774451334644e-09
6.259530668328596456e-09
5.765059369297374827e-09
5.299303733522992381e-09
4.908064880137014539e-09
4.606956525012097631e-09
4.391886232160666253e-09
4.249590294974633033e-09
4.162774230090957724e-09
4.111134049685558144e-09
4.071806870775196591e-09
4.022811305149962892e-09
3.950059412104916955e-09
3.853630187897790657e-09
3.747250407846780857e-09
3.650162759278322995e-09
3.578463866032183491e-09
3.542071110699453311e-09
3.547930023511256233e-09
3.605093528699476258e-09
3.727057610999300410e-09
3.929981980212321381e-09
4.226478952797874465e-09
4.614651186499418084e-09
5.061723614628156099e-09
5.489254362807877231e-09
5.783835283579229350e-09
5.852809324919144303e-09
5.688997651489354177e-09
5.370192278039315456e-09
4.996027614701242203e-09
4.636482863744701249e-09
4.323170933417284404e-09
4.062364281393293160e-09
3.848493512219498398e-09
3.672654761735831729e-09
3.527068252692273711e-09
3.406260968106134585e-09
3.306180930555273585e-09
3.223221896661836689e-09
3.154533987591575607e-09
3.099535103665451037e-09
3.060902424355307419e-09
3.043724368069495837e-09
3.053545081883012630e-09
3.095019573296516859e-09
3.171566751120494967e-09
3.284871740869368423e-09
3.433509956235794571e-09
3.611325806885115256e-09
3.807043672324406606e-09
4.006371356492911729e-09
4.195609383324968153e-09
4.363647833372649421e-09
4.501540266675394763e-09
4.602436368659008955e-09
4.664176186703108406e-09
4.692852005849419488e-09
4.702618969681902528e-09
4.710792825329627023e-09
4.731964960150161440e-09
4.775254209846062892e-09
4.845407406418315767e-09
4.945610974122078212e-09
5.079883749879527756e-09
5.253864418183148795e-09
5.476596376674718938e-09
5.764943147831239057e-09
6.148673067709791503e-09
6.673192231844872498e-09
7.396011585622859878e-09
8.371722052110639374e-09
9.614650022004755936e-09
1.103016553275843674e-08
1.234906072755824813e-08
1.319689880769483920e-08
1.337397647395028783e-08
1.304829866207391089e-08
1.257661208351841090e-08
1.221791569948409594e-08
1.202216179999304045e-08
1.185186436391677758e-08
1.147569838774469997e-08
1.074527214964426055e-08
9.739592104839495154e-09
8.694283516803635821e-09
7.816040163320597990e-09
7.201359205994566102e-09
6.866228101517790389e-09
6.794098199583387366e-09
6.959429986942892226e-09
7.326973168285818973e-09
7.837679751139863250e-09
8.395633964077577886e-09
8.877679976672774562e-09
9.180678736456488076e-09
9.277003175874912135e-09
9.223122459976012684e-09
9.117474896110188816e-09
9.054574126252087745e-09
9.103360079357498864e-09
9.302744135845382296e-09
9.658362031820528862e-09
1.013540105047609279e-08
1.065519819856516302e-08
1.111166752205609976e-08
1.142056763821690034e-08
1.157549337642485247e-08
1.166926490876478943e-08
1.187796454361391917e-08
1.244548244610293115e-08
1.372911498578201628e-08
1.640812983707589812e-08
2.227226219674053786e-08
3.867097838891602039e-08
1.776241706010777776e-07
-7.269849708002668999e-08
-3.290631940853443553e-08
-2.340615444774888260e-08
-2.011348824533479446e-08
-1.962125017593549733e-08
-2.136981401608673298e-08
-2.612755674598808892e-08
-3.695827368291990689e-08
-6.637192253957399186e-08
-2.488981557189357736e-07
2.000243411606866345e-07
8.532907248593424457e-08
6.018026543416036441e-08
4.859756673829070207e-08
4.091071270166477801e-08
3.497181155692540662e-08
3.053026499653595737e-08
2.765888979141428643e-08
2.635682575548456041e-08
2.659805875110316020e-08
2.840537319327499690e-08
3.179829750805248924e-08
3.656208780264405135e-08
4.189691339658475331e-08
4.647390694783198515e-08
4.941072329624989167e-08
5.116005243502252903e-08
5.303274896668348620e-08
5.618593534700376924e-08
6.098543985828453998e-08
6.650594494992441711e-08
7.039480859271613000e-08
7.025263278746282967e-08
6.596451897931227668e-08
5.939133550811921279e-08
5.194939029100523257e-08
4.392599712468912755e-08
3.561124544873445341e-08
2.796862859675327762e-08
2.192471705900412178e-08
1.772423623089965896e-08
1.512487682389458955e-08
1.379186427653640495e-08
1.348882725640737204e-08
1.410182892553820337e-08
1.558012100547658093e-08
1.779062504273752699e-08
2.023542707772714726e-08
2.181575520772392767e-08
2.139972300520743028e-08
1.910177133119629903e-08
1.615747060012940892e-08
1.357734077762573805e-08
1.169472442935435824e-08
1.047686159695010799e-08
9.803721215893711440e-09
9.571449882037759389e-09
9.706943784133139730e-09
1.014534831941930337e-08
1.077929495082118090e-08
1.139335372899066886e-08
1.166481639552448795e-08
1.134768147510201029e-08
1.051040897685148703e-08
9.481302084377345178e-09
8.574799432544580390e-09
7.953607988662700971e-09
7.662548292896552213e-09
7.694331116479364079e-09
8.024812718223610031e-09
8.618520657763896894e-09
9.421426055300688949e-09
1.035929472510212906e-08
1.135302859023626611e-08
1.234611614227059768e-08
1.332641493059333907e-08
1.433045542208201280e-08
1.543038353084710494e-08
1.671174979922127630e-08
1.824814899859670483e-08
2.006658750339469248e-08
2.207852650679786455e-08
2.394868818821809739e-08
2.498819345913789544e-08
2.440758578455931355e-08
2.204653062377605741e-08
1.869430938030946633e-08
1.539457446379789611e-08
1.274050310970838244e-08
1.084783430233414723e-08
9.607796095203257641e-09
8.858909024609472798e-09
8.444403382067557049e-09
8.216151845963330668e-09
8.035816332418461516e-09
7.799351596625255768e-09
7.473614728607916635e-09
7.099492699359617748e-09
6.748406813496331895e-09
6.475454299096254034e-09
6.302721274197621074e-09
6.227147757004742500e-09
6.237077300397681660e-09
6.326094076857308826e-09
6.496514615128352705e-09
6.752410061459504470e-09
7.086260792551391755e-09
7.465487049775036574e-09
7.826801264472358496e-09
8.090442250793861287e-09
8.198425875656508144e-09
8.152245377388331014e-09
8.009924670149157109e-09
7.840553796458540928e-09
7.680969150013288177e-09
7.524808951852953092e-09
7.339874895014003958e-09
7.098916475579658230e-09
6.803810992343958918e-09
6.486630663853615280e-09
6.191134486368815091e-09
5.952229015942066163e-09
5.785589794025872087e-09
5.688280345437227316e-09
5.644941527684598361e-09
5.635179902090211730e-09
5.640781605149364468e-09
5.650758995739677938e-09
5.662141050130903788e-09
5.677029036586941592e-09
5.698455167268261646e-09
5.726964491486358553e-09
5.758047621161326146e-09
5.781207966511063421e-09
5.781992901572021496e-09
5.748332891941706391e-09
5.679360445257558335e-09
5.589843538997185632e-09
5.505028035017191706e-09
5.448761762870572007e-09
5.433217049313006929e-09
5.456045438390496725e-09
5.506614545136676452e-09
5.577801977448632995e-09
5.675996418367558254e-09
5.822334281073822848e-09
6.045533040172970296e-09
6.374648782750221732e-09
6.839164098820512671e-09
7.474878591643407973e-09
8.331426466406788047e-09
9.483789510321991295e-09
1.105903906677468681e-08
1.329100114335629963e-08
1.660166625371203158e-08
2.166489726901050334e-08
2.916751618619481035e-08
3.827284322548889326e-08
4.388627656573940874e-08
4.106328481538537407e-08
3.348768645269807652e-08
2.641522532826086979e-08
2.121606740520239811e-08
1.750596268798846507e-08
1.475841770504890499e-08
1.265197933273681566e-08
1.103539212544005899e-08
9.843621935600222939e-09
9.043532604384725295e-09
8.612855695062124910e-09
8.538209410981494967e-09
8.816112479444694582e-09
9.447639706734192104e-09
1.041848340401716753e-08
1.166040634729968992e-08
1.300923561143452777e-08
1.420297453698321541e-08
1.495795378983210649e-08
1.508929012482807935e-08
1.458649889967378902e-08
1.359101530453963402e-08
1.231758816767665622e-08
1.098029152527339023e-08
9.743142191421848155e-09
8.702099079196671558e-09
7.894028390345533554e-09
7.318390258548212738e-09
6.956248437956961000e-09
6.780992028909952055e-09
6.761254257549583260e-09
6.859721146587554396e-09
7.033137532139359895e-09
7.236323798128039051e-09
7.430445712393904364e-09
7.590507599946756186e-09
7.705826459289648311e-09
7.774447361204609887e-09
7.799572618711601128e-09
7.791282786564362632e-09
7.765249868685007282e-09
7.735154675529152766e-09
7.707687483488387970e-09
7.686740624336801391e-09
7.684274334655048680e-09
7.729272116582365636e-09
7.867512012522693574e-09
8.154869294120723396e-09
8.651840872697806270e-09
9.423391229424056850e-09
1.054275383950199173e-08
1.209356371289405551e-08
1.415575955748856679e-08
1.674547696970142492e-08
1.968647126601510064e-08
2.247932357835678907e-08
2.440469426015761758e-08
2.498112322726011764e-08
2.432628611509226013e-08
2.298791461519777915e-08
2.154135644884860703e-08
2.038058906859069685e-08
1.971940510309735582e-08
1.967124985611173545e-08
2.033096783686651498e-08
2.182474374381528182e-08
2.430460012746269892e-08
2.780659048907015050e-08
3.180037704137292522e-08
3.459873118299264846e-08
3.410481953616388014e-08
3.034667033607564225e-08
2.552259680874433156e-08
2.137210002112934921e-08
1.835777039318262979e-08
1.630319951977427486e-08
1.488270093158404272e-08
1.379131995422139661e-08
1.279927379896793230e-08
1.178926969371793101e-08
1.076428508579814221e-08
9.799548749942179405e-09
8.970136423549763274e-09
8.305881096705723642e-09
7.787291312128541418e-09
7.365709931127597817e-09
6.992729913255992909e-09
6.646287742617171823e-09
6.338286336204802571e-09
6.099733646143451043e-09
5.961210162442327090e-09
5.944994305065076997e-09
6.068262307753410589e-09
6.350372556696035587e-09
6.818719209134990970e-09
7.511727759000730687e-09
8.479646574627027487e-09
9.785735058688384036e-09
1.151470201522157432e-08
1.380232751272962335e-08
1.692169375067604982e-08
2.154150181051428146e-08
2.962120278273068182e-08
4.900730853362647754e-08
1.664038363004966109e-07
-1.097397613908109783e-07
-4.179867531192708416e-08
-2.709465739544608492e-08
-2.150611972238679385e-08
-1.939834068271610458e-08
-1.935676271462908752e-08
-2.117353749787676106e-08
-2.549219072475463762e-08
-3.468433295197863010e-08
-5.863833189214492445e-08
-2.213543130385759271e-07
1.161760206194093604e-07
4.443419259139079474e-08
2.667806188685938623e-08
1.861818559596312497e-08
1.408326819846440428e-08
1.126910254981235106e-08
9.452317713227893071e-09
8.288801571545839183e-09
7.600565332958222478e-09
7.293948192815411813e-09
7.320974342302930484e-09
7.652885174876114959e-09
8.250158298472136456e-09
9.023535223137758126e-09
9.806357110671347836e-09
1.039212795749938646e-08
1.065164072846325640e-08
1.061737887265620819e-08
1.043085989773167479e-08
1.022737925553031499e-08
1.007461505722101520e-08
9.977743150774406582e-09
9.914440137571019848e-09
9.872183643761400975e-09
9.870512514231306230e-09
9.959561487099544644e-09
1.020261665618187955e-08
1.066052333772691585e-08
1.138270120301407323e-08
1.239710461514754184e-08
1.368723691556253450e-08
1.515349623810392878e-08
1.657946117209831173e-08
1.765933410220253891e-08
1.812422810860443757e-08
1.789385220612247044e-08
1.712181656901091630e-08
1.609246996214105546e-08
1.506941011757245040e-08
1.420818586238155482e-08
1.355277782522952084e-08
1.307074483067667603e-08
1.269169428437402776e-08
1.233977820650254993e-08
1.196101258905601114e-08
1.154027358914824961e-08
1.109603199343015191e-08
1.065268805069186891e-08
1.021695374376320616e-08
9.779724758052730317e-09
9.334254693906308854e-09
8.888335002644940610e-09
8.458241200218292461e-09
8.057504928041377530e-09
7.694968295007068575e-09
7.378685358467618854e-09
7.119169808741439028e-09
6.932013147104163618e-09
6.839736298069493480e-09
6.872393473178963904e-09
7.064461343367823262e-09
7.447063132225410543e-09
8.035696702292990210e-09
8.808909032122030898e-09
9.678405856956615628e-09
1.047124945363282591e-08
1.097247801270668113e-08
1.104862656912842538e-08
1.075181518307021674e-08
1.027714418852727749e-08
9.829082960781520749e-09
9.538544062623935518e-09
9.453939224352511853e-09
9.560441008701596796e-09
9.801395773131133867e-09
1.010172724962450464e-08
1.039180773281572688e-08
1.061962149954027808e-08
1.074802074164961058e-08
1.075084014546027658e-08
1.061598155839729155e-08
1.034191986809905689e-08
9.924992056108503316e-09
9.357913341437270971e-09
8.648294433409295835e-09
7.837717066783547972e-09
6.998560306989372567e-09
6.208128302883150041e-09
5.522281919832343676e-09
4.967544838969962486e-09
4.548992841433656472e-09
4.260876532036441662e-09
4.093999399814834733e-09
4.038917516339575721e-09
4.085860777777906621e-09
4.222792049318934934e-09
4.432154419462933637e-09
4.687132678999631416e-09
4.949779468288894350e-09
5.175449609288810861e-09
5.326434196960073483e-09
5.388585644041455494e-09
5.377414832271292536e-09
5.328523954151912872e-09
5.281930253985882129e-09
5.270368680743372929e-09
5.313224779436848175e-09
5.413534724719520297e-09
5.555837231688236735e-09
5.706792886092853476e-09
5.822904076094060386e-09
5.867676285490052030e-09
5.832123611218418091e-09
5.743327247110978870e-09
5.651801124564673674e-09
5.607618744523173195e-09
5.642805627319400508e-09
5.766859128457153195e-09
5.971868323681653871e-09
6.241858083506142669e-09
6.561431793240212526e-09
6.918764840467632759e-09
7.300991681378924631e-09
7.685766122195826733e-09
8.036315207346321236e-09
8.306712136659379573e-09
8.458527041595813999e-09
8.480911362000460715e-09
8.398292745398544806e-09
8.259381783883724788e-09
8.118623194925201052e-09
8.022115693168048429e-09
7.999186321192455824e-09
8.056380004749083621e-09
8.173151488609597349e-09
8.301812144194418974e-09
8.379178811630302556e-09
8.351865051318016458e-09
8.202972695078833172e-09
7.961210535961506947e-09
7.687186626226679032e-09
7.449145662279036617e-09
7.304279487965720026e-09
7.289911070124449857e-09
7.418943428644593224e-09
7.672084533026292340e-09
7.984157627776545805e-09
8.240160828555597877e-09
8.309001536577894233e-09
8.118319078745922825e-09
7.706150791146975164e-09
7.185571718700057795e-09
6.666898127759682586e-09
6.216547531009962259e-09
5.861535468919574206e-09
5.606156343639672695e-09
5.442255199936632487e-09
5.352498939451221195e-09
5.311305461908316400e-09
5.289313118979378703e-09
5.263120387311085843e-09
5.225414741972487933e-09
5.187632208812266170e-09
5.173347590292368171e-09
5.209082789249099282e-09
5.319575531214842622e-09
5.529052575626471899e-09
5.865692116779558577e-09
6.366537170671818130e-09
7.080851447153721612e-09
8.069762785725598238e-09
9.397406395767257464e-09
1.110238427084145410e-08
1.313991218834979371e-08
1.530830977314258700e-08
1.723363106374956788e-08
1.851105796266107517e-08
1.894116528567416361e-08
1.861124232022661061e-08
1.774552563659592932e-08
1.653558727493890147e-08
1.511478627721370502e-08
1.361967458657863990e-08
1.220761959638472643e-08
1.101236916943120943e-08
1.010162894909482129e-08
9.473923053799452762e-09
9.080622770596305976e-09
8.847819513661835354e-09
8.691994099528678227e-09
8.539692772469115145e-09
8.352932471328782175e-09
8.146765366671944928e-09
7.981682901560757241e-09
7.935308047371904267e-09
8.078706377414212018e-09
8.472669737671136620e-09
9.178939795470102214e-09
1.027422483352549994e-08
1.185372838513232275e-08
1.399896335671507460e-08
1.665551613971291142e-08
1.936117256303298001e-08
2.104995586361810261e-08
2.066946770994027891e-08
1.839201504710946617e-08
1.543095222013993447e-08
1.276124569687567744e-08
1.070219498547003795e-08
9.213257351000990771e-09
8.161655184766155292e-09
7.426701114674686936e-09
6.922216170003396204e-09
6.591878638595982433e-09
6.398476074959295687e-09
6.313784242496194882e-09
6.310196943938645304e-09
6.353770836666425001e-09
6.400813852003036809e-09
6.403531693334765812e-09
6.328645986462955624e-09
6.178937175344431074e-09
5.995991851426247417e-09
5.838395669332734044e-09
5.754945765042919837e-09
5.771091736202889922e-09
5.889037355832633458e-09
6.093789872232264699e-09
6.360845670442308318e-09
6.664324485977049632e-09
6.983296115114290128e-09
7.303976715106876065e-09
7.617483694582034800e-09
7.915541058075386784e-09
8.188418581156995742e-09
8.428257204121938958e-09
8.637080739703229213e-09
8.831083792354579745e-09
9.031618788232436285e-09
9.241890891608907088e-09
9.423263051117957476e-09
9.494713149074808777e-09
9.372568180781815327e-09
9.032388967616803147e-09
8.536533036949584534e-09
7.994281301128299818e-09
7.495618207385629810e-09
7.076949959692068655e-09
6.726381619820457004e-09
6.408624176983131842e-09
6.092405821908136150e-09
5.766347138747089508e-09
5.436838477476077011e-09
5.116901880129312401e-09
4.817492950897293462e-09
4.545220043045719049e-09
4.303448656164596237e-09
4.093070675456710838e-09
3.912895086393612313e-09
3.759798707714204277e-09
3.629167275961173687e-09
3.516258714537273282e-09
3.417780425822716206e-09
3.333158919030250097e-09
3.264814685616995367e-09
3.217156788947024778e-09
3.194994976825810413e-09
3.202170280013164086e-09
3.240931688031918302e-09
3.311914416290219272e-09
3.413994571358974205e-09
3.543737273497729544e-09
3.694957716935600651e-09
3.859252102097907188e-09
4.027573689776205125e-09
4.192347970038002495e-09
4.349469273135703697e-09
4.499196054022042392e-09
4.645956264481369088e-09
4.796237069872650944e-09
4.954118505531005812e-09
5.116550653006488312e-09
5.271905270141162578e-09
5.405977502732623422e-09
0.000000000000000000e+00
2.504384359441590194e-09
1.274643152078856280e-09
8.564877357898794697e-10
6.827633413545609005e-10
5.959506366646116787e-10
5.378330713852298643e-10
4.923150151413163991e-10
4.580352606004666204e-10
4.350360240549248540e-10
4.229694233561084114e-10
4.247902551182221906e-10
4.309357637235159895e-10
4.258438716529761865e-10
4.156821215042877484e-10
4.095780370486886459e-10
4.087015489173706317e-10
4.077265031658977422e-10
3.976001396206316087e-10
3.788817366570620872e-10
3.626100523316716179e-10
3.509459043420494467e-10
3.347460126302247785e-10
3.199535719725054839e-10
3.103339683207433335e-10
3.012525472191425527e-10
2.928194660749881281e-10
2.800600047985956700e-10
2.655873611907128806e-10
2.556603427576014133e-10
2.485139080657923018e-10
2.403536680614692132e-10
2.335849278447119207e-10
2.280985614263916072e-10
2.218777482469398110e-10
2.152366390163238696e-10
2.091072432960824053e-10
2.035190142159258553e-10
1.987763589809692196e-10
1.953350694550040708e-10
1.918490638436234353e-10
1.870592344891455088e-10
1.815417755885541514e-10
1.778242381159293274e-10
1.739254105973462439e-10
1.689472578293423282e-10
1.641262123299995085e-10
1.590833664257238562e-10
1.542358655892084918e-10
1.491586783810993800e-10
1.453179843485308142e-10
1.426713743124128454e-10
1.404534147624126647e-10
1.390556549045733313e-10
1.379790573632508502e-10
1.366462063111190510e-10
1.339827235317465821e-10
1.298555073577877996e-10
1.252538994370024021e-10
1.212131490243016772e-10
1.178286190207668663e-10
1.152730000681129141e-10
1.131909884941524253e-10
1.108728633099336597e-10
1.087502363037165451e-10
1.071481782201756473e-10
1.059608373077310274e-10
1.050433543619364610e-10
1.040156611803895471e-10
1.027225010758377906e-10
1.016263806318572071e-10
1.010527744506862432e-10
1.003031945552635209e-10
9.957045635267795696e-11
9.960152418588951839e-11
9.989906452127426949e-11
1.000002979437574516e-10
9.957653021214161604e-11
9.820069394308574179e-11
9.627720336243543799e-11
9.451683877478669269e-11
9.275154780153903221e-11
9.100529449420266472e-11
8.944595947215425310e-11
8.774889909046719108e-11
8.615551079727989042e-11
8.497682594018104140e-11
8.393055381285754461e-11
8.319741806925230081e-11
8.252440343155526539e-11
8.181615004439227174e-11
8.119987331800647077e-11
8.026506240197251947e-11
7.926147352559841624e-11
7.821526045132864426e-11
7.716373771555230497e-11
7.618017660286821716e-11
7.532469477289735024e-11
7.462102515698030777e-11
7.409265127247325330e-11
7.383742891675035501e-11
7.342799019550139938e-11
7.297856835289588053e-11
7.275200692240142034e-11
7.273376278344507022e-11
7.296186260243882102e-11
7.301372232050008995e-11
7.277319959838820941e-11
7.238831518764705753e-11
7.204400605504036835e-11
7.173618602568381384e-11
7.118905701825727873e-11
7.038702803445979389e-11
6.945867272381704821e-11
6.845903708719965651e-11
6.752736603096313110e-11
6.681129098438580466e-11
6.618562488846044035e-11
6.540954759980356474e-11
6.454637066363246289e-11
6.378660784641401547e-11
6.306168681137748585e-11
6.251527716719834200e-11
6.200713278858369278e-11
6.144604129361256716e-11
6.095580054138153688e-11
6.055866025912510363e-11
6.014105514010966823e-11
5.963727915362717570e-11
5.908456907948618781e-11
5.836035315495779547e-11
5.754445573209653929e-11
5.668288141172478203e-11
5.582477264942149838e-11
5.501520112874876550e-11
5.434624900053709671e-11
5.388191330922299442e-11
5.352035817903121677e-11
5.317879537000046636e-11
5.293354183585017019e-11
5.294112652328171668e-11
5.295521148894762195e-11
5.282302616200294841e-11
5.272028449049566828e-11
5.262157765731467362e-11
5.247452092735253294e-11
5.238539369874400350e-11
5.233724264723755276e-11
5.220255038356208287e-11
5.200268597893574971e-11
5.184882189128729599e-11
5.170964492481650423e-11
5.150157826497303674e-11
5.122896079864526062e-11
5.096726622116602495e-11
5.073551834422482221e-11
5.047786162025110327e-11
5.014546588460913426e-11
4.973900559257034978e-11
4.938644972176792918e-11
4.921173295467635337e-11
4.916114086947692311e-11
4.919382389285833012e-11
4.921156542375924068e-11
4.911246933998373890e-11
4.898319889697807992e-11
4.880785236308560957e-11
4.856486947458411449e-11
4.829818501576591682e-11
4.798757343276823208e-11
4.763954911336922061e-11
4.727396968518890723e-11
4.682671740840164110e-11
4.623568038925732236e-11
4.569906314553450258e-11
4.534269880270527719e-11
4.501404934742371494e-11
4.475641369211133041e-11
4.459084137850383029e-11
4.442595855349959138e-11
4.421565301466259206e-11
4.393445813418746710e-11
4.358624603501517502e-11
4.324325420083870494e-11
4.290902299407955996e-11
4.258061152094503777e-11
4.243170609734490707e-11
4.232164439152927785e-11
4.213510044303804399e-11
4.198214324614074496e-11
4.183663918734052386e-11
4.168118308875878964e-11
4.151862348899769597e-11
4.138754183940183223e-11
4.117281809396688062e-11
4.090529528871204689e-11
4.068695687218941390e-11
4.053028166574031061e-11
4.041529952203389934e-11
4.032964602629356472e-11
4.032985502609277095e-11
4.036564787166449207e-11
4.037210582134258390e-11
4.035321561730397528e-11
4.031668684286499342e-11
4.023053235537333777e-11
4.012302293609037771e-11
4.000843016901578316e-11
3.987029749472906380e-11
3.969946424115573499e-11
3.951993297911477816e-11
3.938125605627998459e-11
3.932464689941280222e-11
3.927845501414150456e-11
3.916188068499507327e-11
3.897523450719843214e-11
3.868847598118821011e-11
3.830870115691881288e-11
3.792231104597709554e-11
3.756035326972134234e-11
3.720690531945910115e-11
3.688244384668249513e-11
3.656674516481188974e-11
3.625803829984576423e-11
3.602471161499478885e-11
3.585413737437136115e-11
3.574741087909189926e-11
3.570852106377917747e-11
3.570940200210658591e-11
3.571491980826809203e-11
3.566786224919036136e-11
3.563495930252576435e-11
3.557923757950825549e-11
3.545498735674496264e-11
3.528158322577178399e-11
3.507072918885032497e-11
3.492365795686454640e-11
3.484258856844478596e-11
3.479670255228085038e-11
3.470659886009369899e-11
3.456600091337022920e-11
3.443300944182474277e-11
3.428713085216854608e-11
3.414170373124601328e-11
3.398783533475368770e-11
3.383164307328081534e-11
3.365353831191608464e-11
3.345240065183122226e-11
3.324690727124114972e-11
3.304578106491769584e-11
3.286808297643822913e-11
3.274481738046681840e-11
3.263132428116864528e-11
3.252049233692996092e-11
3.244755481206294830e-11
3.236018529652840595e-11
3.225679496687156347e-11
3.216352489768199219e-11
3.208175977825808943e-11
3.200837714029654754e-11
3.191931333691652055e-11
3.182210936535768489e-11
3.173801054418591095e-11
3.163186443391884010e-11
3.148546554537887855e-11
3.129085233276927717e-11
3.107442078017089264e-11
3.086866134617300066e-11
3.067233360815043563e-11
3.048767860237599917e-11
3.033155279791868912e-11
3.019405135802376396e-11
3.007329428308984763e-11
3.000798383923322907e-11
2.999741018411952571e-11
3.000091791182280501e-11
3.003511303619767903e-11
3.007246518305569049e-11
3.010434572329440388e-11
3.016110303974279656e-11
3.014226868262624073e-11
3.006448814912222425e-11
2.996506177125405218e-11
2.979920505909266795e-11
2.960521179695696757e-11
2.937579555974398481e-11
2.913333399571917807e-11
2.892129896273987770e-11
2.873076406056539113e-11
2.858188188837423546e-11
2.850649857879947899e-11
2.846744668315756789e-11
2.844748018482857576e-11
2.845996310162387752e-11
2.845604219994164261e-11
2.845143122048330383e-11
2.843071231937833421e-11
2.837611797828988359e-11
2.833297892069110682e-11
2.827271988130678067e-11
2.821563866575253511e-11
2.820153437620681592e-11
2.819893775299332684e-11
2.818773628302108102e-11
2.814029954138247368e-11
2.805247268477877678e-11
2.792165194813863137e-11
2.773473660558753221e-11
2.753012389717249760e-11
2.735130219156622162e-11
2.717210564556544004e-11
2.697616963282565683e-11
2.678234954640435030e-11
2.658349002955715233e-11
2.638530278416441383e-11
2.619833725722481080e-11
2.601801911147893210e-11
2.584864642323287370e-11
2.569399359132363360e-11
2.556139061046086362e-11
2.545814572917659332e-11
2.538351907217525287e-11
2.533621109079522156e-11
2.531961854649108760e-11
2.532987917312689821e-11
2.533800902521350311e-11
2.533380910778750456e-11
2.532321312841682349e-11
2.529187343830966776e-11
2.522722845481890630e-11
2.513166871000350080e-11
2.501938536737279642e-11
2.490735690694192309e-11
2.477787428994581491e-11
2.463004027749242896e-11
2.448321090105007464e-11
2.434681768074978830e-11
2.421544160112848779e-11
2.410162260702252019e-11
2.400874770518097846e-11
2.394815081197271311e-11
2.390900347889901153e-11
2.388539817915209906e-11
2.386324183532671204e-11
2.383007907878090813e-11
2.382730448114546305e-11
2.381008050888057647e-11
2.378238722235364729e-11
2.377785836038641306e-11
2.377296732903949643e-11
2.376469652441360964e-11
2.374093029378625243e-11
2.370616312834355029e-11
2.367807551560017706e-11
2.362982946732054829e-11
2.357164630364916495e-11
2.349653203886152133e-11
2.340066461147552874e-11
2.331691427022875427e-11
2.326448135055020376e-11
2.321001412394932949e-11
2.311794522788201250e-11
2.300834680436888887e-11
2.288912857672895916e-11
2.275517436178231415e-11
2.262543067733364134e-11
2.251421016922898356e-11
2.240529948715707827e-11
2.229417079200126543e-11
2.218854537163400272e-11
2.210338806678472820e-11
2.202995864793442095e-11
2.197199728496529013e-11
2.194114202354029431e-11
2.191780999338743042e-11
2.188518786950166580e-11
2.183856440302716510e-11
2.177592436202692101e-11
2.170524948830107751e-11
2.162262705063040032e-11
2.152661376493914747e-11
2.143371978748627837e-11
2.134372103941623866e-11
2.125020240916874924e-11
2.115741183015667530e-11
2.108868735089070062e-11
2.103128755553519452e-11
2.095591788547564249e-11
2.087909117761556400e-11
2.082438792407187538e-11
2.079877304367133442e-11
2.078026250422621881e-11
2.078023825400535889e-11
2.079968625435692836e-11
2.082226407483579627e-11
2.085177579152034721e-11
2.087338963886738809e-11
2.088115520114388205e-11
2.087559940859506177e-11
2.085976284451819976e-11
2.082862368116201600e-11
2.078127027862036489e-11
2.071307684966205414e-11
2.061986542438550946e-11
2.051530248335830532e-11
2.041233395071848268e-11
2.031408041036768676e-11
2.022191361848573082e-11
2.013944109805198147e-11
2.008225307325919450e-11
2.004263561203900534e-11
2.000528865189563291e-11
1.997758376248338120e-11
1.993799384194760812e-11
1.988348308669253902e-11
1.983795204265708365e-11
1.980194652577178906e-11
1.977203347357650466e-11
1.974649110282253739e-11
1.971126666964478503e-11
1.967140598213788669e-11
1.963448009399885213e-11
1.957664562871200217e-11
1.950311069568848553e-11
1.942798985841004446e-11
1.935181002043146868e-11
1.926956313160580048e-11
1.918195175113349843e-11
1.909647231867264896e-11
1.901718434189761165e-11
1.896444561831918686e-11
1.892105152739152749e-11
1.887353459692264587e-11
1.883866576831543970e-11
1.881536197558589090e-11
1.880912680479405531e-11
1.882765488301221565e-11
1.883630290968971131e-11
1.882746786521259617e-11
1.882133703719832077e-11
1.880316285885233268e-11
1.876675851470309322e-11
1.873020929192742244e-11
1.869982211123495588e-11
1.866331418384501761e-11
1.862340661631185442e-11
1.858304208010019324e-11
1.854096668925384182e-11
1.848908389268080225e-11
1.843783032257407333e-11
1.839725741348714033e-11
1.835262869817155480e-11
1.830035019360663641e-11
1.824534628570988975e-11
1.819252202950662060e-11
1.814292097602306264e-11
1.810081854661529001e-11
1.806709097541334521e-11
1.804291820682825741e-11
1.803298092504261505e-11
1.803107000542525007e-11
1.803894227479763234e-11
1.805193338526240388e-11
1.804534110673377420e-11
1.802112082444751073e-11
1.800039968439305726e-11
1.797747651120355338e-11
1.794817160338867903e-11
1.792047800392919439e-11
1.788520088988860344e-11
1.784328858994193773e-11
1.780777379715238100e-11
1.775803713169415832e-11
1.769395091690981280e-11
1.763958451949535055e-11
1.760085324095955803e-11
1.756652046021498911e-11
1.753079550891422194e-11
1.750458586698599905e-11
1.748503843637731385e-11
1.747933275250866913e-11
1.748647922588821263e-11
1.749776397312962208e-11
1.750743479352707118e-11
1.751258621014544092e-11
1.751740055315566008e-11
1.752671367312129536e-11
1.753061167702341456e-11
1.752885861793107211e-11
1.751630001413709625e-11
1.747764603490547943e-11
1.742916702859147084e-11
1.737959611881619905e-11
1.733850538886109375e-11
1.730545400487055155e-11
1.726713497511785728e-11
1.722215484495535629e-11
1.716797794972953915e-11
1.709818266422243083e-11
1.702964827068410080e-11
1.697061783282547210e-11
1.691362804388957015e-11
1.685497069794587994e-11
1.679797803442719443e-11
1.675640611424400032e-11
1.672704791003603889e-11
1.669878232425688665e-11
1.667156954905256352e-11
1.664646988298259723e-11
1.662473947635785232e-11
1.660922241567325180e-11
1.660251457209666504e-11
1.659998406793185561e-11
1.659218129731673922e-11
1.657883258763382820e-11
1.656666915761598644e-11
1.656079719553282430e-11
1.655725894425155506e-11
1.654959642135797792e-11
1.653452494947425214e-11
1.652038177515493132e-11
1.650918926058123485e-11
1.649114451144386376e-11
1.647197231501530262e-11
1.645639954523356052e-11
1.643890987565141302e-11
1.642358322703741009e-11
1.639974103308351059e-11
1.636814773508335447e-11
1.634887279726656792e-11
1.633568940626381377e-11
1.631345679510954182e-11
1.628774962326484501e-11
1.626368244618539706e-11
1.624039354722203312e-11
1.621642590875727537e-11
1.619344236066094876e-11
1.617437343623066130e-11
1.615862535241650024e-11
1.614591101317530249e-11
1.613412725010982727e-11
1.611833373637063975e-11
1.609836481515361038e-11
1.608300689109803247e-11
1.606687863996909608e-11
1.604432751140175490e-11
1.601862747715489933e-11
1.599195787672819803e-11
1.596646305203997557e-11
1.593789002185810436e-11
1.591249108238436169e-11
1.589190394468189592e-11
1.587376732699370419e-11
1.586039533551799759e-11
1.584957010372349814e-11
1.583770517171899256e-11
1.581626020895081762e-11
1.578255004218538531e-11
1.574102163946229945e-11
1.570219509231745856e-11
1.567100384499283217e-11
1.564920136644884673e-11
1.563075005995043048e-11
1.560773394686223619e-11
1.558665635704272081e-11
1.556852950431452098e-11
1.555145990312196381e-11
1.553484646181281260e-11
1.551401069012090929e-11
1.549124906006461843e-11
1.547179251784817956e-11
1.545769161012242187e-11
1.544374191556967057e-11
1.542766314161164089e-11
1.542085174539975364e-11
1.541899408322200913e-11
1.541471414161034712e-11
1.540467521064432552e-11
1.538297536020256169e-11
1.535691488695576427e-11
1.533098161727137759e-11
1.530160854068855491e-11
1.527507154437125681e-11
1.525303075136611353e-11
1.522767032841492516e-11
1.520094690839388675e-11
1.517987163395264580e-11
1.516077749550391685e-11
1.514347169550074459e-11
1.512552466917061854e-11
1.510692791472288809e-11
1.508845281431803272e-11
1.506497204266787766e-11
1.504296932050019692e-11
1.501934429537325547e-11
1.499423298066661019e-11
1.496902626147417401e-11
1.494540468975010534e-11
1.492659074062372857e-11
1.490794709262106511e-11
1.488943348444563023e-11
1.487153239162144427e-11
1.485554001821055721e-11
1.484631256427251501e-11
1.484167160746118147e-11
1.484122924435393750e-11
1.483624963103523870e-11
1.482285909519723063e-11
1.480694508937217592e-11
1.479200718827536438e-11
1.478129052329952731e-11
1.476882279350052534e-11
1.474958005516544795e-11
1.472670737245494020e-11
1.470171351278216227e-11
1.467917197448442320e-11
1.466204169776424406e-11
1.464359397556857528e-11
1.461923078068652072e-11
1.459181755799491602e-11
1.456771149897207460e-11
1.454436949067737184e-11
1.452594766552652964e-11
1.450983798231912947e-11
1.449402934251607312e-11
1.447993615629092827e-11
1.446757640622932874e-11
1.445402315689473139e-11
1.443681144904224944e-11
1.441519746977388053e-11
1.438428720799621230e-11
1.435077390681709924e-11
1.431658162408824552e-11
1.427987073625433046e-11
1.424436032293307264e-11
1.421485503348221437e-11
1.419132497171374532e-11
1.417192876048697305e-11
1.415428421241647269e-11
1.414062792093201351e-11
1.413742341423816264e-11
1.413732468213616798e-11
1.413170346461361089e-11
1.412542227737395535e-11
1.411796311223400684e-11
1.410767142751548958e-11
1.409771698594285603e-11
1.408934659867931002e-11
1.408105855456949611e-11
1.406958229198125059e-11
1.406033928204583301e-11
1.405564298210579062e-11
1.404842357191032499e-11
1.403865096018772193e-11
1.403205561731729731e-11
1.402474811095843353e-11
1.401167844632411421e-11
1.399332501027725064e-11
1.397285022741019055e-11
1.395406592089924868e-11
1.393840125756342325e-11
1.392705645626832399e-11
1.391999145008586398e-11
1.391025898720418434e-11
1.389567824417002440e-11
1.388201398447361232e-11
1.386796585584851747e-11
1.385208542771238055e-11
1.383779833124836292e-11
1.382044153760656948e-11
1.380172033331721591e-11
1.378470446482914125e-11
1.376420065813545484e-11
1.373784407829666157e-11
1.371474441524013464e-11
1.369947764478101940e-11
1.368549685554853044e-11
1.367514888165626756e-11
1.366574740715424202e-11
1.365507954109349366e-11
1.364254915821206714e-11
1.362568444567238723e-11
1.360324098035113100e-11
1.357929850143442049e-11
1.355502898457422791e-11
1.353296267515516993e-11
1.352123853541492992e-11
1.351063631021951694e-11
1.349749579176468574e-11
1.348818169807664570e-11
1.348338845192514926e-11
1.347882218087641805e-11
1.347075371416204319e-11
1.346162636660380072e-11
1.344611269120914076e-11
1.342765963401162340e-11
1.341333894323245299e-11
1.340393798233385074e-11
1.339482899869183730e-11
1.338680562772302232e-11
1.338337615874049973e-11
1.338034767249979440e-11
1.337637632788495344e-11
1.337117588576628157e-11
1.336426713159526927e-11
1.335639243956019832e-11
1.334871600548171118e-11
1.333875635837654334e-11
1.332751751573026986e-11
1.331821073213204259e-11
1.330939379950570735e-11
1.330015054958019286e-11
1.329349562568525871e-11
1.328551913697037381e-11
1.327226422314492212e-11
1.325418290395567021e-11
1.323137189122391044e-11
1.320315816162869508e-11
1.317184732267185728e-11
1.314052571016350749e-11
1.310880069021134460e-11
1.307982065957723756e-11
1.305163337709173108e-11
1.302268658696946155e-11
1.299909640708193807e-11
1.298107139377419901e-11
1.296924517909785067e-11
1.296301938996182994e-11
1.295809180874880338e-11
1.295201776383091492e-11
1.294359897546798562e-11
1.293770728790051805e-11
1.293096968060818681e-11
1.291759082105195596e-11
1.289980756860110199e-11
1.288005524060121970e-11
1.286577796712487037e-11
1.285622110824114486e-11
1.284916731153239733e-11
1.284124671872506701e-11
1.282909346529864503e-11
1.281627134192372379e-11
1.280338017888899855e-11
1.279090432240122917e-11
1.277765821951779717e-11
1.276579929655791890e-11
1.275247208822147484e-11
1.273502729486661220e-11
1.271583344806862165e-11
1.269657928074818551e-11
1.268035306892274074e-11
1.266752421930431031e-11
1.265343764662345046e-11
1.264115698856782929e-11
1.263096954934582614e-11
1.261833729403188439e-11
1.260480823005647559e-11
1.259005842630342427e-11
1.257543208256932203e-11
1.256422692586451472e-11
1.255384310598157396e-11
1.254353076732218994e-11
1.253712234535039914e-11
1.252964300467286286e-11
1.251650582985208715e-11
1.250012394569520276e-11
1.248231173188801469e-11
1.246317761964382101e-11
1.244325797427395401e-11
1.242487771087390686e-11
1.241047207777133224e-11
1.239734996459315495e-11
1.238351964778482761e-11
1.237391353982777768e-11
1.236941085015654634e-11
1.236714546857942497e-11
1.236768844323482591e-11
1.236631955972628196e-11
1.236335210955463343e-11
1.236367509822546018e-11
1.235904572077687047e-11
1.234856155910899018e-11
1.233515804014915072e-11
1.231719992248296454e-11
1.229698543835844291e-11
1.227075597986117184e-11
1.224349008431563739e-11
1.222032946723488359e-11
1.220062082998535559e-11
1.218448033191988360e-11
1.217310080087088705e-11
1.216578232697923885e-11
1.216031868467108277e-11
1.215816125805339478e-11
1.215638055110791257e-11
1.215437103706525826e-11
1.214899805533368938e-11
1.214191254685583496e-11
1.213635749999406955e-11
1.213003320783628341e-11
1.212873199303997722e-11
1.212973126894178754e-11
1.212794990248647441e-11
1.212618282660260624e-11
1.212040718502757052e-11
1.210858712054381665e-11
1.209302493777468750e-11
1.207242624880005168e-11
1.204937406317736874e-11
1.202865981143635484e-11
1.200638827449090336e-11
1.198149295175755459e-11
1.195785425437859052e-11
1.193273757301205286e-11
1.190721264180569119e-11
1.188333583396076775e-11
1.185852134869912703e-11
1.183511113330479065e-11
1.181450990888191630e-11
1.179622293066398401e-11
1.178191603879414030e-11
1.177140351260566961e-11
1.176363248025218718e-11
1.175970377498910713e-11
1.175889844939865648e-11
1.175777940555469156e-11
1.175669651058398695e-11
1.175480781180654075e-11
1.174852479665216383e-11
1.173953025852545806e-11
1.172860076218906164e-11
1.171448816111935301e-11
1.169992195783807511e-11
1.168460977562682166e-11
1.166824957414976844e-11
1.164991559537004997e-11
1.163108549603208336e-11
1.161400203995726719e-11
1.160005475219709344e-11
1.158785433480018732e-11
1.157790219908531538e-11
1.156918578982381438e-11
1.156136136496945594e-11
1.155401583413261083e-11
1.154516090974258795e-11
1.153949951782583264e-11
1.153306830666757665e-11
1.152635695831666293e-11
1.152030505335019718e-11
1.151331649668323279e-11
1.150787611794086511e-11
1.150204198691882208e-11
1.149554918030868781e-11
1.149092256173952490e-11
1.148321635060514313e-11
1.147421096134149234e-11
1.146550395219456613e-11
1.145465127968091391e-11
1.144562150609357372e-11
1.143977634792118028e-11
1.143473592494413206e-11
1.142524569512287521e-11
1.141094965181507959e-11
1.139307624218876789e-11
1.137230077806039011e-11
1.135168312477445246e-11
1.133237084583934916e-11
1.131455222491711327e-11
1.129857083865526927e-11
1.128329307419267236e-11
1.126882165024444983e-11
1.125527532181901617e-11
1.124426657178775855e-11
1.123749953574342650e-11
1.123293845228424907e-11
1.122974017884594624e-11
1.122688186408456684e-11
1.122186348420284475e-11
1.121565604810600766e-11
1.120675739177243987e-11
1.119275019873521828e-11
1.117669261955687370e-11
1.116117324768398359e-11
1.114460229678391421e-11
1.112817401013032800e-11
1.111437295972588151e-11
1.110072801470429634e-11
1.108510928162142954e-11
1.106856608382249406e-11
1.105644349576889573e-11
1.105057764708836363e-11
1.104656055600692588e-11
1.104668343459514879e-11
1.105104210094200901e-11
1.105616475260636001e-11
1.106324892259101814e-11
1.106899146512121026e-11
1.107119884596972974e-11
1.107181275984558007e-11
1.107014308977314330e-11
1.106524377166858539e-11
1.105864705725903600e-11
1.104928262932563948e-11
1.103535595670599607e-11
1.101880368622120217e-11
1.100109946582648436e-11
1.098212721667808623e-11
1.096348166882215738e-11
1.094673652217251640e-11
1.093274261037651995e-11
1.092003451161884873e-11
1.090767489364037343e-11
1.089788338655016638e-11
1.088861331883597032e-11
1.087689005957921854e-11
1.086627220859121291e-11
1.085753115643521631e-11
1.084890782186689068e-11
1.084298552496785009e-11
1.083695782599123284e-11
1.082927185630069876e-11
1.082191679303017229e-11
1.081195632672960256e-11
1.080108782671171571e-11
1.079041795401668364e-11
1.077858296957628416e-11
1.076412577167245887e-11
1.074762584485187136e-11
1.073135836556544884e-11
1.071624224896732486e-11
1.070474417177179869e-11
1.069373958436042285e-11
1.068114765363080331e-11
1.067073776442854994e-11
1.066290261688402496e-11
1.065883553758530512e-11
1.066056648572938887e-11
1.066069765583721392e-11
1.065772491893371221e-11
1.065502856880962311e-11
1.065125461547365626e-11
1.064546269583967704e-11
1.064004426982136026e-11
1.063588750258021463e-11
1.063035201472551711e-11
1.062405109209315378e-11
1.061652893716934383e-11
1.060914307428565030e-11
1.060166087318961262e-11
1.059395852482557534e-11
1.058606560772492931e-11
1.057639033552137077e-11
1.056524690034230239e-11
1.055253607119222707e-11
1.054048629622373424e-11
1.052953639686352855e-11
1.051880628555921372e-11
1.051021930441921083e-11
1.050473094301657449e-11
1.050230367686243137e-11
1.050065188209962815e-11
1.050045749712950399e-11
1.050095474354976465e-11
1.049758842976440261e-11
1.049205920927622994e-11
1.048621852290459609e-11
1.047908104435633895e-11
1.046992582941151295e-11
1.045942519394587444e-11
1.044654556847445335e-11
1.043220645377753070e-11
1.042108529741470121e-11
1.040899273420328785e-11
1.039322546795071749e-11
1.037837214957146992e-11
1.036594676567548137e-11
1.035491145878003104e-11
1.034311650826324761e-11
1.033206561727111427e-11
1.032381129403743754e-11
1.031908419606004271e-11
1.031762002457941241e-11
1.031883450413695859e-11
1.031976693283207078e-11
1.031851013170447001e-11
1.031931221105845163e-11
1.032381890019865148e-11
1.032536361086898563e-11
1.032380242235159051e-11
1.032061030060664303e-11
1.031161134524676887e-11
1.029947265165830674e-11
1.028736085087019480e-11
1.027728529716164508e-11
1.026803522246583002e-11
1.025735081155338123e-11
1.024567079200518019e-11
1.023137427155318433e-11
1.021325798733957714e-11
