1.000000000000000021e-02
2.000000000000000042e-02
2.999999999999999889e-02
4.000000000000000083e-02
5.000000000000000278e-02
5.999999999999999778e-02
7.000000000000000666e-02
8.000000000000000167e-02
9.000000000000001055e-02
1.000000000000000056e-01
1.099999999999999867e-01
1.199999999999999956e-01
1.300000000000000044e-01
1.400000000000000133e-01
1.499999999999999944e-01
1.600000000000000033e-01
1.700000000000000122e-01
1.800000000000000211e-01
1.900000000000000022e-01
2.000000000000000111e-01
2.100000000000000200e-01
2.199999999999999734e-01
2.299999999999999822e-01
2.399999999999999911e-01
2.500000000000000000e-01
2.600000000000000089e-01
2.700000000000000178e-01
2.800000000000000266e-01
2.900000000000000355e-01
2.999999999999999889e-01
3.099999999999999978e-01
3.200000000000000067e-01
3.300000000000000155e-01
3.400000000000000244e-01
3.500000000000000333e-01
3.600000000000000422e-01
3.699999999999999956e-01
3.800000000000000044e-01
3.900000000000000133e-01
4.000000000000000222e-01
4.100000000000000311e-01
4.200000000000000400e-01
4.300000000000000488e-01
4.399999999999999467e-01
4.499999999999999556e-01
4.599999999999999645e-01
4.699999999999999734e-01
4.799999999999999822e-01
4.899999999999999911e-01
5.000000000000000000e-01
5.100000000000000089e-01
5.200000000000000178e-01
5.300000000000000266e-01
5.400000000000000355e-01
5.500000000000000444e-01
5.600000000000000533e-01
5.700000000000000622e-01
5.800000000000000711e-01
5.900000000000000799e-01
5.999999999999999778e-01
6.099999999999999867e-01
6.199999999999999956e-01
6.300000000000000044e-01
6.400000000000000133e-01
6.500000000000000222e-01
6.600000000000000311e-01
6.700000000000000400e-01
6.800000000000000488e-01
6.900000000000000577e-01
7.000000000000000666e-01
7.100000000000000755e-01
7.200000000000000844e-01
7.299999999999999822e-01
7.399999999999999911e-01
7.500000000000000000e-01
7.600000000000000089e-01
7.700000000000000178e-01
7.800000000000000266e-01
7.900000000000000355e-01
8.000000000000000444e-01
8.100000000000000533e-01
8.200000000000000622e-01
8.300000000000000711e-01
8.400000000000000799e-01
8.500000000000000888e-01
8.600000000000000977e-01
8.700000000000001066e-01
8.799999999999998934e-01
8.899999999999999023e-01
8.999999999999999112e-01
9.099999999999999201e-01
9.199999999999999289e-01
9.299999999999999378e-01
9.399999999999999467e-01
9.499999999999999556e-01
9.599999999999999645e-01
9.699999999999999734e-01
9.799999999999999822e-01
9.899999999999999911e-01
1.000000000000000000e+00
1.010000000000000009e+00
1.020000000000000018e+00
1.030000000000000027e+00
1.040000000000000036e+00
1.050000000000000044e+00
1.060000000000000053e+00
1.070000000000000062e+00
1.080000000000000071e+00
1.090000000000000080e+00
1.100000000000000089e+00
1.110000000000000098e+00
1.120000000000000107e+00
1.130000000000000115e+00
1.140000000000000124e+00
1.150000000000000133e+00
1.160000000000000142e+00
1.170000000000000151e+00
1.180000000000000160e+00
1.190000000000000169e+00
1.199999999999999956e+00
1.209999999999999964e+00
1.219999999999999973e+00
1.229999999999999982e+00
1.239999999999999991e+00
1.250000000000000000e+00
1.260000000000000009e+00
1.270000000000000018e+00
1.280000000000000027e+00
1.290000000000000036e+00
1.300000000000000044e+00
1.310000000000000053e+00
1.320000000000000062e+00
1.330000000000000071e+00
1.340000000000000080e+00
1.350000000000000089e+00
1.360000000000000098e+00
1.370000000000000107e+00
1.380000000000000115e+00
1.390000000000000124e+00
1.400000000000000133e+00
1.410000000000000142e+00
1.420000000000000151e+00
1.430000000000000160e+00
1.440000000000000169e+00
1.449999999999999956e+00
1.459999999999999964e+00
1.469999999999999973e+00
1.479999999999999982e+00
1.489999999999999991e+00
1.500000000000000000e+00
1.510000000000000009e+00
1.520000000000000018e+00
1.530000000000000027e+00
1.540000000000000036e+00
1.550000000000000044e+00
1.560000000000000053e+00
1.570000000000000062e+00
1.580000000000000071e+00
1.590000000000000080e+00
1.600000000000000089e+00
1.610000000000000098e+00
1.620000000000000107e+00
1.630000000000000115e+00
1.640000000000000124e+00
1.650000000000000133e+00
1.660000000000000142e+00
1.670000000000000151e+00
1.680000000000000160e+00
1.690000000000000169e+00
1.700000000000000178e+00
1.710000000000000187e+00
1.720000000000000195e+00
1.730000000000000204e+00
1.740000000000000213e+00
1.750000000000000222e+00
1.759999999999999787e+00
1.770000000000000018e+00
1.779999999999999805e+00
1.790000000000000036e+00
1.799999999999999822e+00
1.810000000000000053e+00
1.819999999999999840e+00
1.830000000000000071e+00
1.839999999999999858e+00
1.850000000000000089e+00
1.859999999999999876e+00
1.870000000000000107e+00
1.879999999999999893e+00
1.890000000000000124e+00
1.899999999999999911e+00
1.910000000000000142e+00
1.919999999999999929e+00
1.930000000000000160e+00
1.939999999999999947e+00
1.950000000000000178e+00
1.959999999999999964e+00
1.970000000000000195e+00
1.979999999999999982e+00
1.990000000000000213e+00
2.000000000000000000e+00
2.010000000000000231e+00
2.020000000000000018e+00
2.030000000000000249e+00
2.040000000000000036e+00
2.050000000000000266e+00
2.060000000000000053e+00
2.070000000000000284e+00
2.080000000000000071e+00
2.089999999999999858e+00
2.100000000000000089e+00
2.109999999999999876e+00
2.120000000000000107e+00
2.129999999999999893e+00
2.140000000000000124e+00
2.149999999999999911e+00
2.160000000000000142e+00
2.169999999999999929e+00
2.180000000000000160e+00
2.189999999999999947e+00
2.200000000000000178e+00
2.209999999999999964e+00
2.220000000000000195e+00
2.229999999999999982e+00
2.240000000000000213e+00
2.250000000000000000e+00
2.260000000000000231e+00
2.270000000000000018e+00
2.280000000000000249e+00
2.290000000000000036e+00
2.300000000000000266e+00
2.310000000000000053e+00
2.320000000000000284e+00
2.330000000000000071e+00
2.340000000000000302e+00
2.350000000000000089e+00
2.360000000000000320e+00
2.370000000000000107e+00
2.380000000000000338e+00
2.390000000000000124e+00
2.399999999999999911e+00
2.410000000000000142e+00
2.419999999999999929e+00
2.429999999999999716e+00
2.439999999999999947e+00
2.450000000000000178e+00
2.459999999999999964e+00
2.469999999999999751e+00
2.479999999999999982e+00
2.490000000000000213e+00
2.500000000000000000e+00
2.509999999999999787e+00
2.520000000000000018e+00
2.530000000000000249e+00
2.540000000000000036e+00
2.549999999999999822e+00
2.560000000000000053e+00
2.570000000000000284e+00
2.580000000000000071e+00
2.589999999999999858e+00
2.600000000000000089e+00
2.610000000000000320e+00
2.620000000000000107e+00
2.629999999999999893e+00
2.640000000000000124e+00
2.650000000000000355e+00
2.660000000000000142e+00
2.669999999999999929e+00
2.680000000000000160e+00
2.690000000000000391e+00
2.700000000000000178e+00
2.709999999999999964e+00
2.720000000000000195e+00
2.730000000000000426e+00
2.740000000000000213e+00
2.750000000000000000e+00
2.760000000000000231e+00
2.770000000000000462e+00
2.780000000000000249e+00
2.790000000000000036e+00
2.800000000000000266e+00
2.810000000000000497e+00
2.820000000000000284e+00
2.830000000000000071e+00
2.840000000000000302e+00
2.850000000000000533e+00
2.860000000000000320e+00
2.870000000000000107e+00
2.880000000000000338e+00
2.889999999999999680e+00
2.899999999999999911e+00
2.909999999999999698e+00
2.919999999999999929e+00
2.929999999999999716e+00
2.939999999999999947e+00
2.949999999999999734e+00
2.959999999999999964e+00
2.969999999999999751e+00
2.979999999999999982e+00
2.989999999999999769e+00
3.000000000000000000e+00
3.009999999999999787e+00
3.020000000000000018e+00
3.029999999999999805e+00
3.040000000000000036e+00
3.049999999999999822e+00
3.060000000000000053e+00
3.069999999999999840e+00
3.080000000000000071e+00
3.089999999999999858e+00
3.100000000000000089e+00
3.109999999999999876e+00
3.120000000000000107e+00
3.129999999999999893e+00
3.140000000000000124e+00
3.149999999999999911e+00
3.160000000000000142e+00
3.169999999999999929e+00
3.180000000000000160e+00
3.189999999999999947e+00
3.200000000000000178e+00
3.209999999999999964e+00
3.220000000000000195e+00
3.229999999999999982e+00
3.240000000000000213e+00
3.250000000000000000e+00
3.260000000000000231e+00
3.270000000000000018e+00
3.280000000000000249e+00
3.290000000000000036e+00
3.300000000000000266e+00
3.310000000000000053e+00
3.320000000000000284e+00
3.330000000000000071e+00
3.340000000000000302e+00
3.350000000000000089e+00
3.360000000000000320e+00
3.370000000000000107e+00
3.380000000000000338e+00
3.390000000000000124e+00
3.400000000000000355e+00
3.410000000000000142e+00
3.420000000000000373e+00
3.430000000000000160e+00
3.440000000000000391e+00
3.450000000000000178e+00
3.460000000000000409e+00
3.470000000000000195e+00
3.480000000000000426e+00
3.490000000000000213e+00
3.500000000000000444e+00
3.510000000000000231e+00
3.519999999999999574e+00
3.529999999999999805e+00
3.540000000000000036e+00
3.549999999999999822e+00
3.559999999999999609e+00
3.569999999999999840e+00
3.580000000000000071e+00
3.589999999999999858e+00
3.599999999999999645e+00
3.609999999999999876e+00
3.620000000000000107e+00
3.629999999999999893e+00
3.639999999999999680e+00
3.649999999999999911e+00
3.660000000000000142e+00
3.669999999999999929e+00
3.679999999999999716e+00
3.689999999999999947e+00
3.700000000000000178e+00
3.709999999999999964e+00
3.719999999999999751e+00
3.729999999999999982e+00
3.740000000000000213e+00
3.750000000000000000e+00
3.759999999999999787e+00
3.770000000000000018e+00
3.780000000000000249e+00
3.790000000000000036e+00
3.799999999999999822e+00
3.810000000000000053e+00
3.820000000000000284e+00
3.830000000000000071e+00
3.839999999999999858e+00
3.850000000000000089e+00
3.860000000000000320e+00
3.870000000000000107e+00
3.879999999999999893e+00
3.890000000000000124e+00
3.900000000000000355e+00
3.910000000000000142e+00
3.919999999999999929e+00
3.930000000000000160e+00
3.940000000000000391e+00
3.950000000000000178e+00
3.959999999999999964e+00
3.970000000000000195e+00
3.980000000000000426e+00
3.990000000000000213e+00
4.000000000000000000e+00
4.009999999999999787e+00
4.020000000000000462e+00
4.030000000000000249e+00
4.040000000000000036e+00
4.050000000000000711e+00
4.060000000000000497e+00
4.070000000000000284e+00
4.080000000000000071e+00
4.089999999999999858e+00
4.100000000000000533e+00
4.110000000000000320e+00
4.120000000000000107e+00
4.130000000000000782e+00
4.140000000000000568e+00
4.150000000000000355e+00
4.160000000000000142e+00
4.169999999999999929e+00
4.179999999999999716e+00
4.189999999999999503e+00
4.200000000000000178e+00
4.209999999999999964e+00
4.219999999999999751e+00
4.229999999999999538e+00
4.240000000000000213e+00
4.250000000000000000e+00
4.259999999999999787e+00
4.269999999999999574e+00
4.280000000000000249e+00
4.290000000000000036e+00
4.299999999999999822e+00
4.309999999999999609e+00
4.320000000000000284e+00
4.330000000000000071e+00
4.339999999999999858e+00
4.349999999999999645e+00
4.360000000000000320e+00
4.370000000000000107e+00
4.379999999999999893e+00
4.389999999999999680e+00
4.400000000000000355e+00
4.410000000000000142e+00
4.419999999999999929e+00
4.429999999999999716e+00
4.440000000000000391e+00
4.450000000000000178e+00
4.459999999999999964e+00
4.469999999999999751e+00
4.480000000000000426e+00
4.490000000000000213e+00
4.500000000000000000e+00
4.509999999999999787e+00
4.520000000000000462e+00
4.530000000000000249e+00
4.540000000000000036e+00
4.549999999999999822e+00
4.560000000000000497e+00
4.570000000000000284e+00
4.580000000000000071e+00
4.589999999999999858e+00
4.600000000000000533e+00
4.610000000000000320e+00
4.620000000000000107e+00
4.629999999999999893e+00
4.640000000000000568e+00
4.650000000000000355e+00
4.660000000000000142e+00
4.669999999999999929e+00
4.680000000000000604e+00
4.690000000000000391e+00
4.700000000000000178e+00
4.709999999999999964e+00
4.720000000000000639e+00
4.730000000000000426e+00
4.740000000000000213e+00
4.750000000000000000e+00
4.760000000000000675e+00
4.770000000000000462e+00
4.780000000000000249e+00
4.790000000000000036e+00
4.799999999999999822e+00
4.809999999999999609e+00
4.820000000000000284e+00
4.830000000000000071e+00
4.839999999999999858e+00
4.849999999999999645e+00
4.859999999999999432e+00
4.870000000000000107e+00
4.879999999999999893e+00
4.889999999999999680e+00
4.900000000000000355e+00
4.910000000000000142e+00
4.919999999999999929e+00
4.929999999999999716e+00
4.939999999999999503e+00
4.950000000000000178e+00
4.959999999999999964e+00
4.969999999999999751e+00
4.980000000000000426e+00
4.990000000000000213e+00
5.000000000000000000e+00
5.009999999999999787e+00
5.019999999999999574e+00
5.030000000000000249e+00
5.040000000000000036e+00
5.049999999999999822e+00
5.060000000000000497e+00
5.070000000000000284e+00
5.080000000000000071e+00
5.089999999999999858e+00
5.099999999999999645e+00
5.110000000000000320e+00
5.120000000000000107e+00
5.129999999999999893e+00
5.140000000000000568e+00
5.150000000000000355e+00
5.160000000000000142e+00
5.169999999999999929e+00
5.179999999999999716e+00
5.190000000000000391e+00
5.200000000000000178e+00
5.209999999999999964e+00
5.220000000000000639e+00
5.230000000000000426e+00
5.240000000000000213e+00
5.250000000000000000e+00
5.259999999999999787e+00
5.270000000000000462e+00
5.280000000000000249e+00
5.290000000000000036e+00
5.300000000000000711e+00
5.310000000000000497e+00
5.320000000000000284e+00
5.330000000000000071e+00
5.339999999999999858e+00
5.350000000000000533e+00
5.360000000000000320e+00
5.370000000000000107e+00
5.380000000000000782e+00
5.390000000000000568e+00
5.400000000000000355e+00
5.410000000000000142e+00
5.419999999999999929e+00
5.430000000000000604e+00
5.440000000000000391e+00
5.450000000000000178e+00
5.460000000000000853e+00
5.470000000000000639e+00
5.480000000000000426e+00
5.490000000000000213e+00
5.500000000000000000e+00
5.510000000000000675e+00
5.520000000000000462e+00
5.530000000000000249e+00
5.540000000000000924e+00
5.550000000000000711e+00
5.560000000000000497e+00
5.570000000000000284e+00
5.580000000000000071e+00
5.590000000000000746e+00
5.600000000000000533e+00
5.610000000000000320e+00
5.620000000000000995e+00
5.630000000000000782e+00
5.640000000000000568e+00
5.650000000000000355e+00
5.660000000000000142e+00
5.670000000000000817e+00
5.680000000000000604e+00
5.690000000000000391e+00
5.700000000000001066e+00
5.710000000000000853e+00
5.720000000000000639e+00
5.730000000000000426e+00
5.740000000000000213e+00
5.750000000000000888e+00
5.760000000000000675e+00
5.769999999999999574e+00
5.779999999999999361e+00
5.789999999999999147e+00
5.799999999999999822e+00
5.809999999999999609e+00
5.819999999999999396e+00
5.830000000000000071e+00
5.839999999999999858e+00
5.849999999999999645e+00
5.859999999999999432e+00
5.869999999999999218e+00
5.879999999999999893e+00
5.889999999999999680e+00
5.899999999999999467e+00
5.910000000000000142e+00
5.919999999999999929e+00
5.929999999999999716e+00
5.939999999999999503e+00
5.949999999999999289e+00
5.959999999999999964e+00
5.969999999999999751e+00
5.979999999999999538e+00
5.990000000000000213e+00
6.000000000000000000e+00
6.009999999999999787e+00
6.019999999999999574e+00
6.029999999999999361e+00
6.040000000000000036e+00
6.049999999999999822e+00
6.059999999999999609e+00
6.070000000000000284e+00
6.080000000000000071e+00
6.089999999999999858e+00
6.099999999999999645e+00
6.109999999999999432e+00
6.120000000000000107e+00
6.129999999999999893e+00
6.139999999999999680e+00
6.150000000000000355e+00
6.160000000000000142e+00
6.169999999999999929e+00
6.179999999999999716e+00
6.189999999999999503e+00
6.200000000000000178e+00
6.209999999999999964e+00
6.219999999999999751e+00
6.230000000000000426e+00
6.240000000000000213e+00
6.250000000000000000e+00
6.259999999999999787e+00
6.269999999999999574e+00
6.280000000000000249e+00
6.290000000000000036e+00
6.299999999999999822e+00
6.310000000000000497e+00
6.320000000000000284e+00
6.330000000000000071e+00
6.339999999999999858e+00
6.349999999999999645e+00
6.360000000000000320e+00
6.370000000000000107e+00
6.379999999999999893e+00
6.390000000000000568e+00
6.400000000000000355e+00
6.410000000000000142e+00
6.419999999999999929e+00
6.429999999999999716e+00
6.440000000000000391e+00
6.450000000000000178e+00
6.459999999999999964e+00
6.470000000000000639e+00
6.480000000000000426e+00
6.490000000000000213e+00
6.500000000000000000e+00
6.509999999999999787e+00
6.520000000000000462e+00
6.530000000000000249e+00
6.540000000000000036e+00
6.550000000000000711e+00
6.560000000000000497e+00
6.570000000000000284e+00
6.580000000000000071e+00
6.589999999999999858e+00
6.600000000000000533e+00
6.610000000000000320e+00
6.620000000000000107e+00
6.630000000000000782e+00
6.640000000000000568e+00
6.650000000000000355e+00
6.660000000000000142e+00
6.669999999999999929e+00
6.680000000000000604e+00
6.690000000000000391e+00
6.700000000000000178e+00
6.710000000000000853e+00
6.720000000000000639e+00
6.730000000000000426e+00
6.740000000000000213e+00
6.750000000000000000e+00
6.760000000000000675e+00
6.770000000000000462e+00
6.780000000000000249e+00
6.790000000000000924e+00
6.800000000000000711e+00
6.810000000000000497e+00
6.820000000000000284e+00
6.830000000000000071e+00
6.840000000000000746e+00
6.850000000000000533e+00
6.860000000000000320e+00
6.870000000000000995e+00
6.880000000000000782e+00
6.890000000000000568e+00
6.900000000000000355e+00
6.910000000000000142e+00
6.920000000000000817e+00
6.930000000000000604e+00
6.940000000000000391e+00
6.950000000000001066e+00
6.960000000000000853e+00
6.970000000000000639e+00
6.980000000000000426e+00
6.990000000000000213e+00
7.000000000000000888e+00
7.010000000000000675e+00
7.020000000000000462e+00
7.030000000000001137e+00
7.039999999999999147e+00
7.049999999999999822e+00
7.059999999999999609e+00
7.069999999999999396e+00
7.080000000000000071e+00
7.089999999999999858e+00
7.099999999999999645e+00
7.109999999999999432e+00
7.119999999999999218e+00
7.129999999999999893e+00
7.139999999999999680e+00
7.149999999999999467e+00
7.160000000000000142e+00
7.169999999999999929e+00
7.179999999999999716e+00
7.189999999999999503e+00
7.199999999999999289e+00
7.209999999999999964e+00
7.219999999999999751e+00
7.229999999999999538e+00
7.240000000000000213e+00
7.250000000000000000e+00
7.259999999999999787e+00
7.269999999999999574e+00
7.279999999999999361e+00
7.290000000000000036e+00
7.299999999999999822e+00
7.309999999999999609e+00
7.320000000000000284e+00
7.330000000000000071e+00
7.339999999999999858e+00
7.349999999999999645e+00
7.359999999999999432e+00
7.370000000000000107e+00
7.379999999999999893e+00
7.389999999999999680e+00
7.400000000000000355e+00
7.410000000000000142e+00
7.419999999999999929e+00
7.429999999999999716e+00
7.439999999999999503e+00
7.450000000000000178e+00
7.459999999999999964e+00
7.469999999999999751e+00
7.480000000000000426e+00
7.490000000000000213e+00
7.500000000000000000e+00
7.509999999999999787e+00
7.519999999999999574e+00
7.530000000000000249e+00
7.540000000000000036e+00
7.549999999999999822e+00
7.560000000000000497e+00
7.570000000000000284e+00
7.580000000000000071e+00
7.589999999999999858e+00
7.599999999999999645e+00
7.610000000000000320e+00
7.620000000000000107e+00
7.629999999999999893e+00
7.640000000000000568e+00
7.650000000000000355e+00
7.660000000000000142e+00
7.669999999999999929e+00
7.679999999999999716e+00
7.690000000000000391e+00
7.700000000000000178e+00
7.709999999999999964e+00
7.720000000000000639e+00
7.730000000000000426e+00
7.740000000000000213e+00
7.750000000000000000e+00
7.759999999999999787e+00
7.770000000000000462e+00
7.780000000000000249e+00
7.790000000000000036e+00
7.800000000000000711e+00
7.810000000000000497e+00
7.820000000000000284e+00
7.830000000000000071e+00
7.839999999999999858e+00
7.850000000000000533e+00
7.860000000000000320e+00
7.870000000000000107e+00
7.880000000000000782e+00
7.890000000000000568e+00
7.900000000000000355e+00
7.910000000000000142e+00
7.919999999999999929e+00
7.930000000000000604e+00
7.940000000000000391e+00
7.950000000000000178e+00
7.960000000000000853e+00
7.970000000000000639e+00
7.980000000000000426e+00
7.990000000000000213e+00
8.000000000000000000e+00
8.009999999999999787e+00
8.019999999999999574e+00
8.030000000000001137e+00
8.040000000000000924e+00
8.050000000000000711e+00
8.060000000000000497e+00
8.070000000000000284e+00
8.080000000000000071e+00
8.089999999999999858e+00
8.100000000000001421e+00
8.110000000000001208e+00
8.120000000000000995e+00
8.130000000000000782e+00
8.140000000000000568e+00
8.150000000000000355e+00
8.160000000000000142e+00
8.169999999999999929e+00
8.179999999999999716e+00
8.190000000000001279e+00
8.200000000000001066e+00
8.210000000000000853e+00
8.220000000000000639e+00
8.230000000000000426e+00
8.240000000000000213e+00
8.250000000000000000e+00
8.260000000000001563e+00
8.270000000000001350e+00
8.280000000000001137e+00
8.290000000000000924e+00
8.300000000000000711e+00
8.310000000000000497e+00
8.320000000000000284e+00
8.330000000000000071e+00
8.339999999999999858e+00
8.349999999999999645e+00
8.359999999999999432e+00
8.369999999999999218e+00
8.379999999999999005e+00
8.390000000000000568e+00
8.400000000000000355e+00
8.410000000000000142e+00
8.419999999999999929e+00
8.429999999999999716e+00
8.439999999999999503e+00
8.449999999999999289e+00
8.459999999999999076e+00
8.469999999999998863e+00
8.480000000000000426e+00
8.490000000000000213e+00
8.500000000000000000e+00
8.509999999999999787e+00
8.519999999999999574e+00
8.529999999999999361e+00
8.539999999999999147e+00
8.550000000000000711e+00
8.560000000000000497e+00
8.570000000000000284e+00
8.580000000000000071e+00
8.589999999999999858e+00
8.599999999999999645e+00
8.609999999999999432e+00
8.619999999999999218e+00
8.629999999999999005e+00
8.640000000000000568e+00
8.650000000000000355e+00
8.660000000000000142e+00
8.669999999999999929e+00
8.679999999999999716e+00
8.689999999999999503e+00
8.699999999999999289e+00
8.710000000000000853e+00
8.720000000000000639e+00
8.730000000000000426e+00
8.740000000000000213e+00
8.750000000000000000e+00
8.759999999999999787e+00
8.769999999999999574e+00
8.779999999999999361e+00
8.789999999999999147e+00
8.800000000000000711e+00
8.810000000000000497e+00
8.820000000000000284e+00
8.830000000000000071e+00
8.839999999999999858e+00
8.849999999999999645e+00
8.859999999999999432e+00
8.870000000000000995e+00
8.880000000000000782e+00
8.890000000000000568e+00
8.900000000000000355e+00
8.910000000000000142e+00
8.919999999999999929e+00
8.929999999999999716e+00
8.939999999999999503e+00
8.949999999999999289e+00
8.960000000000000853e+00
8.970000000000000639e+00
8.980000000000000426e+00
8.990000000000000213e+00
9.000000000000000000e+00
9.009999999999999787e+00
9.019999999999999574e+00
9.030000000000001137e+00
9.040000000000000924e+00
9.050000000000000711e+00
9.060000000000000497e+00
9.070000000000000284e+00
9.080000000000000071e+00
9.089999999999999858e+00
9.099999999999999645e+00
9.109999999999999432e+00
9.120000000000000995e+00
9.130000000000000782e+00
9.140000000000000568e+00
9.150000000000000355e+00
9.160000000000000142e+00
9.169999999999999929e+00
9.179999999999999716e+00
9.190000000000001279e+00
9.200000000000001066e+00
9.210000000000000853e+00
9.220000000000000639e+00
9.230000000000000426e+00
9.240000000000000213e+00
9.250000000000000000e+00
9.259999999999999787e+00
9.269999999999999574e+00
9.280000000000001137e+00
9.290000000000000924e+00
9.300000000000000711e+00
9.310000000000000497e+00
9.320000000000000284e+00
9.330000000000000071e+00
9.339999999999999858e+00
9.350000000000001421e+00
9.360000000000001208e+00
9.370000000000000995e+00
9.380000000000000782e+00
9.390000000000000568e+00
9.400000000000000355e+00
9.410000000000000142e+00
9.419999999999999929e+00
9.429999999999999716e+00
9.440000000000001279e+00
9.450000000000001066e+00
9.460000000000000853e+00
9.470000000000000639e+00
9.480000000000000426e+00
9.490000000000000213e+00
9.500000000000000000e+00
9.510000000000001563e+00
9.520000000000001350e+00
9.530000000000001137e+00
9.540000000000000924e+00
9.550000000000000711e+00
9.560000000000000497e+00
9.570000000000000284e+00
9.580000000000000071e+00
9.589999999999999858e+00
9.599999999999999645e+00
9.609999999999999432e+00
9.619999999999999218e+00
9.629999999999999005e+00
9.640000000000000568e+00
9.650000000000000355e+00
9.660000000000000142e+00
9.669999999999999929e+00
9.679999999999999716e+00
9.689999999999999503e+00
9.699999999999999289e+00
9.709999999999999076e+00
9.719999999999998863e+00
9.730000000000000426e+00
9.740000000000000213e+00
9.750000000000000000e+00
9.759999999999999787e+00
9.769999999999999574e+00
9.779999999999999361e+00
9.789999999999999147e+00
9.800000000000000711e+00
9.810000000000000497e+00
9.820000000000000284e+00
9.830000000000000071e+00
9.839999999999999858e+00
9.849999999999999645e+00
9.859999999999999432e+00
9.869999999999999218e+00
9.879999999999999005e+00
9.890000000000000568e+00
9.900000000000000355e+00
9.910000000000000142e+00
9.919999999999999929e+00
9.929999999999999716e+00
9.939999999999999503e+00
9.949999999999999289e+00
9.960000000000000853e+00
9.970000000000000639e+00
9.980000000000000426e+00
9.990000000000000213e+00
7.325642273457315840e+18
6.976896124970455040e+18
5.993789467390241792e+18
4.548516998203162624e+18
2.877152360200181760e+18
1.222481715750123264e+18
-2.168375322446780160e+17
-1.317505818742519552e+18
-2.038673868709200896e+18
-2.408560312450409472e+18
-2.499107361248048128e+18
-2.398150781021635584e+18
-2.186622870764340480e+18
-1.924909269673075968e+18
-1.648969010168440320e+18
-1.374125433458212608e+18
-1.103019018669435648e+18
-8.341248119136907520e+17
-5.681557380315992320e+17
-3.110706618497278080e+17
-7.375678892805953600e+16
1.305989116185913440e+17
2.900306127150711040e+17
3.968777130072499840e+17
4.495332156665783680e+17
4.525371628389946240e+17
4.152408729056780800e+17
3.496355235739708800e+17
2.680569141746584320e+17
1.813590323634477440e+17
9.787713448297222400e+16
2.319595742358531200e+16
-3.949282865481053600e+16
-8.876027925522617600e+16
-1.243237839509593920e+17
-1.466170376524723520e+17
-1.565815590425386880e+17
-1.556088879784141120e+17
-1.455167518059323520e+17
-1.284574442577469600e+17
-1.067115265394353920e+17
-8.238698131795641600e+16
-5.710009231610305600e+16
-3.174475506757075600e+16
-6.452591423360180000e+15
1.919660122434588000e+16
4.573030534874159200e+16
7.321013982292651200e+16
1.007076418295951360e+17
1.260303676026712800e+17
1.458568157664851520e+17
1.563311911383933440e+17
1.540213325105572160e+17
1.369982049650497760e+17
1.057052950443514720e+17
6.329687533219596800e+16
1.525338963602230600e+16
-3.169740598449319200e+16
-7.108670307367660000e+16
-9.820787363238388800e+16
-1.111663680182758560e+17
-1.111616100125321440e+17
-1.019262807787752480e+17
-8.850542260190542400e+16
-7.574645651517206400e+16
-6.693945737826687200e+16
-6.298562191332610400e+16
-6.230856635529485600e+16
-6.150793917005691200e+16
-5.654704170401807200e+16
-4.412094373766170400e+16
-2.280769116500480800e+16
6.326148943781653000e+15
3.983356916668856000e+16
7.267081634748081600e+16
9.942698952530072000e+16
1.156465602229159200e+17
1.188722209456724160e+17
1.091259120606022080e+17
8.872031372052124800e+16
6.149773566274808800e+16
3.176152321276319600e+16
3.240934720150489000e+15
-2.160903249485414400e+16
-4.180694939674943200e+16
-5.755608493269051200e+16
-6.963733751702060000e+16
-7.873908412435572800e+16
-8.497132806415872000e+16
-8.772336438571070400e+16
-8.589158027154708800e+16
-7.837269747826166400e+16
-6.462901966888196000e+16
-4.511279337701683200e+16
-2.139127881360620400e+16
4.077076421349816000e+15
2.844131025905757600e+16
4.906425762868620800e+16
6.404017535609743200e+16
7.247004062346532800e+16
7.443522798555441600e+16
7.071824484365324800e+16
6.240108012789735200e+16
5.050082239849694400e+16
3.577279927616948400e+16
1.873784913162168400e+16
-9.980566605388404688e+13
-1.995328777642069200e+16
-3.951755612261600000e+16
-5.692694225190401600e+16
-6.997139573662740800e+16
-7.654461904266284800e+16
-7.520540346944588800e+16
-6.567470486347927200e+16
-4.909009250763130400e+16
-2.790295761733362400e+16
-5.414287268816452000e+15
1.493600677617144200e+16
3.032720536324593600e+16
3.914680407855040800e+16
4.124807760268784800e+16
3.781809166306672800e+16
3.091476368490004400e+16
2.282320305980739200e+16
1.542334735211074000e+16
9.745266753372238000e+15
5.824237949050520000e+15
2.875217268517856500e+15
-2.880327973653153125e+14
-4.733657050972893000e+15
-1.096248549927692600e+16
-1.867276386337372000e+16
-2.681151411289851600e+16
-3.389041252027152000e+16
-3.845614600200163200e+16
-3.955349942246535200e+16
-3.702266601584490400e+16
-3.153034347858105600e+16
-2.432798975726682000e+16
-1.682725536840390000e+16
-1.014748324893330400e+16
-4.798702078559461000e+15
-6.114012639472801250e+14
3.069338839973289000e+15
7.006951703782785000e+15
1.166148933758106000e+16
1.689980460637307600e+16
2.193732759661512800e+16
2.553713409462159200e+16
2.640252890408120000e+16
2.363282126353985200e+16
1.708804626090342400e+16
7.534240026115711000e+15
-3.490317320367842000e+15
-1.405581423707568000e+16
-2.235257459800864000e+16
-2.717175148950939200e+16
-2.820338966106258000e+16
-2.606304508386014800e+16
-2.204875283793521200e+16
-1.771444517400779400e+16
-1.439625135905206000e+16
-1.283276417301788000e+16
-1.298420894451442800e+16
-1.409344102012203600e+16
-1.496271748700970600e+16
-1.436141696225493200e+16
-1.144451754776530600e+16
-6.057903894599966000e+15
1.163260208371400250e+15
8.937814363199963000e+15
1.568494843958067400e+16
1.996983334155145200e+16
2.091103400402558800e+16
1.842381806633699200e+16
1.322772810617023000e+16
6.624093680629991000e+15
1.218485630264871406e+14
-4.966689453888140000e+15
-7.837545116568882000e+15
-8.330811551481608000e+15
-6.869564028192274000e+15
-4.244298056270695500e+15
-1.328254381595669750e+15
1.179320556553090000e+15
2.904144156255595000e+15
3.806034814771686000e+15
4.061430919378385500e+15
3.879852075803213000e+15
3.338498412763356500e+15
2.310551235135926000e+15
5.223816293233079375e+14
-2.282501209382697000e+15
-6.145017126606445000e+15
-1.075006427993069000e+16
-1.541710378867416400e+16
-1.924358226255607600e+16
-2.136123489151495600e+16
-2.121755084102401200e+16
-1.877936427407815600e+16
-1.457853433249815800e+16
-9.573039678215826000e+15
-4.861724987794512000e+15
-1.343934545103781500e+15
5.631971678833462500e+14
1.055350540792558125e+15
8.759777263485470000e+14
1.076065719627724375e+15
2.672811563242885500e+15
6.308305675285166000e+15
1.200562202467298200e+16
1.909147775856839200e+16
2.631134704276675200e+16
3.211395136379558800e+16
3.503682542933370400e+16
3.409382455067880800e+16
2.905933873224715200e+16
2.056720790590664800e+16
9.990286609652998000e+15
-8.741880268765056250e+14
-1.023463999324147800e+16
-1.673865866648100600e+16
-1.979366135214538800e+16
-1.968511328945244400e+16
-1.745560917871891800e+16
-1.457538924849201800e+16
-1.249783805292299800e+16
-1.223123297977987200e+16
-1.405513609175334400e+16
-1.746442094379544800e+16
-2.135055557654357200e+16
-2.435409707513282800e+16
-2.527149534673166000e+16
-2.339010711018606400e+16
-1.865845200662754400e+16
-1.165975235208506200e+16
-3.422293057280853500e+15
4.853183852364221000e+15
1.205629828307962600e+16
1.735012667631359400e+16
2.024901107641836400e+16
2.060938401889521200e+16
1.857576190062960000e+16
1.452138032002733600e+16
9.001747555903035000e+15
2.715276391437091500e+15
-3.548431013281351000e+15
-8.989871516625686000e+15
-1.291280405969672600e+16
-1.485156791338966000e+16
-1.467849814756023600e+16
-1.265234605587029000e+16
-9.378962618483918000e+15
-5.679621819503305000e+15
-2.392819307633132000e+15
-1.610412760381002500e+14
7.353999936082391250e+14
4.452268185699960625e+14
-5.104533916036607500e+14
-1.405035853466120500e+15
-1.535596024506401750e+15
-4.464979868226267500e+14
1.918402805878383250e+15
5.177484768263011000e+15
8.593964098601910000e+15
1.125195157491386600e+16
1.227703351740139200e+16
1.104801079465885600e+16
7.355437124704455000e+15
1.477522252227471500e+15
-5.840742111064159000e+15
-1.350490644611960000e+16
-2.026917134516681200e+16
-2.498253947785684800e+16
-2.683394353548367600e+16
-2.553826009037432400e+16
-2.141048566906099200e+16
-1.529839539456604400e+16
-8.380811274935159000e+15
-1.878785365585649000e+15
3.242918009480931500e+15
6.498355148958144000e+15
7.960417392676266000e+15
8.174804849505445000e+15
7.937834558980559000e+15
8.012244064894944000e+15
8.873271792098593000e+15
1.056265886311849200e+16
1.268789471588170800e+16
1.455528965168666000e+16
1.538694137320753600e+16
1.455449917277165200e+16
1.176680279664408200e+16
7.166605390678881000e+15
1.315543883784505250e+15
-4.927656804379540000e+15
-1.060505291023456400e+16
-1.488174321445842000e+16
-1.723216170204306600e+16
-1.753979338964438000e+16
-1.608686683883310400e+16
-1.344567671350039200e+16
-1.031275654728362400e+16
-7.340065587847777000e+15
-5.009933823121713000e+15
-3.577684111100691500e+15
-3.078739879485403500e+15
-3.377302223694683500e+15
-4.228294550075861000e+15
-5.332689284574655000e+15
-6.381383940302209000e+15
-7.094018718704781000e+15
-7.259995861011099000e+15
-6.780419058172101000e+15
-5.699263613896557000e+15
-4.208164048196315500e+15
-2.614479526180137000e+15
-1.273715139202677500e+15
-4.997283091029236875e+14
-4.755424174767588125e+14
-1.191262710012010500e+15
-2.431248360945540500e+15
-3.819848773596980000e+15
-4.916714690444499000e+15
-5.336360193738786000e+15
-4.858901751114487000e+15
-3.501755438753492000e+15
-1.532358305047185000e+15
5.847736053659077500e+14
2.298985156742354000e+15
3.119545376113681000e+15
2.760655112536751000e+15
1.243498827540886000e+15
-1.078967025310953875e+15
-3.588331833646065500e+15
-5.545082483214095000e+15
-6.274461979172734000e+15
-5.345179888012181000e+15
-2.694098020785281500e+15
1.336368500603164250e+15
6.060557436721021000e+15
1.060008182305791800e+16
1.408820274292514000e+16
1.587668443542063600e+16
1.568898474396626800e+16
1.367572095826553000e+16
1.035609383524531200e+16
6.463871764539846000e+15
2.746223390130370000e+15
-2.222584227102276250e+14
-2.154930101033892000e+15
-3.068546774097133000e+15
-3.205758531690326000e+15
-2.904342451517442500e+15
-2.468145182366046500e+15
-2.086355930534354750e+15
-1.820903037183091250e+15
-1.650628201546868250e+15
-1.540087728771259250e+15
-1.497779440595125000e+15
-1.600624259839684750e+15
-1.979475909330787250e+15
-2.775312060196051500e+15
-4.083269044488978000e+15
-5.902248857234103000e+15
-8.104353834015651000e+15
-1.043253104161880200e+16
-1.252745475326819800e+16
-1.397756864969122000e+16
-1.438229210987176600e+16
-1.341927776751504000e+16
-1.090971983909161400e+16
-6.876144688863179000e+15
-1.582294390983175750e+15
4.461792012574673500e+15
1.054698624380398400e+16
1.587148407554445400e+16
1.969332433324670400e+16
2.149516263896252000e+16
2.111610572400057200e+16
1.880909478545024400e+16
1.519979000167881600e+16
1.114856300805970800e+16
7.544369020886322000e+15
5.081556634084584000e+15
4.081319593170110500e+15
4.411994241179508000e+15
5.535193081994678000e+15
6.665433622736689000e+15
6.994613599965149000e+15
5.914411753037719000e+15
3.175510296065434000e+15
-1.052883723340299750e+15
-6.228500607305918000e+15
-1.156494791281071800e+16
-1.620612626866229000e+16
-1.940273618954866400e+16
-2.065248255574784800e+16
-1.977925271339551600e+16
-1.694493057293454800e+16
-1.260420505209084800e+16
-7.421028898428851000e+15
-2.163670149459758000e+15
2.411256777274098000e+15
5.678536490329254000e+15
7.255495178610190000e+15
7.081701500453819000e+15
5.438324591420793000e+15
2.886035439074371000e+15
1.238946000269622969e+14
-2.197564695613836250e+15
-3.653209839501091500e+15
-4.152564642384934000e+15
-3.945490423470368000e+15
-3.523619846201334000e+15
-3.450072330693912000e+15
-4.169066597501844500e+15
-5.848624211209975000e+15
-8.298005828442458000e+15
-1.098300017361395200e+16
-1.314046818898878400e+16
-1.396999269667220600e+16
-1.285770683293218000e+16
-9.572247158032904000e+15
-4.373813722910088500e+15
2.001526304928509250e+15
8.484350365026719000e+15
1.390597461392655400e+16
1.726336050966553400e+16
1.794690519480140800e+16
1.587393116485339200e+16
1.149527910479657200e+16
5.675639183008517000e+15
-5.171979931977590625e+14
-6.053546193615481000e+15
-1.014664856761032400e+16
-1.237098524972214400e+16
-1.267668316577194200e+16
-1.131720912537382000e+16
-8.729811183751325000e+15
-5.412119389822962000e+15
-1.827257812380251000e+15
1.647934604354769250e+15
4.733465790274077000e+15
7.229048806732574000e+15
8.988422056268732000e+15
9.903456727656682000e+15
9.908647947203974000e+15
9.003703410849441000e+15
7.279667601010680000e+15
4.929381081742511000e+15
2.229689149954509250e+15
-5.027347652953373125e+14
-2.966438804442022500e+15
-4.921219415473909000e+15
-6.212425166938058000e+15
-6.773886469031444000e+15
-6.619512909046243000e+15
-5.834149672114318000e+15
-4.567182823395482000e+15
-3.024798066930999500e+15
-1.454885235529366750e+15
-1.227892760642149531e+14
7.184594545334486250e+14
8.581353683681926250e+14
1.556453911090228750e+14
-1.432898033813834500e+15
-3.829097200138826000e+15
-6.812675561473260000e+15
-1.001885430328055400e+16
-1.296539697319231200e+16
-1.511691383236002600e+16
-1.598272454995162000e+16
-1.523046751910255800e+16
-1.278616156628903400e+16
-8.887946357539084000e+15
-4.068935689941434000e+15
9.366630582432840000e+14
5.346677466005558000e+15
8.506079133298685000e+15
1.003745640654017200e+16
9.924869621189730000e+15
8.506499789756813000e+15
6.376912559082737000e+15
4.225250224325270000e+15
2.653555059168750500e+15
2.024377687999149750e+15
2.377911715237845000e+15
3.439358381551835500e+15
4.712880372474859000e+15
5.635638100413018000e+15
5.749217364968287000e+15
4.839723593787393000e+15
3.004477503707543000e+15
6.225595222471696250e+14
-1.764783403809057500e+15
-3.627602646617286500e+15
-4.617885822393896000e+15
-4.679834464578449000e+15
-4.062973176892930500e+15
-3.236096756565806000e+15
-2.734377032036582000e+15
-2.992166934890212500e+15
-4.213881341040240500e+15
-6.317772474044143000e+15
-8.961807960323675000e+15
-1.163661848538317800e+16
-1.379446216997335600e+16
-1.497787979443532400e+16
-1.491686481638892200e+16
-1.357564981354555600e+16
-1.114537122959784000e+16
-7.992671393663548000e+15
-4.583385681850485000e+15
-1.402875777475555250e+15
1.110458859698739250e+15
2.612500206690596000e+15
2.886368496259938000e+15
1.870152554622752750e+15
-3.170026055392107500e+14
-3.358518550218499000e+15
-6.750606495617477000e+15
-9.854440207761048000e+15
-1.199324491616215000e+16
-1.258029013886937000e+16
-1.125022579494808600e+16
-7.961136930600938000e+15
-3.038590728970595000e+15
2.855943687463330000e+15
8.833771784147248000e+15
1.394746795847978000e+16
1.738473266604282400e+16
1.864302497871214000e+16
1.764195719553945800e+16
1.474457533489884000e+16
1.068116513421076600e+16
6.393115296797398000e+15
2.833079387994297000e+15
7.671680272432262500e+14
6.240166355021146250e+14
2.424059564058077500e+15
5.801451104192932000e+15
1.010545575932197200e+16
1.454661608962904800e+16
1.834475206761992800e+16
2.084414231490901200e+16
2.158050449285194400e+16
2.030424493783199200e+16
1.697602029036830800e+16
1.175130172056930200e+16
4.963050362482719000e+15
-2.898621972501915500e+15
-1.121823268663358200e+16
-1.930703154871130000e+16
-2.647737389827185600e+16
-3.213022969769177600e+16
-3.583737367294355200e+16
-3.739748272255103200e+16
-3.685158416321994400e+16
-3.445552036641401600e+16
-3.061983529098135200e+16
-2.583533269486182000e+16
-2.060254632574548400e+16
-1.537644170092557800e+16
-1.052858293703453600e+16
-6.323283105188157000e+15
-2.904592753609916500e+15
-2.955320117068985625e+14
1.585465720170877500e+15
2.887846946295399500e+15
3.776917801480198000e+15
4.381320394666131000e+15
4.760050641069725000e+15
4.904771498939829000e+15
4.779747352633801000e+15
4.384674612461036000e+15
3.813137481017928000e+15
3.277737406980642500e+15
3.084005015807684500e+15
3.555294829923862500e+15
4.931806811439418000e+15
7.279318970831851000e+15
1.044141735211521400e+16
1.405319589827840800e+16
1.761169938417070400e+16
2.057875951561961200e+16
2.248362599775960000e+16
2.299829245712508400e+16
2.197330522318052000e+16
1.943753456900754000e+16
1.557453716915262400e+16
1.068858827275976000e+16
5.168493546880267000e+15
-5.481751653544814375e+14
-6.010628724570976000e+15
-1.079078911544066000e+16
-1.451915297063844200e+16
-1.691860834304948600e+16
-1.783233750558496600e+16
-1.724063277885156600e+16
-1.526194189128227600e+16
-1.213682028927663200e+16
-8.198405534157876000e+15
-3.837066139146239500e+15
5.329902876387426250e+14
4.502074752129956000e+15
7.691965017791824000e+15
9.788706857617752000e+15
1.058562462156308000e+16
1.003254581798092400e+16
8.277805039738145000e+15
5.684242885848724000e+15
2.802301994257528500e+15
2.930096555864727500e+14
-1.191727410595818250e+15
-1.149785190515923500e+15
6.401974902465215000e+14
4.029604260700763500e+15
8.479597407720170000e+15
1.312708185035626600e+16
1.693797991639136800e+16
1.892567684434284400e+16
1.838647276697436000e+16
1.508660729749620200e+16
9.339986130242430000e+15
1.946108154860820000e+15
-5.996509191032763000e+15
-1.334499122951832200e+16
-1.915986259298204800e+16
-2.288053783301807200e+16
-2.439310173834828400e+16
-2.399015509891488000e+16
-2.224948178578516800e+16
-1.987078068023287600e+16
-1.750929797009872200e+16
-1.563801143251120600e+16
-1.446114203625831400e+16
-1.389271855499256800e+16
-1.360258017387425800e+16
-1.311785422472110000e+16
-1.195408792445342200e+16
-9.742827861471398000e+15
-6.325309822166364000e+15
-1.793801864315189000e+15
3.522047363112927500e+15
9.112830925131910000e+15
1.437279966081566000e+16
1.869165204390507600e+16
2.154370329902036000e+16
2.256983250577999200e+16
2.164845327382745200e+16
1.894550657245064800e+16
1.492486836167401000e+16
1.029870489407953800e+16
5.908764026934069000e+15
2.553487592547234000e+15
8.019684641454467500e+14
8.499531146099271250e+14
2.465980503613343000e+15
5.048215067597298000e+15
7.776117630643616000e+15
9.811291669075900000e+15
1.048999651121033600e+16
9.458286187820776000e+15
6.723533289347587000e+15
2.622703879003562000e+15
-2.271714808881377000e+15
-7.278270524341904000e+15
-1.173752760319793600e+16
-1.512662765590581600e+16
-1.714331634767353400e+16
-1.774910756249643400e+16
-1.716373938883892200e+16
-1.580770630035489600e+16
-1.419865245453976800e+16
-1.281985951998859600e+16
-1.199113740359175800e+16
-1.177843158931885400e+16
-1.197297205126143800e+16
-1.215190978209709000e+16
-1.180477165636806800e+16
-1.048505891892207400e+16
-7.936371593894776000e+15
-4.153484590950654000e+15
6.341421497041160000e+14
6.038995388373290000e+15
1.161544286174973400e+16
1.694388307516170400e+16
2.167345657810874400e+16
2.551967390944075200e+16
2.823470908820355200e+16
2.958035379630551600e+16
2.933159689728200400e+16
2.732251625080207600e+16
2.352228039522228400e+16
1.810893854812294400e+16
1.150319153199153000e+16
4.337523560033022000e+15
-2.638153172324949000e+15
-8.688325824481066000e+15
-1.322348900321299800e+16
-1.589908348745945000e+16
-1.666421573976015000e+16
-1.575637458692445200e+16
-1.364565553241258800e+16
-1.093594264253230400e+16
-8.237455635454581000e+15
-6.035619430121548000e+15
-4.588729812051403000e+15
-3.883492817821677500e+15
-3.662041450659514000e+15
-3.513349370459323000e+15
-3.004477915831765000e+15
-1.817771962103131750e+15
1.414212177723740000e+14
2.696589858930698000e+15
5.428942994935496000e+15
7.780500308499163000e+15
9.204374888953932000e+15
9.316036031167510000e+15
7.995536790251705000e+15
5.407046712178781000e+15
1.933028354399520500e+15
-1.947953697291052500e+15
-5.792992671330411000e+15
-9.291579673736958000e+15
-1.230120480158536800e+16
-1.482033236042361800e+16
-1.691845664827515600e+16
-1.865412787119657200e+16
-2.001094354193328000e+16
-2.087087587763487600e+16
-2.102931345799834800e+16
-2.024306796452664000e+16
-1.829499159516433600e+16
-1.505746860439632200e+16
-1.054047948492188400e+16
-4.915833039399477000e+15
1.485186825641543250e+15
8.199873180588326000e+15
1.468500732753424000e+16
2.038573318290310800e+16
2.481369334717790400e+16
2.762055402436105200e+16
2.864941175108182800e+16
2.794808913545179600e+16
2.573722908387552800e+16
2.234082492467263200e+16
1.810171151249177200e+16
1.331186920256919400e+16
8.181871543563163000e+15
2.857106027212520500e+15
-2.531716440720570500e+15
-7.810274724067284000e+15
-1.272317110193818800e+16
-1.693649666485496600e+16
-2.008373131962964000e+16
-2.184224022548160800e+16
-2.201716281207189600e+16
-2.060675634945060400e+16
-1.782823189077606600e+16
-1.409392692204164200e+16
-9.941869104964900000e+15
-5.938486550301589000e+15
-2.579728358745761000e+15
-2.161899722688804688e+14
9.826577804319186250e+14
1.025589783711353750e+15
7.120014458158023438e+13
-1.609531457351750500e+15
-3.669308192304578000e+15
-5.718790804219927000e+15
-7.364952631051792000e+15
-8.258153463894405000e+15
-8.145496513197853000e+15
-6.920247836674980000e+15
-4.653526435774823000e+15
-1.596676085655579250e+15
1.850607623353371500e+15
5.203203100952869000e+15
7.974244335258470000e+15
9.764684961513366000e+15
1.034197942545396200e+16
9.691773471702356000e+15
8.029431336679313000e+15
5.763895838671882000e+15
3.415003291857187500e+15
1.496691289502515000e+15
3.909201068726357500e+14
2.463361160654658125e+14
9.354383427589173750e+14
2.089915892350522250e+15
3.208143695606176500e+15
3.801917882520589000e+15
3.534485630198021500e+15
2.306835349193762000e+15
2.710477645782478750e+14
-2.223220957849768500e+15
-4.723452268556203000e+15
-6.779192657043736000e+15
-8.032552352196308000e+15
-8.280279824499637000e+15
-7.502104601760831000e+15
-5.855653036276538000e+15
-3.642350157675800000e+15
-1.252509145876540750e+15
8.998639320068190000e+14
2.442583725340261500e+15
3.103998221191175500e+15
2.760541178049602000e+15
1.469432144362978000e+15
-5.191410353802920625e+14
-2.778740668744515500e+15
-4.761303663247924000e+15
-5.893707619004918000e+15
-5.708006993456344000e+15
-3.979967784796248000e+15
-8.357819114255038750e+14
3.216357452289611500e+15
7.358904711898807000e+15
1.064030511153378400e+16
1.221412230247957400e+16
1.157386620935779400e+16
8.708675026041180000e+15
4.126369357029558500e+15
-1.267018774354199750e+15
-6.394991388362878000e+15
-1.027608254470902000e+16
-1.224971543380263000e+16
-1.210311310727373400e+16
-1.007481905794979000e+16
-6.748288675201505000e+15
-2.878067938011893000e+15
7.959664155998371250e+14
3.695810635128127000e+15
5.483235382169992000e+15
6.064275405808688000e+15
5.539526539123492000e+15
4.130771536904059500e+15
2.111666349296038500e+15
-2.417765300921228125e+14
-2.677600066307226000e+15
-4.975187083409094000e+15
-6.939424046258376000e+15
-8.388103991073819000e+15
-9.140388555743604000e+15
-9.016141872201282000e+15
-7.855579329104941000e+15
-5.563169725882983000e+15
-2.168830618831622000e+15
2.113449808246315500e+15
6.857760561516788000e+15
1.145464004115010800e+16
1.520530389975137600e+16
1.746706474970113000e+16
1.781256588291184600e+16
1.615433904637687400e+16
1.279183491749813200e+16
8.358762183457029000e+15
3.677722084367860500e+15
-4.421496388153113125e+14
-3.408795634410766000e+15
-4.991579015911400000e+15
-5.359768344551133000e+15
-4.999484910316933000e+15
-4.532953542855348000e+15
-4.497910636494274000e+15
-5.159715285583972000e+15
-6.417358172554672000e+15
-7.832009058553466000e+15
-8.766239477032540000e+15
-8.587988605674208000e+15
-6.875604530446016000e+15
-3.562040598179117500e+15
1.024069285387991250e+15
6.230494140668640000e+15
1.124109746203009600e+16
1.527082070792177600e+16
1.773617571433034600e+16
1.835628026355140000e+16
1.716878919471216600e+16
1.447449807788539400e+16
1.074143812710316000e+16
6.499978960579247000e+15
2.250330764123843500e+15
-1.607921901205790000e+15
-4.821277948018103000e+15
-7.300648561050521000e+15
-9.109680516055828000e+15
-1.042276896325015000e+16
-1.145994055158999800e+16
-1.241458775942585200e+16
-1.339441058651984800e+16
-1.439225774798357400e+16
-1.529306319376617600e+16
-1.591059492609311000e+16
-1.603871957107288800e+16
-1.549953323272053200e+16
-1.417538708749656400e+16
-1.202045568578861000e+16
-9.055926590736048000e+15
-5.357878027587310000e+15
-1.047492213628508250e+15
3.709701744727983000e+15
8.694200488342814000e+15
1.361777590742903400e+16
1.811522317708251200e+16
2.175764196240851600e+16
2.409893332891210400e+16
2.475531229098336400e+16
2.350056611811356400e+16
2.034571704279724000e+16
1.556983031510289600e+16
9.682633707049400000e+15
3.324661253374657500e+15
-2.865075284771357500e+15
-8.372482167460052000e+15
-1.288723570456095600e+16
-1.631958043809571400e+16
-1.875805839339072000e+16
-2.038650825980947200e+16
-2.138691691654378800e+16
-2.185688910197854400e+16
-2.176687971387757600e+16
-2.097195995879340000e+16
-1.927633444482016400e+16
-1.653045533323729400e+16
-1.272717858380980000e+16
-8.061224291711141000e+15
-2.927189874572763500e+15
2.147926447686876000e+15
6.618898012401662000e+15
1.004753226073608200e+16
1.219867729338479000e+16
1.307571409123485400e+16
1.288429132867838400e+16
1.193761872621270000e+16
1.053718119048970800e+16
8.871761543270927000e+15
6.970986110086693000e+15
4.729460928199810000e+15
1.991274940118651750e+15
-1.338275761713979000e+15
-5.198146166775484000e+15
-9.333647613855064000e+15
-1.333388861738808600e+16
-1.673311920860052000e+16
-1.913711578254481600e+16
-2.032402376025080400e+16
-2.028044554453145600e+16
-1.916344308100843200e+16
-1.721251483086392400e+16
-1.465556811466864400e+16
-1.165027097082248000e+16
-8.280078205485930000e+15
-4.595632169330154000e+15
-6.723786143383451250e+14
3.347010308907532000e+15
7.243565422403601000e+15
1.074618427695682000e+16
1.357612211842493800e+16
1.549544270654607400e+16
1.634626467666067400e+16
1.607316022362380000e+16
1.472671053191270200e+16
1.245171158934435400e+16
9.467580408532630000e+15
6.048542955465532000e+15
2.505896719450435000e+15
-8.329941606040575000e+14
-3.657195882484847500e+15
-5.717722336876896000e+15
-6.874407880493230000e+15
-7.123455922811436000e+15
-6.589619873272825000e+15
-5.484234001990983000e+15
-4.048472045074307500e+15
-2.507263448556905500e+15
-1.049554629620959625e+15
1.669016617096909375e+14
1.001473795393260875e+15
1.324948919092574750e+15
1.032486242339163500e+15
7.384924226588153125e+13
-1.510615219914020000e+15
-3.565023582065618500e+15
-5.819015069744571000e+15
-7.921825191722281000e+15
-9.505037346162394000e+15
-1.025984106862846600e+16
-1.000958584831256000e+16
-8.758685441590449000e+15
-6.703214969688496000e+15
-4.196206322441482000e+15
-1.671925092972687500e+15
4.532012359006451875e+14
1.874958990081373000e+15
2.462440784264411500e+15
2.268834433000714500e+15
1.493265477830219500e+15
6.611595427253518336e+18
6.068938077716701184e+18
5.264303188457003008e+18
4.065084119267132928e+18
2.651893305467277824e+18
1.207627747794719232e+18
-9.726288855431843200e+16
-1.145936471801937280e+18
-1.856250895633050624e+18
-2.234156711330616832e+18
-2.314241878350383104e+18
-2.181665512731431424e+18
-1.919678653501580032e+18
-1.609105724675780864e+18
-1.309741800978123520e+18
-1.054251912405015424e+18
-8.433594167672309760e+17
-6.646302756017145600e+17
-5.004978843882755200e+17
-3.422068629031260800e+17
-1.722309551140796480e+17
-7.350121551671907000e+15
1.422560906640643200e+17
2.627895613780367040e+17
3.341484127919650560e+17
3.497920340247895040e+17
3.092561110594370560e+17
2.353151685154657600e+17
1.400735495135908800e+17
4.080796334085576800e+16
-3.438326611426642400e+16
-9.127070231406230400e+16
-1.122542032466840480e+17
-1.140990227286607200e+17
-9.789115657524052800e+16
-8.307121573625035200e+16
-6.809207483904213600e+16
-6.147662963007818400e+16
-5.724212549191052000e+16
-6.336208537192326400e+16
-5.614308586111585600e+16
-4.289796821878814400e+16
-2.320876724383214000e+16
5.870928835720471000e+15
3.454004365318855600e+16
6.348917234968336000e+16
8.001241784772457600e+16
9.236046060906715200e+16
9.000955049805412800e+16
8.063622763627420800e+16
6.864182192469467200e+16
5.083414762247744000e+16
3.516546048795695600e+16
2.062908772236836000e+16
7.932436929218253000e+15
-8.686120232123257000e+15
-2.458982755759976400e+16
-4.423719623088598400e+16
-6.339394405018013600e+16
-7.859763596976824000e+16
-9.223769139877960000e+16
-9.651005106866720000e+16
-9.366801591675840000e+16
-7.526357942253748800e+16
-5.485060695742680000e+16
-2.923837013664719200e+16
-5.636927977478166000e+15
1.626258921329844000e+16
2.725447440858482800e+16
2.715743416412911600e+16
2.439560693216080800e+16
1.866630322848198400e+16
7.068615591474721000e+15
3.344046175369542500e+15
-3.001606209156561500e+15
2.499601690337847500e+14
2.845605605382820000e+15
1.032675002916181400e+16
1.823635987385009600e+16
2.235898263895917200e+16
2.694177828641657600e+16
2.521524459399923200e+16
2.055552966436373600e+16
1.077375322126248600e+16
-1.140163834876854000e+15
-1.579564055102924200e+16
-3.215208817812205200e+16
-4.655082696550842400e+16
-6.255924189834192800e+16
-7.228715345217939200e+16
-8.038752998133372800e+16
-7.316239825080123200e+16
-6.731636356653028000e+16
-5.092441118591974400e+16
-3.090725450659065200e+16
-1.083275155923075400e+16
7.858912018688005000e+15
2.169411629193602800e+16
2.616892917454849200e+16
2.417943949636824000e+16
1.939321883330801200e+16
1.111894345420510400e+16
1.931111161013925250e+15
-7.298969871984321250e+14
-1.694067321177255750e+15
2.819889093768238500e+15
9.298565755356724000e+15
1.831043694825806400e+16
2.411571476812232800e+16
2.671776148799128400e+16
2.369155214330734400e+16
1.965649281916712000e+16
1.233318605059493800e+16
4.206499613485844500e+15
-3.774010466417125500e+15
-9.430089362164948000e+15
-1.721183124143190600e+16
-2.529741842317402000e+16
-3.348791793368855600e+16
-3.645542793587273600e+16
-4.136415378912745600e+16
-4.515416872773789600e+16
-4.295568525409328000e+16
-3.673471864910164000e+16
-2.201252267818250400e+16
-1.174176780319785800e+16
1.851490623776154000e+15
1.336407286374590600e+16
2.042476510254815600e+16
2.259345390174978000e+16
1.988688007750620000e+16
8.230713001080696000e+15
-4.766390863615637000e+15
-2.068029434631608000e+16
-3.369150548446928800e+16
-4.171799227088666400e+16
-4.487256980455612000e+16
-4.330891903980127200e+16
-3.973043441553863200e+16
-3.242663633834180400e+16
-2.572234492831552000e+16
-1.962591601228024000e+16
-1.311715782284571800e+16
-7.626701523321470000e+15
-1.149023225576861250e+15
8.953307370458890000e+15
1.808380803081696400e+16
2.694918624091092400e+16
3.866171932717627200e+16
4.705902026876223200e+16
4.823953679490644000e+16
4.302978361640181600e+16
2.928675761950628800e+16
1.074915143587529600e+16
-6.026389679820131000e+15
-2.530203906249302800e+16
-3.763842873099952800e+16
-4.603541384915037600e+16
-4.913154289656113600e+16
-4.592789180210629600e+16
-4.271036791441519200e+16
-3.460070803313668800e+16
-3.419961825900587600e+16
-3.700685927213285600e+16
-3.479350054981024000e+16
-3.829469702498540800e+16
-4.084916014343964000e+16
-3.829376498074172000e+16
-3.094561332086528000e+16
-2.522085492006037600e+16
-8.666767622419437000e+15
7.243683517394162000e+15
1.749674396909410600e+16
2.944739222183730400e+16
3.587043925807530800e+16
3.516528033203064400e+16
2.779201800363282000e+16
2.228427857387288800e+16
1.417047504978107600e+16
8.452729251204486000e+15
2.506398591147528000e+15
-5.485475089524010156e+13
-1.912348875721681250e+15
-3.445806352065779500e+15
-3.554498956256734000e+15
-8.261370673227081000e+15
-1.473440101315660200e+16
-2.229770719871960000e+16
-2.903089201088009600e+16
-3.259987216678499600e+16
-3.685937704607157600e+16
-3.616529812798820000e+16
-3.185862998377162400e+16
-2.322275744506246800e+16
-1.738379020822534000e+16
-1.362331923921222000e+16
-1.196282212274122000e+16
-1.148581198921881600e+16
-1.069083713502878600e+16
-1.542558801842111600e+16
-1.732179982930815400e+16
-1.659748015876296800e+16
-1.752766487036144000e+16
-1.655070610012393800e+16
-1.915495172261891600e+16
-2.052689388040781200e+16
-2.433403469259385200e+16
-3.017151653679634000e+16
-4.012685430448816000e+16
-4.680762807352452800e+16
-5.151252715309886400e+16
-4.905889878639756800e+16
-4.384529150309491200e+16
-3.572137472911200800e+16
-2.133595444398809200e+16
-1.383385655714476750e+15
1.127820774478529400e+16
1.981304452455910800e+16
2.384294760050086000e+16
2.104022255164125200e+16
1.593159503511330000e+16
2.073325033833254750e+15
-1.113999282347497600e+16
-2.317862664646536400e+16
-3.046984345672198800e+16
-3.356933618954016400e+16
-2.897685432885794000e+16
-2.490713551777136000e+16
-1.935007402104287600e+16
-1.277354265786740800e+16
-1.026995882770238000e+16
-9.789490755837478000e+15
-1.282215155111247200e+16
-1.403188538095179800e+16
-1.831802088242990400e+16
-2.061750777440431200e+16
-2.382755967564846000e+16
-2.059792796786858400e+16
-1.658101474031577600e+16
-1.324672377401237400e+16
-1.038681687754105600e+16
-7.560114357485693000e+15
-1.048678281655989800e+16
-1.252274871688092600e+16
-1.563379729952799200e+16
-2.133952369837914000e+16
-2.330121238519467600e+16
-2.862987300192055600e+16
-3.078507011506278000e+16
-3.138057682124262000e+16
-2.946256400333790800e+16
-2.527774751494155600e+16
-2.092273844280450800e+16
-1.754968964405708200e+16
-1.209589228148727800e+16
-8.657748538739095000e+15
-6.304267539925255000e+15
-5.440511181375019000e+15
-1.059987273743793400e+16
-1.539230895530001800e+16
-2.551429422194918800e+16
-3.254913294146701600e+16
-4.007323358553695200e+16
-4.684390860651140800e+16
-4.528772683781732800e+16
-4.214045312813117600e+16
-3.234152724506718000e+16
-2.122083851186916400e+16
-4.770217584893418000e+15
6.997826965874804000e+15
2.059541160934842400e+16
2.442179423709442800e+16
2.938336174154499600e+16
2.617115150343207200e+16
1.920014934025062800e+16
7.786923039266269000e+15
-3.420842862302266000e+15
-1.738475733897812800e+16
-2.762847948648346000e+16
-3.973295370868658400e+16
-4.847284896104752800e+16
-5.983165932548476000e+16
-6.643031506600612800e+16
-7.230569745061153600e+16
-7.562211804760732800e+16
-7.273701830487963200e+16
-6.669645875364148000e+16
-5.592391557811551200e+16
-4.184548906645894400e+16
-2.403399605832246000e+16
-7.937548979995427000e+15
5.515875657236717000e+15
1.313050973193892800e+16
1.901900490560305200e+16
1.627250860197480600e+16
1.192071286922406800e+16
5.355912795028768750e+14
-9.071385094442218000e+15
-1.830142339054081600e+16
-2.365430703523022800e+16
-2.435100241320326800e+16
-2.099983795474740400e+16
-1.482803524271263600e+16
-4.339561159082992500e+14
9.153559444161282000e+15
1.468675036730328600e+16
1.684305132978110400e+16
1.330109412107421600e+16
3.586108694601942000e+15
-9.840988533055772000e+15
-2.173894001075465600e+16
-3.364040231828706000e+16
-4.157461669599338400e+16
-4.473401969963172800e+16
-4.228129859630383200e+16
-3.486183277620058000e+16
-2.013437438517477200e+16
-6.165573927080147000e+15
9.457587067953628000e+15
2.022167149834471200e+16
3.271512676566366800e+16
3.772719591618861600e+16
4.000408425762390400e+16
3.969456163687360000e+16
3.255154952631978800e+16
2.471384647383480000e+16
1.088213030673142000e+16
3.329605714420202500e+15
-5.777005826117028000e+15
-1.343593152247878600e+16
-1.946240068827123200e+16
-2.339943447382701200e+16
-2.559824890163432800e+16
-2.731897287147912400e+16
-2.803228222690535600e+16
-2.666453099982170400e+16
-2.729746696049732800e+16
-2.417205583767607200e+16
-2.278531995831163600e+16
-1.866380194305312000e+16
-1.236447846050753600e+16
-4.406410114515922500e+15
2.764212582786827000e+15
9.574163660952218000e+15
1.480582900398741400e+16
1.863016638902007600e+16
2.236058344316452000e+16
1.744630406060947800e+16
1.481923388046101400e+16
7.905571151526560000e+15
1.546853123251781500e+15
-3.483322397025358000e+15
-6.868339770852519000e+15
-8.839442367962962000e+15
-9.192786651991510000e+15
-9.912715403817254000e+15
-1.331085974453379600e+16
-1.401262702466823200e+16
-2.016373952065728400e+16
-2.470504440026662400e+16
-3.221389305118416400e+16
-3.707191050019663200e+16
-4.173190407720982400e+16
-4.308351685322694400e+16
-3.876879241049262400e+16
-3.083167629949765200e+16
-2.236997117960319200e+16
-1.278862837268646400e+16
-5.894800767110701000e+15
1.930335192665217500e+15
6.076476059780296000e+15
6.483975763267779000e+15
5.408878558114834000e+15
4.334549909079705500e+15
-1.887190317121734375e+14
-1.531145772377149000e+15
-3.020387732484031000e+15
-3.236910061641285500e+15
1.594002818115146250e+15
3.920706474015217000e+15
9.217398007903154000e+15
1.329932880654878600e+16
1.687422396578831400e+16
1.814175196428577600e+16
1.720891897928703600e+16
1.496417384268412400e+16
1.162770070813968400e+16
8.106343568872469000e+15
3.947195402535415000e+15
9.670667627948923750e+14
-1.272228983901308250e+15
-4.662214980674148000e+15
-8.904021291150338000e+15
-1.269873134555752000e+16
-1.644254764251999000e+16
-2.081453357169400000e+16
-2.181904093619652000e+16
-2.318352705008490800e+16
-2.369722130844931600e+16
-2.303522752211807600e+16
-1.950159158655011600e+16
-1.709537486375316200e+16
-1.513484878028744800e+16
-1.177789669405306400e+16
-8.539099276644012000e+15
-7.529795903465324000e+15
-4.715286106656049000e+15
-2.779801967745172500e+15
-3.267960417458475000e+14
5.085479160645675000e+15
7.235044147863794000e+15
8.209788673673484000e+15
9.953698069876386000e+15
8.857954007368723000e+15
9.096856773992910000e+15
8.357828890202076000e+15
9.131702215071598000e+15
1.045465525047091000e+16
1.558020180972111600e+16
1.922581559631675600e+16
2.208907548165529200e+16
2.514333216865820400e+16
2.352027180513554000e+16
2.014482328260490400e+16
1.380493807188078200e+16
6.386963876405960000e+15
-7.049629202556416250e+14
-5.121019156129489000e+15
-8.682276426808364000e+15
-9.391812693003752000e+15
-5.982428335323348000e+15
-4.472335575807993125e+14
4.273733899411944000e+15
9.528316680524310000e+15
9.537504870329576000e+15
9.087503380746880000e+15
3.033087912164764000e+15
-2.700164595825822000e+15
-1.077103580707845800e+16
-1.559672601297538800e+16
-1.778630063906873800e+16
-1.733702719649833600e+16
-1.434419697613161000e+16
-7.990715057465311000e+15
-1.954280454773139500e+15
4.131462390750267000e+15
8.453994565604646000e+15
1.161138696308435200e+16
1.340088283169007400e+16
1.172787332006803800e+16
1.083137530360406000e+16
1.071507636523086200e+16
9.947710140071458000e+15
1.040921985121046000e+16
1.028047102046050200e+16
9.348301497506226000e+15
9.550627534538308000e+15
8.365787676006080000e+15
6.531943857422486000e+15
4.180282441349281500e+15
2.175002466407810250e+15
1.686190310172422000e+15
1.394270925309549000e+15
1.472119371717324000e+15
1.821678769975090250e+15
1.604438848958390000e+15
1.114032098628491625e+15
5.006485888721794375e+14
-1.255015569138389000e+15
-4.222837049258159000e+15
-8.258443954404497000e+15
-1.161393393544236400e+16
-1.303895580694306000e+16
-1.416089059632232600e+16
-1.373785828439487400e+16
-1.238172920362258600e+16
-1.141826005398144000e+16
-1.034282091393437000e+16
-8.780871330119518000e+15
-7.584835096989957000e+15
-7.331930750597071000e+15
-8.392907721036157000e+15
-9.562886659091112000e+15
-1.117734600397260800e+16
-1.185734319666484000e+16
-1.310701017318025800e+16
-1.644572108639467800e+16
-1.913516561273214800e+16
-2.311428994055260400e+16
-2.615674256605528800e+16
-2.721862150090000800e+16
-2.580458718848568800e+16
-2.151645100764710000e+16
-1.351498929687958400e+16
-1.123594517656192750e+15
1.535213335365793200e+16
3.162805088573466800e+16
4.850076896639272000e+16
6.173156198840033600e+16
7.053687726772593600e+16
7.562015394147547200e+16
6.478837148683180800e+16
5.212150043114105600e+16
3.483221753403825600e+16
1.527830705941361200e+16
-3.270877519320442000e+15
-2.039430892138787200e+16
-3.254908626821911600e+16
-4.040167698125639200e+16
-4.388999413901627200e+16
-4.354541273129054400e+16
-4.025452321772685600e+16
-3.542148727001712800e+16
-2.937797716218422000e+16
-2.317610376094762400e+16
-1.722503767829856600e+16
-1.112613875448377800e+16
-5.509731524190404000e+15
-2.461750376477585000e+14
4.227708435115252500e+15
8.011879975198887000e+15
9.584495240332276000e+15
9.919190895571404000e+15
8.559041836022806000e+15
7.165315099024885000e+15
4.546635707424212000e+15
1.878787078581074000e+15
-3.399066368901336250e+14
-1.584361555232267000e+15
-1.971510828133547250e+15
-7.709151204015032500e+14
3.817838296511808750e+14
1.436481817810523750e+15
1.750560117165374750e+15
1.441919284611504750e+15
5.060675291614431250e+13
-1.575222323018622250e+15
-3.632535302981517500e+15
-5.675467451194424000e+15
-7.430076524128563000e+15
-8.565129486714814000e+15
-9.116196268879584000e+15
-9.373824752919980000e+15
-9.140123863002000000e+15
-9.004875379708887000e+15
-8.485670652669388000e+15
-6.810628530417618000e+15
-5.385388781523369000e+15
-2.504832812587167000e+15
1.196875587771766406e+14
3.365286714331135500e+15
5.904638994273056000e+15
8.259543619157049000e+15
8.864784174939802000e+15
7.612938209211713000e+15
5.018235309252061000e+15
-3.189624552915201953e+13
-4.730843400724182000e+15
-9.984218981036062000e+15
-1.369412958190926600e+16
-1.576718513468525200e+16
-1.579273173449770600e+16
-1.307880395464886400e+16
-7.095080282140756000e+15
-5.434738761183010156e+13
7.758344664682224000e+15
1.489463965842189400e+16
2.126735250797829200e+16
2.463529232414883200e+16
2.555149834183576000e+16
2.431256774244392800e+16
1.956021324803959600e+16
1.376400116845676400e+16
7.103202525525197000e+15
8.151216816509228750e+14
-4.317384757646407000e+15
-6.938104448149701000e+15
-7.167612631305995000e+15
-5.423625188188741000e+15
-1.857842327967937500e+15
2.564372171288693500e+15
6.903635398796469000e+15
1.015297822175788400e+16
1.261019043791545200e+16
1.231910171840597200e+16
1.034997300307255200e+16
6.592837425128724000e+15
1.445029020208712500e+15
-3.734669920910031500e+15
-8.747832334910494000e+15
-1.345557362884888200e+16
-1.606348258947420000e+16
-1.841749034739921600e+16
-1.922836893540908000e+16
-1.930676737650678400e+16
-1.816946920295343600e+16
-1.598372141487991400e+16
-1.379795975149314400e+16
-1.110525041186352600e+16
-7.791033733420605000e+15
-4.159654505513658000e+15
-3.849968121915523125e+14
3.900079940813578500e+15
7.203655681676701000e+15
1.055301640411505600e+16
1.315708974255198200e+16
1.419312493675910600e+16
1.504623221333185400e+16
1.423575687083147200e+16
1.252807420296274800e+16
9.949798515388114000e+15
7.253814891320876000e+15
4.104431291845491000e+15
1.412304027788108750e+15
-1.401153050012215250e+15
-3.684444622826572000e+15
-6.054981356908741000e+15
-8.413571217364211000e+15
-9.812853523070842000e+15
-1.018029764853185800e+16
-9.953991496363380000e+15
-9.293427348694354000e+15
-7.396371192013746000e+15
-4.887024491621813000e+15
-1.849869328182785000e+15
1.121456276843057750e+15
3.777986025720133500e+15
5.492774093835358000e+15
7.154996958437382000e+15
7.511401666277716000e+15
8.011387116061820000e+15
8.078517490632880000e+15
7.806863497554447000e+15
7.139912463782895000e+15
6.139092054804646000e+15
5.602129238396367000e+15
4.032966732270189500e+15
2.178387559241265500e+15
-8.288021663995656250e+14
-4.109324481835403000e+15
-8.362744165120520000e+15
-1.257888697166539600e+16
-1.683584475732255600e+16
-1.931850224763299600e+16
-2.075303367584020800e+16
-1.975563773555728000e+16
-1.754258918490671000e+16
-1.268004997232710000e+16
-6.191730176155810000e+15
3.660761665121981875e+14
7.394771104986255000e+15
1.387180204491485400e+16
1.898456279536445200e+16
2.222325160978764800e+16
2.354397008410622000e+16
2.232872069555135200e+16
1.933309847178996800e+16
1.460028198780863400e+16
8.042683223984869000e+15
1.815771338028821000e+15
-5.508115067452143000e+15
-1.184365551030940600e+16
-1.625938862935075400e+16
-1.920501519823506800e+16
-1.987484025740169200e+16
-1.913772689046676800e+16
-1.669852737338621800e+16
-1.289950929748535000e+16
-8.500064569908126000e+15
-3.811190109646680500e+15
7.458801516563823750e+14
4.383396913467635500e+15
7.513373511073307000e+15
1.018964117867241200e+16
1.174432961982179400e+16
1.262345143779790000e+16
1.217076640790520400e+16
1.129919437884538400e+16
9.860147863907640000e+15
7.705833614832905000e+15
5.211837978119547000e+15
2.124957319900619500e+15
-9.256667348356662500e+14
-4.216188917878634500e+15
-6.227268189932899000e+15
-8.892185794279997000e+15
-9.596109886125076000e+15
-9.637856198763296000e+15
-8.738328081834825000e+15
-6.840758879234093000e+15
-4.293898415684428000e+15
-2.098741774363493000e+15
-3.651355519951715000e+14
1.290271454911434000e+15
2.082311372700692250e+15
2.804645692913336000e+15
3.886842102780085000e+15
4.626890805603861000e+15
6.583112412872082000e+15
8.852160227604743000e+15
1.200933299454739400e+16
1.368185521779099600e+16
1.580145363653686000e+16
1.648705863806652400e+16
1.648470763659919000e+16
1.467552613932660800e+16
1.246805135554161000e+16
8.838030380022116000e+15
4.850835615197332000e+15
8.037585748937238750e+14
-2.517845394277376000e+15
-5.190094888809828000e+15
-8.065891980767742000e+15
-9.546746183107796000e+15
-1.081823718393967200e+16
-1.093877628503148400e+16
-1.035346019030939800e+16
-1.037346803259827600e+16
-9.380316068534722000e+15
-7.881370109504437000e+15
-6.127559823859850000e+15
-4.392888635019704000e+15
-3.280353966182276000e+15
-2.132161541211130500e+15
-9.466189179531375000e+14
-8.946722119810490000e+14
-5.519250728494401875e+14
-7.384231908303617500e+14
-9.728326589348553750e+14
-9.826262930919908750e+14
-4.598406656257715625e+14
1.901706131286180859e+13
1.090867366470268875e+15
2.110149009159430000e+15
2.729344387843946500e+15
2.948060084758258500e+15
2.238584542567542500e+15
1.157727649634380250e+15
-5.471698807080532500e+14
-2.757447345156904500e+15
-3.752401809345998000e+15
-5.218589395181734000e+15
-4.968271843081323000e+15
-3.845165705069518500e+15
-9.420678335440742500e+14
3.460927823842026500e+15
8.071150120627763000e+15
1.247195698205860400e+16
1.607098331848505000e+16
1.786937890148902600e+16
1.830415896856604800e+16
1.620101532017794200e+16
1.256827199501079200e+16
8.014259124321467000e+15
3.010828696602335500e+15
-9.578731590007836250e+14
-5.305518740661791000e+15
-7.865109040853448000e+15
-8.950684200818312000e+15
-9.312248049459298000e+15
-8.483533415417253000e+15
-8.891282126139397000e+15
-9.467955802210152000e+15
-9.601937018144034000e+15
-1.018007576083849000e+16
-1.041764526191905200e+16
-1.068725053887761600e+16
-1.012804907781839200e+16
-7.626851611233271000e+15
-4.144410468737071000e+15
1.890054103733178500e+15
8.534612579666493000e+15
1.574957390945649400e+16
2.332183405558522400e+16
2.905646392775388800e+16
3.198394510594866000e+16
3.295914906711778000e+16
3.011287286308128400e+16
2.488184661557758000e+16
1.678396671352517800e+16
7.166628967767119000e+15
-3.705874151911685000e+15
-1.383306942323305200e+16
-2.233386307725469200e+16
-2.872571682537412000e+16
-3.270560246444750400e+16
-3.432728142499916400e+16
-3.319685350142348400e+16
-3.044861160504672800e+16
-2.612316495842400000e+16
-2.190191240577597200e+16
-1.769951730126168000e+16
-1.294399503078017600e+16
-8.701345593963446000e+15
-4.639657595266227000e+15
-1.064052298041895250e+15
2.857718553094670000e+15
7.001532452105876000e+15
1.162149718275929400e+16
1.502349021708425600e+16
1.818681773757061200e+16
1.872689225483791600e+16
1.956337206232877200e+16
1.770609396142204200e+16
1.584781043896421400e+16
1.178351688969609200e+16
7.540398880349381000e+15
3.690561350646301000e+15
1.787393035629653438e+14
-2.268055557578524500e+15
-3.787013427090116500e+15
-4.122421913961851000e+15
-4.056851561428424000e+15
-3.224409274370913000e+15
-2.208741970071210000e+15
-1.534920933246005250e+15
-1.390174919308484000e+15
-1.858562503631934250e+15
-2.093117697041724250e+15
-3.251749523548211000e+15
-3.464269239103420500e+15
-4.178246410333190000e+15
-3.872069271842365500e+15
-3.802560450101041500e+15
-3.356364567212325500e+15
-2.519280041731192500e+15
-2.527137085484787000e+15
-2.664002959269942500e+15
-2.734100264785799500e+15
-3.568693949037148000e+15
-4.137567757452106500e+15
-5.338166016160230000e+15
-5.935821046066955000e+15
-7.285379636099540000e+15
-7.752826257039763000e+15
-7.626048586455401000e+15
-6.258811461468665000e+15
-4.443104996215256000e+15
-1.695722180713776500e+15
1.402411655167171750e+15
5.291770519056398000e+15
9.996932032138584000e+15
1.231864740040926200e+16
1.551473634199710200e+16
1.708116851545564800e+16
1.742510959826616600e+16
1.798151908185853600e+16
1.604878287868252000e+16
1.468234435384047400e+16
1.246630363711652200e+16
8.969614551184887000e+15
5.502343273222268000e+15
1.955823011763962500e+15
-1.735351563740678250e+15
-5.381055491131276000e+15
-8.119346221482696000e+15
-1.080272852716200200e+16
-1.178764068766664800e+16
-1.252668760466559400e+16
-1.171105347570352600e+16
-9.989640477486730000e+15
-7.549000678100500000e+15
-5.391527293373969000e+15
-2.615138266017500500e+15
8.960542219353348438e+13
2.566144759360639000e+15
3.896148143398410500e+15
4.967052442785730000e+15
4.363602253273000000e+15
3.905302569143406000e+15
2.959240596359311000e+15
1.662769027823084500e+15
7.084987631625908750e+14
-2.553098558694068125e+14
-8.356419256480683750e+14
-5.578463616363223125e+14
-7.869093060385781250e+14
-1.026392719496903375e+15
-8.213226486145902500e+14
-4.396224158308331250e+14
-3.744501194014420625e+14
-5.608087926278948750e+14
-1.302230206129194500e+15
-1.087709160259694000e+15
-8.745226840084032500e+14
-7.241442708795041250e+14
1.565169659982837812e+14
1.085795725824319500e+15
1.765098495409377250e+15
2.998400145217065500e+15
3.633689825752314000e+15
3.215179388864265000e+15
1.825601065770688750e+15
5.343763454615707500e+14
-2.144561186248152000e+15
-4.385196863857180000e+15
-7.703562196602599000e+15
-1.012196372482442400e+16
-1.174157085933969000e+16
-1.300645662308332000e+16
-1.288372576191675600e+16
-1.282059177704085600e+16
-1.232080539120148200e+16
-1.165300870486846600e+16
-1.111092939861379400e+16
-1.102316031428189200e+16
-1.056745524840099600e+16
-9.680256865144970000e+15
-8.226213009321883000e+15
-5.295813457023682000e+15
-2.407236669285199500e+15
2.116073043374917000e+15
5.558466715918987000e+15
8.810615869590523000e+15
1.168068967416381400e+16
1.282516656568482200e+16
1.259403926335107600e+16
1.164318145161570600e+16
9.349805534176288000e+15
7.757831307416914000e+15
5.801198262310071000e+15
4.549494382335897000e+15
4.877937449285310000e+15
5.403443044380910000e+15
7.078669300716187000e+15
9.003257513764945000e+15
1.105762410359580800e+16
1.241613979298813200e+16
1.297188268320569800e+16
1.203150489394003400e+16
9.997625997414746000e+15
6.558547495717859000e+15
2.175306716945000000e+15
-3.038728807927732500e+15
-8.506477165989648000e+15
-1.335438282967144600e+16
-1.793400412602020600e+16
-2.121809194697024000e+16
-2.347200487782758400e+16
-2.355035560290351600e+16
-2.214841688203682800e+16
-1.989355944781948800e+16
-1.690181810497898200e+16
-1.396714972010177000e+16
-1.086729355769699000e+16
-8.323075527206767000e+15
-6.610842887994341000e+15
-4.818275892125141000e+15
-2.818014955849762000e+15
-1.614415972047963000e+15
1.664687682742451750e+15
5.619493739167735000e+15
1.016709623585153400e+16
1.438719689285089000e+16
1.857056513815088800e+16
2.188380511918000800e+16
2.394508163646186000e+16
2.419936253510950000e+16
2.204310796090058000e+16
1.815021388611377600e+16
1.294919397939799000e+16
7.446839102039336000e+15
1.969807634212123000e+15
-3.377578612892354500e+15
-7.428286221796000000e+15
-1.032130417869120400e+16
-1.256770897241379600e+16
-1.413311895949902000e+16
-1.481072342290709600e+16
-1.494724727593291800e+16
-1.460753148456286000e+16
-1.397410918645514200e+16
-1.165141985420015000e+16
-9.407781398624848000e+15
-6.012586316234739000e+15
-2.882862799332625000e+15
-3.631147191904625000e+14
7.325214896321705000e+14
1.525340862394175000e+15
4.037759116189931875e+14
-1.654025636368333000e+15
-5.011808077046642000e+15
-8.556257520440976000e+15
-1.104521039180869200e+16
-1.251193180950098600e+16
-1.276578023062209000e+16
-1.227075384901278800e+16
-1.146585085316601800e+16
-9.713131123563656000e+15
-8.001609324452827000e+15
-6.095242140083034000e+15
-4.405233622714012000e+15
-6.542532094248848750e+14
4.597829951324053000e+15
1.229628462502932400e+16
2.193945641589001600e+16
3.197470210740193600e+16
4.268821006108848800e+16
5.189941549016188800e+16
5.837216740847548000e+16
