1.000000000000000021e-02
2.000000000000000042e-02
2.999999999999999889e-02
4.000000000000000083e-02
5.000000000000000278e-02
5.999999999999999778e-02
7.000000000000000666e-02
8.000000000000000167e-02
9.000000000000001055e-02
1.000000000000000056e-01
1.099999999999999867e-01
1.199999999999999956e-01
1.300000000000000044e-01
1.400000000000000133e-01
1.499999999999999944e-01
1.600000000000000033e-01
1.700000000000000122e-01
1.800000000000000211e-01
1.900000000000000022e-01
2.000000000000000111e-01
2.100000000000000200e-01
2.199999999999999734e-01
2.299999999999999822e-01
2.399999999999999911e-01
2.500000000000000000e-01
2.600000000000000089e-01
2.700000000000000178e-01
2.800000000000000266e-01
2.900000000000000355e-01
2.999999999999999889e-01
3.099999999999999978e-01
3.200000000000000067e-01
3.300000000000000155e-01
3.400000000000000244e-01
3.500000000000000333e-01
3.600000000000000422e-01
3.699999999999999956e-01
3.800000000000000044e-01
3.900000000000000133e-01
4.000000000000000222e-01
4.100000000000000311e-01
4.200000000000000400e-01
4.300000000000000488e-01
4.399999999999999467e-01
4.499999999999999556e-01
4.599999999999999645e-01
4.699999999999999734e-01
4.799999999999999822e-01
4.899999999999999911e-01
5.000000000000000000e-01
5.100000000000000089e-01
5.200000000000000178e-01
5.300000000000000266e-01
5.400000000000000355e-01
5.500000000000000444e-01
5.600000000000000533e-01
5.700000000000000622e-01
5.800000000000000711e-01
5.900000000000000799e-01
5.999999999999999778e-01
6.099999999999999867e-01
6.199999999999999956e-01
6.300000000000000044e-01
6.400000000000000133e-01
6.500000000000000222e-01
6.600000000000000311e-01
6.700000000000000400e-01
6.800000000000000488e-01
6.900000000000000577e-01
7.000000000000000666e-01
7.100000000000000755e-01
7.200000000000000844e-01
7.299999999999999822e-01
7.399999999999999911e-01
7.500000000000000000e-01
7.600000000000000089e-01
7.700000000000000178e-01
7.800000000000000266e-01
7.900000000000000355e-01
8.000000000000000444e-01
8.100000000000000533e-01
8.200000000000000622e-01
8.300000000000000711e-01
8.400000000000000799e-01
8.500000000000000888e-01
8.600000000000000977e-01
8.700000000000001066e-01
8.799999999999998934e-01
8.899999999999999023e-01
8.999999999999999112e-01
9.099999999999999201e-01
9.199999999999999289e-01
9.299999999999999378e-01
9.399999999999999467e-01
9.499999999999999556e-01
9.599999999999999645e-01
9.699999999999999734e-01
9.799999999999999822e-01
9.899999999999999911e-01
1.000000000000000000e+00
1.010000000000000009e+00
1.020000000000000018e+00
1.030000000000000027e+00
1.040000000000000036e+00
1.050000000000000044e+00
1.060000000000000053e+00
1.070000000000000062e+00
1.080000000000000071e+00
1.090000000000000080e+00
1.100000000000000089e+00
1.110000000000000098e+00
1.120000000000000107e+00
1.130000000000000115e+00
1.140000000000000124e+00
1.150000000000000133e+00
1.160000000000000142e+00
1.170000000000000151e+00
1.180000000000000160e+00
1.190000000000000169e+00
1.199999999999999956e+00
1.209999999999999964e+00
1.219999999999999973e+00
1.229999999999999982e+00
1.239999999999999991e+00
1.250000000000000000e+00
1.260000000000000009e+00
1.270000000000000018e+00
1.280000000000000027e+00
1.290000000000000036e+00
1.300000000000000044e+00
1.310000000000000053e+00
1.320000000000000062e+00
1.330000000000000071e+00
1.340000000000000080e+00
1.350000000000000089e+00
1.360000000000000098e+00
1.370000000000000107e+00
1.380000000000000115e+00
1.390000000000000124e+00
1.400000000000000133e+00
1.410000000000000142e+00
1.420000000000000151e+00
1.430000000000000160e+00
1.440000000000000169e+00
1.449999999999999956e+00
1.459999999999999964e+00
1.469999999999999973e+00
1.479999999999999982e+00
1.489999999999999991e+00
1.500000000000000000e+00
1.510000000000000009e+00
1.520000000000000018e+00
1.530000000000000027e+00
1.540000000000000036e+00
1.550000000000000044e+00
1.560000000000000053e+00
1.570000000000000062e+00
1.580000000000000071e+00
1.590000000000000080e+00
1.600000000000000089e+00
1.610000000000000098e+00
1.620000000000000107e+00
1.630000000000000115e+00
1.640000000000000124e+00
1.650000000000000133e+00
1.660000000000000142e+00
1.670000000000000151e+00
1.680000000000000160e+00
1.690000000000000169e+00
1.700000000000000178e+00
1.710000000000000187e+00
1.720000000000000195e+00
1.730000000000000204e+00
1.740000000000000213e+00
1.750000000000000222e+00
1.759999999999999787e+00
1.770000000000000018e+00
1.779999999999999805e+00
1.790000000000000036e+00
1.799999999999999822e+00
1.810000000000000053e+00
1.819999999999999840e+00
1.830000000000000071e+00
1.839999999999999858e+00
1.850000000000000089e+00
1.859999999999999876e+00
1.870000000000000107e+00
1.879999999999999893e+00
1.890000000000000124e+00
1.899999999999999911e+00
1.910000000000000142e+00
1.919999999999999929e+00
1.930000000000000160e+00
1.939999999999999947e+00
1.950000000000000178e+00
1.959999999999999964e+00
1.970000000000000195e+00
1.979999999999999982e+00
1.990000000000000213e+00
2.000000000000000000e+00
2.010000000000000231e+00
2.020000000000000018e+00
2.030000000000000249e+00
2.040000000000000036e+00
2.050000000000000266e+00
2.060000000000000053e+00
2.070000000000000284e+00
2.080000000000000071e+00
2.089999999999999858e+00
2.100000000000000089e+00
2.109999999999999876e+00
2.120000000000000107e+00
2.129999999999999893e+00
2.140000000000000124e+00
2.149999999999999911e+00
2.160000000000000142e+00
2.169999999999999929e+00
2.180000000000000160e+00
2.189999999999999947e+00
2.200000000000000178e+00
2.209999999999999964e+00
2.220000000000000195e+00
2.229999999999999982e+00
2.240000000000000213e+00
2.250000000000000000e+00
2.260000000000000231e+00
2.270000000000000018e+00
2.280000000000000249e+00
2.290000000000000036e+00
2.300000000000000266e+00
2.310000000000000053e+00
2.320000000000000284e+00
2.330000000000000071e+00
2.340000000000000302e+00
2.350000000000000089e+00
2.360000000000000320e+00
2.370000000000000107e+00
2.380000000000000338e+00
2.390000000000000124e+00
2.399999999999999911e+00
2.410000000000000142e+00
2.419999999999999929e+00
2.429999999999999716e+00
2.439999999999999947e+00
2.450000000000000178e+00
2.459999999999999964e+00
2.469999999999999751e+00
2.479999999999999982e+00
2.490000000000000213e+00
2.500000000000000000e+00
2.509999999999999787e+00
2.520000000000000018e+00
2.530000000000000249e+00
2.540000000000000036e+00
2.549999999999999822e+00
2.560000000000000053e+00
2.570000000000000284e+00
2.580000000000000071e+00
2.589999999999999858e+00
2.600000000000000089e+00
2.610000000000000320e+00
2.620000000000000107e+00
2.629999999999999893e+00
2.640000000000000124e+00
2.650000000000000355e+00
2.660000000000000142e+00
2.669999999999999929e+00
2.680000000000000160e+00
2.690000000000000391e+00
2.700000000000000178e+00
2.709999999999999964e+00
2.720000000000000195e+00
2.730000000000000426e+00
2.740000000000000213e+00
2.750000000000000000e+00
2.760000000000000231e+00
2.770000000000000462e+00
2.780000000000000249e+00
2.790000000000000036e+00
2.800000000000000266e+00
2.810000000000000497e+00
2.820000000000000284e+00
2.830000000000000071e+00
2.840000000000000302e+00
2.850000000000000533e+00
2.860000000000000320e+00
2.870000000000000107e+00
2.880000000000000338e+00
2.889999999999999680e+00
2.899999999999999911e+00
2.909999999999999698e+00
2.919999999999999929e+00
2.929999999999999716e+00
2.939999999999999947e+00
2.949999999999999734e+00
2.959999999999999964e+00
2.969999999999999751e+00
2.979999999999999982e+00
2.989999999999999769e+00
3.000000000000000000e+00
3.009999999999999787e+00
3.020000000000000018e+00
3.029999999999999805e+00
3.040000000000000036e+00
3.049999999999999822e+00
3.060000000000000053e+00
3.069999999999999840e+00
3.080000000000000071e+00
3.089999999999999858e+00
3.100000000000000089e+00
3.109999999999999876e+00
3.120000000000000107e+00
3.129999999999999893e+00
3.140000000000000124e+00
3.149999999999999911e+00
3.160000000000000142e+00
3.169999999999999929e+00
3.180000000000000160e+00
3.189999999999999947e+00
3.200000000000000178e+00
3.209999999999999964e+00
3.220000000000000195e+00
3.229999999999999982e+00
3.240000000000000213e+00
3.250000000000000000e+00
3.260000000000000231e+00
3.270000000000000018e+00
3.280000000000000249e+00
3.290000000000000036e+00
3.300000000000000266e+00
3.310000000000000053e+00
3.320000000000000284e+00
3.330000000000000071e+00
3.340000000000000302e+00
3.350000000000000089e+00
3.360000000000000320e+00
3.370000000000000107e+00
3.380000000000000338e+00
3.390000000000000124e+00
3.400000000000000355e+00
3.410000000000000142e+00
3.420000000000000373e+00
3.430000000000000160e+00
3.440000000000000391e+00
3.450000000000000178e+00
3.460000000000000409e+00
3.470000000000000195e+00
3.480000000000000426e+00
3.490000000000000213e+00
3.500000000000000444e+00
3.510000000000000231e+00
3.519999999999999574e+00
3.529999999999999805e+00
3.540000000000000036e+00
3.549999999999999822e+00
3.559999999999999609e+00
3.569999999999999840e+00
3.580000000000000071e+00
3.589999999999999858e+00
3.599999999999999645e+00
3.609999999999999876e+00
3.620000000000000107e+00
3.629999999999999893e+00
3.639999999999999680e+00
3.649999999999999911e+00
3.660000000000000142e+00
3.669999999999999929e+00
3.679999999999999716e+00
3.689999999999999947e+00
3.700000000000000178e+00
3.709999999999999964e+00
3.719999999999999751e+00
3.729999999999999982e+00
3.740000000000000213e+00
3.750000000000000000e+00
3.759999999999999787e+00
3.770000000000000018e+00
3.780000000000000249e+00
3.790000000000000036e+00
3.799999999999999822e+00
3.810000000000000053e+00
3.820000000000000284e+00
3.830000000000000071e+00
3.839999999999999858e+00
3.850000000000000089e+00
3.860000000000000320e+00
3.870000000000000107e+00
3.879999999999999893e+00
3.890000000000000124e+00
3.900000000000000355e+00
3.910000000000000142e+00
3.919999999999999929e+00
3.930000000000000160e+00
3.940000000000000391e+00
3.950000000000000178e+00
3.959999999999999964e+00
3.970000000000000195e+00
3.980000000000000426e+00
3.990000000000000213e+00
4.000000000000000000e+00
4.009999999999999787e+00
4.020000000000000462e+00
4.030000000000000249e+00
4.040000000000000036e+00
4.050000000000000711e+00
4.060000000000000497e+00
4.070000000000000284e+00
4.080000000000000071e+00
4.089999999999999858e+00
4.100000000000000533e+00
4.110000000000000320e+00
4.120000000000000107e+00
4.130000000000000782e+00
4.140000000000000568e+00
4.150000000000000355e+00
4.160000000000000142e+00
4.169999999999999929e+00
4.179999999999999716e+00
4.189999999999999503e+00
4.200000000000000178e+00
4.209999999999999964e+00
4.219999999999999751e+00
4.229999999999999538e+00
4.240000000000000213e+00
4.250000000000000000e+00
4.259999999999999787e+00
4.269999999999999574e+00
4.280000000000000249e+00
4.290000000000000036e+00
4.299999999999999822e+00
4.309999999999999609e+00
4.320000000000000284e+00
4.330000000000000071e+00
4.339999999999999858e+00
4.349999999999999645e+00
4.360000000000000320e+00
4.370000000000000107e+00
4.379999999999999893e+00
4.389999999999999680e+00
4.400000000000000355e+00
4.410000000000000142e+00
4.419999999999999929e+00
4.429999999999999716e+00
4.440000000000000391e+00
4.450000000000000178e+00
4.459999999999999964e+00
4.469999999999999751e+00
4.480000000000000426e+00
4.490000000000000213e+00
4.500000000000000000e+00
4.509999999999999787e+00
4.520000000000000462e+00
4.530000000000000249e+00
4.540000000000000036e+00
4.549999999999999822e+00
4.560000000000000497e+00
4.570000000000000284e+00
4.580000000000000071e+00
4.589999999999999858e+00
4.600000000000000533e+00
4.610000000000000320e+00
4.620000000000000107e+00
4.629999999999999893e+00
4.640000000000000568e+00
4.650000000000000355e+00
4.660000000000000142e+00
4.669999999999999929e+00
4.680000000000000604e+00
4.690000000000000391e+00
4.700000000000000178e+00
4.709999999999999964e+00
4.720000000000000639e+00
4.730000000000000426e+00
4.740000000000000213e+00
4.750000000000000000e+00
4.760000000000000675e+00
4.770000000000000462e+00
4.780000000000000249e+00
4.790000000000000036e+00
4.799999999999999822e+00
4.809999999999999609e+00
4.820000000000000284e+00
4.830000000000000071e+00
4.839999999999999858e+00
4.849999999999999645e+00
4.859999999999999432e+00
4.870000000000000107e+00
4.879999999999999893e+00
4.889999999999999680e+00
4.900000000000000355e+00
4.910000000000000142e+00
4.919999999999999929e+00
4.929999999999999716e+00
4.939999999999999503e+00
4.950000000000000178e+00
4.959999999999999964e+00
4.969999999999999751e+00
4.980000000000000426e+00
4.990000000000000213e+00
5.000000000000000000e+00
5.009999999999999787e+00
5.019999999999999574e+00
5.030000000000000249e+00
5.040000000000000036e+00
5.049999999999999822e+00
5.060000000000000497e+00
5.070000000000000284e+00
5.080000000000000071e+00
5.089999999999999858e+00
5.099999999999999645e+00
5.110000000000000320e+00
5.120000000000000107e+00
5.129999999999999893e+00
5.140000000000000568e+00
5.150000000000000355e+00
5.160000000000000142e+00
5.169999999999999929e+00
5.179999999999999716e+00
5.190000000000000391e+00
5.200000000000000178e+00
5.209999999999999964e+00
5.220000000000000639e+00
5.230000000000000426e+00
5.240000000000000213e+00
5.250000000000000000e+00
5.259999999999999787e+00
5.270000000000000462e+00
5.280000000000000249e+00
5.290000000000000036e+00
5.300000000000000711e+00
5.310000000000000497e+00
5.320000000000000284e+00
5.330000000000000071e+00
5.339999999999999858e+00
5.350000000000000533e+00
5.360000000000000320e+00
5.370000000000000107e+00
5.380000000000000782e+00
5.390000000000000568e+00
5.400000000000000355e+00
5.410000000000000142e+00
5.419999999999999929e+00
5.430000000000000604e+00
5.440000000000000391e+00
5.450000000000000178e+00
5.460000000000000853e+00
5.470000000000000639e+00
5.480000000000000426e+00
5.490000000000000213e+00
5.500000000000000000e+00
5.510000000000000675e+00
5.520000000000000462e+00
5.530000000000000249e+00
5.540000000000000924e+00
5.550000000000000711e+00
5.560000000000000497e+00
5.570000000000000284e+00
5.580000000000000071e+00
5.590000000000000746e+00
5.600000000000000533e+00
5.610000000000000320e+00
5.620000000000000995e+00
5.630000000000000782e+00
5.640000000000000568e+00
5.650000000000000355e+00
5.660000000000000142e+00
5.670000000000000817e+00
5.680000000000000604e+00
5.690000000000000391e+00
5.700000000000001066e+00
5.710000000000000853e+00
5.720000000000000639e+00
5.730000000000000426e+00
5.740000000000000213e+00
5.750000000000000888e+00
5.760000000000000675e+00
5.769999999999999574e+00
5.779999999999999361e+00
5.789999999999999147e+00
5.799999999999999822e+00
5.809999999999999609e+00
5.819999999999999396e+00
5.830000000000000071e+00
5.839999999999999858e+00
5.849999999999999645e+00
5.859999999999999432e+00
5.869999999999999218e+00
5.879999999999999893e+00
5.889999999999999680e+00
5.899999999999999467e+00
5.910000000000000142e+00
5.919999999999999929e+00
5.929999999999999716e+00
5.939999999999999503e+00
5.949999999999999289e+00
5.959999999999999964e+00
5.969999999999999751e+00
5.979999999999999538e+00
5.990000000000000213e+00
6.000000000000000000e+00
6.009999999999999787e+00
6.019999999999999574e+00
6.029999999999999361e+00
6.040000000000000036e+00
6.049999999999999822e+00
6.059999999999999609e+00
6.070000000000000284e+00
6.080000000000000071e+00
6.089999999999999858e+00
6.099999999999999645e+00
6.109999999999999432e+00
6.120000000000000107e+00
6.129999999999999893e+00
6.139999999999999680e+00
6.150000000000000355e+00
6.160000000000000142e+00
6.169999999999999929e+00
6.179999999999999716e+00
6.189999999999999503e+00
6.200000000000000178e+00
6.209999999999999964e+00
6.219999999999999751e+00
6.230000000000000426e+00
6.240000000000000213e+00
6.250000000000000000e+00
6.259999999999999787e+00
6.269999999999999574e+00
6.280000000000000249e+00
6.290000000000000036e+00
6.299999999999999822e+00
6.310000000000000497e+00
6.320000000000000284e+00
6.330000000000000071e+00
6.339999999999999858e+00
6.349999999999999645e+00
6.360000000000000320e+00
6.370000000000000107e+00
6.379999999999999893e+00
6.390000000000000568e+00
6.400000000000000355e+00
6.410000000000000142e+00
6.419999999999999929e+00
6.429999999999999716e+00
6.440000000000000391e+00
6.450000000000000178e+00
6.459999999999999964e+00
6.470000000000000639e+00
6.480000000000000426e+00
6.490000000000000213e+00
6.500000000000000000e+00
6.509999999999999787e+00
6.520000000000000462e+00
6.530000000000000249e+00
6.540000000000000036e+00
6.550000000000000711e+00
6.560000000000000497e+00
6.570000000000000284e+00
6.580000000000000071e+00
6.589999999999999858e+00
6.600000000000000533e+00
6.610000000000000320e+00
6.620000000000000107e+00
6.630000000000000782e+00
6.640000000000000568e+00
6.650000000000000355e+00
6.660000000000000142e+00
6.669999999999999929e+00
6.680000000000000604e+00
6.690000000000000391e+00
6.700000000000000178e+00
6.710000000000000853e+00
6.720000000000000639e+00
6.730000000000000426e+00
6.740000000000000213e+00
6.750000000000000000e+00
6.760000000000000675e+00
6.770000000000000462e+00
6.780000000000000249e+00
6.790000000000000924e+00
6.800000000000000711e+00
6.810000000000000497e+00
6.820000000000000284e+00
6.830000000000000071e+00
6.840000000000000746e+00
6.850000000000000533e+00
6.860000000000000320e+00
6.870000000000000995e+00
6.880000000000000782e+00
6.890000000000000568e+00
6.900000000000000355e+00
6.910000000000000142e+00
6.920000000000000817e+00
6.930000000000000604e+00
6.940000000000000391e+00
6.950000000000001066e+00
6.960000000000000853e+00
6.970000000000000639e+00
6.980000000000000426e+00
6.990000000000000213e+00
7.000000000000000888e+00
7.010000000000000675e+00
7.020000000000000462e+00
7.030000000000001137e+00
7.039999999999999147e+00
7.049999999999999822e+00
7.059999999999999609e+00
7.069999999999999396e+00
7.080000000000000071e+00
7.089999999999999858e+00
7.099999999999999645e+00
7.109999999999999432e+00
7.119999999999999218e+00
7.129999999999999893e+00
7.139999999999999680e+00
7.149999999999999467e+00
7.160000000000000142e+00
7.169999999999999929e+00
7.179999999999999716e+00
7.189999999999999503e+00
7.199999999999999289e+00
7.209999999999999964e+00
7.219999999999999751e+00
7.229999999999999538e+00
7.240000000000000213e+00
7.250000000000000000e+00
7.259999999999999787e+00
7.269999999999999574e+00
7.279999999999999361e+00
7.290000000000000036e+00
7.299999999999999822e+00
7.309999999999999609e+00
7.320000000000000284e+00
7.330000000000000071e+00
7.339999999999999858e+00
7.349999999999999645e+00
7.359999999999999432e+00
7.370000000000000107e+00
7.379999999999999893e+00
7.389999999999999680e+00
7.400000000000000355e+00
7.410000000000000142e+00
7.419999999999999929e+00
7.429999999999999716e+00
7.439999999999999503e+00
7.450000000000000178e+00
7.459999999999999964e+00
7.469999999999999751e+00
7.480000000000000426e+00
7.490000000000000213e+00
7.500000000000000000e+00
7.509999999999999787e+00
7.519999999999999574e+00
7.530000000000000249e+00
7.540000000000000036e+00
7.549999999999999822e+00
7.560000000000000497e+00
7.570000000000000284e+00
7.580000000000000071e+00
7.589999999999999858e+00
7.599999999999999645e+00
7.610000000000000320e+00
7.620000000000000107e+00
7.629999999999999893e+00
7.640000000000000568e+00
7.650000000000000355e+00
7.660000000000000142e+00
7.669999999999999929e+00
7.679999999999999716e+00
7.690000000000000391e+00
7.700000000000000178e+00
7.709999999999999964e+00
7.720000000000000639e+00
7.730000000000000426e+00
7.740000000000000213e+00
7.750000000000000000e+00
7.759999999999999787e+00
7.770000000000000462e+00
7.780000000000000249e+00
7.790000000000000036e+00
7.800000000000000711e+00
7.810000000000000497e+00
7.820000000000000284e+00
7.830000000000000071e+00
7.839999999999999858e+00
7.850000000000000533e+00
7.860000000000000320e+00
7.870000000000000107e+00
7.880000000000000782e+00
7.890000000000000568e+00
7.900000000000000355e+00
7.910000000000000142e+00
7.919999999999999929e+00
7.930000000000000604e+00
7.940000000000000391e+00
7.950000000000000178e+00
7.960000000000000853e+00
7.970000000000000639e+00
7.980000000000000426e+00
7.990000000000000213e+00
8.000000000000000000e+00
8.009999999999999787e+00
8.019999999999999574e+00
8.030000000000001137e+00
8.040000000000000924e+00
8.050000000000000711e+00
8.060000000000000497e+00
8.070000000000000284e+00
8.080000000000000071e+00
8.089999999999999858e+00
8.100000000000001421e+00
8.110000000000001208e+00
8.120000000000000995e+00
8.130000000000000782e+00
8.140000000000000568e+00
8.150000000000000355e+00
8.160000000000000142e+00
8.169999999999999929e+00
8.179999999999999716e+00
8.190000000000001279e+00
8.200000000000001066e+00
8.210000000000000853e+00
8.220000000000000639e+00
8.230000000000000426e+00
8.240000000000000213e+00
8.250000000000000000e+00
8.260000000000001563e+00
8.270000000000001350e+00
8.280000000000001137e+00
8.290000000000000924e+00
8.300000000000000711e+00
8.310000000000000497e+00
8.320000000000000284e+00
8.330000000000000071e+00
8.339999999999999858e+00
8.349999999999999645e+00
8.359999999999999432e+00
8.369999999999999218e+00
8.379999999999999005e+00
8.390000000000000568e+00
8.400000000000000355e+00
8.410000000000000142e+00
8.419999999999999929e+00
8.429999999999999716e+00
8.439999999999999503e+00
8.449999999999999289e+00
8.459999999999999076e+00
8.469999999999998863e+00
8.480000000000000426e+00
8.490000000000000213e+00
8.500000000000000000e+00
8.509999999999999787e+00
8.519999999999999574e+00
8.529999999999999361e+00
8.539999999999999147e+00
8.550000000000000711e+00
8.560000000000000497e+00
8.570000000000000284e+00
8.580000000000000071e+00
8.589999999999999858e+00
8.599999999999999645e+00
8.609999999999999432e+00
8.619999999999999218e+00
8.629999999999999005e+00
8.640000000000000568e+00
8.650000000000000355e+00
8.660000000000000142e+00
8.669999999999999929e+00
8.679999999999999716e+00
8.689999999999999503e+00
8.699999999999999289e+00
8.710000000000000853e+00
8.720000000000000639e+00
8.730000000000000426e+00
8.740000000000000213e+00
8.750000000000000000e+00
8.759999999999999787e+00
8.769999999999999574e+00
8.779999999999999361e+00
8.789999999999999147e+00
8.800000000000000711e+00
8.810000000000000497e+00
8.820000000000000284e+00
8.830000000000000071e+00
8.839999999999999858e+00
8.849999999999999645e+00
8.859999999999999432e+00
8.870000000000000995e+00
8.880000000000000782e+00
8.890000000000000568e+00
8.900000000000000355e+00
8.910000000000000142e+00
8.919999999999999929e+00
8.929999999999999716e+00
8.939999999999999503e+00
8.949999999999999289e+00
8.960000000000000853e+00
8.970000000000000639e+00
8.980000000000000426e+00
8.990000000000000213e+00
9.000000000000000000e+00
9.009999999999999787e+00
9.019999999999999574e+00
9.030000000000001137e+00
9.040000000000000924e+00
9.050000000000000711e+00
9.060000000000000497e+00
9.070000000000000284e+00
9.080000000000000071e+00
9.089999999999999858e+00
9.099999999999999645e+00
9.109999999999999432e+00
9.120000000000000995e+00
9.130000000000000782e+00
9.140000000000000568e+00
9.150000000000000355e+00
9.160000000000000142e+00
9.169999999999999929e+00
9.179999999999999716e+00
9.190000000000001279e+00
9.200000000000001066e+00
9.210000000000000853e+00
9.220000000000000639e+00
9.230000000000000426e+00
9.240000000000000213e+00
9.250000000000000000e+00
9.259999999999999787e+00
9.269999999999999574e+00
9.280000000000001137e+00
9.290000000000000924e+00
9.300000000000000711e+00
9.310000000000000497e+00
9.320000000000000284e+00
9.330000000000000071e+00
9.339999999999999858e+00
9.350000000000001421e+00
9.360000000000001208e+00
9.370000000000000995e+00
9.380000000000000782e+00
9.390000000000000568e+00
9.400000000000000355e+00
9.410000000000000142e+00
9.419999999999999929e+00
9.429999999999999716e+00
9.440000000000001279e+00
9.450000000000001066e+00
9.460000000000000853e+00
9.470000000000000639e+00
9.480000000000000426e+00
9.490000000000000213e+00
9.500000000000000000e+00
9.510000000000001563e+00
9.520000000000001350e+00
9.530000000000001137e+00
9.540000000000000924e+00
9.550000000000000711e+00
9.560000000000000497e+00
9.570000000000000284e+00
9.580000000000000071e+00
9.589999999999999858e+00
9.599999999999999645e+00
9.609999999999999432e+00
9.619999999999999218e+00
9.629999999999999005e+00
9.640000000000000568e+00
9.650000000000000355e+00
9.660000000000000142e+00
9.669999999999999929e+00
9.679999999999999716e+00
9.689999999999999503e+00
9.699999999999999289e+00
9.709999999999999076e+00
9.719999999999998863e+00
9.730000000000000426e+00
9.740000000000000213e+00
9.750000000000000000e+00
9.759999999999999787e+00
9.769999999999999574e+00
9.779999999999999361e+00
9.789999999999999147e+00
9.800000000000000711e+00
9.810000000000000497e+00
9.820000000000000284e+00
9.830000000000000071e+00
9.839999999999999858e+00
9.849999999999999645e+00
9.859999999999999432e+00
9.869999999999999218e+00
9.879999999999999005e+00
9.890000000000000568e+00
9.900000000000000355e+00
9.910000000000000142e+00
9.919999999999999929e+00
9.929999999999999716e+00
9.939999999999999503e+00
9.949999999999999289e+00
9.960000000000000853e+00
9.970000000000000639e+00
9.980000000000000426e+00
9.990000000000000213e+00
0.000000000000000000e+00
1.262533367064580546e-06
6.604318958122563523e-07
4.749201463570578125e-07
3.957228818724654500e-07
3.617212347936603048e-07
3.535287447079755085e-07
3.639178215901336008e-07
3.904675284291623267e-07
4.331299324862325726e-07
4.932431607190050453e-07
5.730330272397965217e-07
6.752445607464025490e-07
8.026550212697773003e-07
9.571270072617356594e-07
1.137677748406637745e-06
1.337110720397583294e-06
1.537907411629319874e-06
1.711155060610059868e-06
1.824418179105273741e-06
1.858209353803797206e-06
1.817962351558017801e-06
1.729077557501381143e-06
1.621246497806664456e-06
1.516665659208555887e-06
1.427168930880625662e-06
1.356628122200783028e-06
1.304355628228094892e-06
1.267746134305705214e-06
1.243917603630584554e-06
1.230474947642911114e-06
1.225660272452221003e-06
1.228190330328338790e-06
1.237064408776334326e-06
1.251471797883924702e-06
1.270718070259458341e-06
1.294087887127317550e-06
1.320643152336946475e-06
1.349109225784550116e-06
1.377912209320089411e-06
1.405348776431602278e-06
1.429830043797015529e-06
1.450036715473236012e-06
1.464950392701074974e-06
1.473855059667599301e-06
1.476371584263250435e-06
1.472456380842929326e-06
1.462188323329473844e-06
1.445507205764878537e-06
1.422301933437677642e-06
1.392839263683968567e-06
1.358212392417971192e-06
1.320483680527324158e-06
1.282386372005639445e-06
1.246710812813272019e-06
1.215671784534320657e-06
1.190475379717058305e-06
1.171200977975289779e-06
1.157047312130976061e-06
1.146883680352023153e-06
1.139900595857131510e-06
1.136028290990877915e-06
1.135874814981445759e-06
1.140217202571733942e-06
1.149371661234488754e-06
1.162854441906826409e-06
1.179542132676103860e-06
1.198159811815076544e-06
1.217641939035351750e-06
1.237028971890130546e-06
1.254993438634396093e-06
1.269490657039228182e-06
1.278003760787949398e-06
1.278451684936322486e-06
1.270317550354440370e-06
1.255250794242698539e-06
1.236699744702195264e-06
1.218752339958762409e-06
1.204795669624067777e-06
1.196598824006357065e-06
1.194110572797558759e-06
1.195924350795120926e-06
1.200146339657753712e-06
1.205231109828540735e-06
1.210411863613139866e-06
1.215627911191524082e-06
1.221082443542336132e-06
1.226758820934492450e-06
1.232150293199643160e-06
1.236256642209353062e-06
1.237798631198587341e-06
1.235574568496703872e-06
1.228892935770230452e-06
1.217948843877250062e-06
1.203913590910317305e-06
1.188608274667735223e-06
1.173939396238671513e-06
1.161376863015481688e-06
1.151690311515608465e-06
1.144960302571482370e-06
1.140745125262931777e-06
1.138449882847035358e-06
1.137676068600236489e-06
1.138464914485243976e-06
1.141377879188961936e-06
1.147250431206337313e-06
1.156823045828698853e-06
1.170410221223764470e-06
1.187647313004592048e-06
1.207292737593474358e-06
1.227130819650485474e-06
1.244114472754440028e-06
1.254935152494486270e-06
1.256995829138309472e-06
1.249403279583889656e-06
1.233450494719920740e-06
1.212253230471123520e-06
1.189710564635626029e-06
1.169371368725888053e-06
1.153696230725495522e-06
1.143816254757611307e-06
1.139645142692985101e-06
1.140217020406487318e-06
1.144134167223002325e-06
1.150003301445286925e-06
1.156734697729699668e-06
1.163572446281148196e-06
1.169901533830907309e-06
1.175053171527092766e-06
1.178258326734706458e-06
1.178803302925793202e-06
1.176323122572737722e-06
1.171089526595667888e-06
1.164134606132373212e-06
1.157066200085952354e-06
1.151602898039622341e-06
1.148978348418820469e-06
1.149473424014137736e-06
1.152308534838961149e-06
1.156017533117023527e-06
1.159113307518647736e-06
1.160624377038612389e-06
1.160164038156664372e-06
1.157594472675886765e-06
1.152728770075674940e-06
1.145369545597048572e-06
1.135641760268277624e-06
1.124279325488169274e-06
1.112624738475050912e-06
1.102351102025240624e-06
1.095042155290144809e-06
1.091853285876127395e-06
1.093410717888297853e-06
1.099897646716054528e-06
1.111124295703854920e-06
1.126473777766928821e-06
1.144822278676643543e-06
1.164667051489548683e-06
1.184568234826036508e-06
1.203663656838859391e-06
1.221868071699222957e-06
1.239556808993818018e-06
1.256986061407352054e-06
1.273863571213061910e-06
1.289278543952241504e-06
1.302036083761175898e-06
1.311194393881259568e-06
1.316446513645077068e-06
1.318113695633772655e-06
1.316862112566697480e-06
1.313427820852193822e-06
1.308512766932201670e-06
1.302801416916312084e-06
1.296950302730400918e-06
1.291542481505837154e-06
1.287066246621404848e-06
1.283898742507476489e-06
1.282221262975899933e-06
1.281857562735320699e-06
1.282201818808022432e-06
1.282453608648249837e-06
1.282049190908700223e-06
1.280919311317723064e-06
1.279304001774985789e-06
1.277289820919323775e-06
1.274559422148851238e-06
1.270586716042797448e-06
1.264977941541569452e-06
1.257565882818618745e-06
1.248282184123943935e-06
1.237086257375605322e-06
1.224103147620442042e-06
1.209827624799699778e-06
1.195183681472332886e-06
1.181351505392793722e-06
1.169424554558125151e-06
1.160066767989393731e-06
1.153329786133083364e-06
1.148697857982504503e-06
1.145312454176415507e-06
1.142265890532263001e-06
1.138931467506327625e-06
1.135149407482629966e-06
1.131220653105909109e-06
1.127782816109300869e-06
1.125521437292523048e-06
1.124855112345653637e-06
1.125676189420310452e-06
1.127194766278383361e-06
1.127986324111072473e-06
1.126308796404124348e-06
1.120636214168602106e-06
1.110183200606808494e-06
1.095165307285486686e-06
1.076732140401024269e-06
1.056657092290476370e-06
1.036916982240935088e-06
1.019279225628269589e-06
1.004991466944393745e-06
9.946479107505763474e-07
9.882759055757755967e-07
9.855991869789006741e-07
9.863195057243373774e-07
9.903056620495546751e-07
9.976260475344825816e-07
1.008385789607472300e-06
1.022398665654631396e-06
1.038854891398939041e-06
1.056206408703113261e-06
1.072378937490492037e-06
1.085281602407339391e-06
1.093406025485948018e-06
1.096204953942313410e-06
1.094112780429750445e-06
1.088330100304602098e-06
1.080455611758622496e-06
1.072003009330051973e-06
1.064012019482898541e-06
1.056938952056876830e-06
1.050788275793523855e-06
1.045286656047203086e-06
1.039978464460125462e-06
1.034295817026701612e-06
1.027739382079220290e-06
1.020176406058608069e-06
1.012080651874305952e-06
1.004528781087486415e-06
9.988918039808958062e-07
9.963871030836373205e-07
9.977175748564820274e-07
1.002840680384476438e-06
1.010891530812110533e-06
1.020284521473084064e-06
1.029027853842231691e-06
1.035280101746156180e-06
1.037954654577325687e-06
1.037040588077801924e-06
1.033420069264708792e-06
1.028303664410976276e-06
1.022691847124221125e-06
1.017162858685927838e-06
1.011985533645342061e-06
1.007376247251696690e-06
1.003695770286811420e-06
1.001438824453457681e-06
1.001033841574581274e-06
1.002576209828083478e-06
1.005636231597458696e-06
1.009259499831668784e-06
1.012187585174560349e-06
1.013241002547315389e-06
1.011666072079814589e-06
1.007260846395925149e-06
1.000313583028536132e-06
9.914768284276380991e-07
9.815916067002818350e-07
9.714746661482188426e-07
9.617470341043243698e-07
9.527979335072399909e-07
9.449342656872083564e-07
9.385790222480610402e-07
9.343248898670325247e-07
9.327843458034325126e-07
9.342863262227654800e-07
9.385865214052675940e-07
9.447816898821967849e-07
9.515348794613227450e-07
9.575000450625622725e-07
9.616772786885924618e-07
9.635664473887719439e-07
9.631482042834143540e-07
9.608146711080942574e-07
9.573078724858838244e-07
9.535954464871989120e-07
9.506590666265353594e-07
9.492466626652199932e-07
9.496644500023835415e-07
9.516616965939641701e-07
9.544392160968767235e-07
9.568240053802157626e-07
9.576283842946704743e-07
9.560475416769406994e-07
9.520081497399784334e-07
9.462017530528469633e-07
9.396475861324403823e-07
9.331440541377046263e-07
9.269651280980310441e-07
9.209552284076249281e-07
9.148747876150873078e-07
9.087099414104876642e-07
9.027625471611640521e-07
8.975371421682012989e-07
8.935041076721792702e-07
8.908534382773200598e-07
8.893436973656134192e-07
8.883400907357982328e-07
8.870889185606976718e-07
8.851319411970936998e-07
8.826309439921811905e-07
8.803859426544128980e-07
8.795187680177430188e-07
8.809794495712135072e-07
8.851362508485549589e-07
8.916661791286383637e-07
8.997888117886572503e-07
9.086703205719109212e-07
9.176915268024536932e-07
9.264332763022258456e-07
9.345035286804613736e-07
9.414182373054030024e-07
9.466499462050005939e-07
9.497931126263704846e-07
9.507212357209656580e-07
9.496159028995209981e-07
9.468349152345156866e-07
9.427164631172155901e-07
9.374903107726886789e-07
9.313614551196020386e-07
9.245962249896228656e-07
9.174366399775191393e-07
9.098969291091056178e-07
9.016619613017167970e-07
8.922592681588668150e-07
8.813984967007312873e-07
8.692394065340317038e-07
8.564433177636576678e-07
8.440136483998149533e-07
8.330221741673844858e-07
8.243351809320306063e-07
8.184130535441759908e-07
8.152139174640259567e-07
8.142271210969964870e-07
8.146455686274687947e-07
8.156389045913371639e-07
8.166364065574432598e-07
8.175132754735876496e-07
8.186034493731623789e-07
8.205069873207387223e-07
8.237396390463024775e-07
8.283638784780589627e-07
8.337700855292928610e-07
8.387503477874403723e-07
8.418920085918404044e-07
8.421403011797725016e-07
8.392548009235404528e-07
8.339311473150479576e-07
8.275564455055728981e-07
8.217658441431395597e-07
8.179823287972919936e-07
8.170527731306120317e-07
8.190559088489074934e-07
8.233011072722257079e-07
8.285302026586664383e-07
8.332977230713375675e-07
8.363959874948897989e-07
8.371711483121015253e-07
8.356216631619580050e-07
8.322481173290850086e-07
8.277458978835703251e-07
8.227250268125772536e-07
8.176060259039282104e-07
8.126869103212591831e-07
8.082639126076218531e-07
8.046874133552034521e-07
8.023297604028975623e-07
8.015277786486536399e-07
8.025479839175120562e-07
8.055927960658777564e-07
8.108092110887271138e-07
8.182335987145445708e-07
8.277204139805165176e-07
8.389097229303082866e-07
8.512209613289799869e-07
8.638301301609891153e-07
8.756742328750367610e-07
8.855933345986510192e-07
8.926330985794059340e-07
8.964310035862405285e-07
8.974347056323396130e-07
8.967521527721618033e-07
8.956894753213315804e-07
8.951901939384967523e-07
8.954622365521247260e-07
8.959498973828957606e-07
8.956346284377816597e-07
8.935413443954826983e-07
8.892127767533321156e-07
8.829987884767710262e-07
8.760478227907305615e-07
8.699397894806394710e-07
8.660935542827182861e-07
8.652358577653423802e-07
8.672025373599271968e-07
8.711337625256827098e-07
8.759229123240391769e-07
8.806088260827064394e-07
8.845128400769510930e-07
8.871835227734086301e-07
8.883091418244712178e-07
8.877133483663751227e-07
8.854171510092565731e-07
8.816689989000907183e-07
8.768673931954566733e-07
8.714021348433953043e-07
8.655276974822272975e-07
8.593713984599955232e-07
8.530224515934177782e-07
8.466197392591033548e-07
8.404154369787672353e-07
8.348332239874828255e-07
8.304861935206833566e-07
8.280541471362816339e-07
8.280441507526511509e-07
8.305592069543763463e-07
8.351857083771571937e-07
8.410402460782453681e-07
8.469224603415240478e-07
8.515228520583966883e-07
8.536874020683936908e-07
8.526977077404279738e-07
8.484665574466579740e-07
8.415397815579818985e-07
8.329030868498195514e-07
8.237093689413057480e-07
8.150505825820750356e-07
8.078143436603804064e-07
8.025947671969901344e-07
7.996245984337559499e-07
7.987589596805751667e-07
7.995354105799934731e-07
8.012781036112332021e-07
8.031979235387957275e-07
8.045129709510496745e-07
8.046302188950575144e-07
8.033453471278230549e-07
8.009488146392500159e-07
7.981311181533442438e-07
7.957068674084954958e-07
7.942754095220512985e-07
7.939731644145912854e-07
7.943871478044030847e-07
7.946394393136767387e-07
7.936674949412383115e-07
7.906211672541427262e-07
7.852088578439227062e-07
7.778489035074010429e-07
7.695741693061520224e-07
7.617454225598727556e-07
7.556910374114709393e-07
7.523900922561665254e-07
7.522676563451505400e-07
7.551271675060538584e-07
7.602155525978699726e-07
7.664154382879087999e-07
7.725411472094419056e-07
7.776476088715137715e-07
7.812306036503053946e-07
7.832327343020617139e-07
7.838680139186857234e-07
7.833780918036845815e-07
7.818554093228118896e-07
7.792179631838255597e-07
7.753120035261838933e-07
7.700376034507851828e-07
7.634365975718447040e-07
7.557336671877874881e-07
7.473199688299221810e-07
7.386855622276032062e-07
7.303100899751810761e-07
7.225634032066156772e-07
7.156891681346808569e-07
7.098768844529165378e-07
7.053611714563062015e-07
7.024742140239268838e-07
7.015961513749659180e-07
7.029825510624130948e-07
7.065545972516934945e-07
7.117870094478066249e-07
7.177648208362610217e-07
7.233804707831373550e-07
7.275719365987313578e-07
7.295762500266170588e-07
7.290934722756450293e-07
7.263220406220124476e-07
7.219066232314502863e-07
7.167979807085784679e-07
7.120874050432568898e-07
7.088085512831565401e-07
7.076854055533540385e-07
7.088606270670778170e-07
7.117104318816735641e-07
7.148785568819769301e-07
7.166053912938079022e-07
7.153169960850402923e-07
7.102580725230845112e-07
7.018284794332921538e-07
6.914160991141684117e-07
6.808388177537366065e-07
6.717757316570988550e-07
6.654577610676876821e-07
6.626001290398009752e-07
6.634070725006018740e-07
6.675309496137723528e-07
6.740367972395951216e-07
6.815199396445661005e-07
6.884730585545008533e-07
6.937923047986174578e-07
6.971317813528085436e-07
6.988541167534220319e-07
6.996283585337652214e-07
6.999926566328281712e-07
7.001523083918628398e-07
7.000279006628189063e-07
6.993849870705939407e-07
6.979182635450292700e-07
6.952878137827708689e-07
6.911712149808316722e-07
6.853772224851152454e-07
6.779950871197045773e-07
6.694795947944785694e-07
6.605788253843718278e-07
6.521323974587268557e-07
6.448491989478407831e-07
6.391513183956433382e-07
6.351126003967165984e-07
6.324787272947830274e-07
6.307454026794211181e-07
6.292910356692948768e-07
6.275556176866572891e-07
6.252252527982261440e-07
6.223647296051306320e-07
6.194298538454397094e-07
6.171324959423616540e-07
6.161986889100939455e-07
6.171277028945202578e-07
6.200632002901781577e-07
6.248039351414812003e-07
6.309072534295000374e-07
6.378236690010443368e-07
6.450401216378104357e-07
6.522107096472159354e-07
6.592255751664707699e-07
6.661669140354226179e-07
6.731707473537421829e-07
6.802946923523764916e-07
6.874585656514776290e-07
6.944775504821100461e-07
7.011685585289240411e-07
7.074466407307265220e-07
7.133268850687963587e-07
7.188272581080104565e-07
7.238501803144843588e-07
7.281423946554254219e-07
7.313811707249315441e-07
7.333428511448642794e-07
7.340184554699185381e-07
7.335730937509284503e-07
7.322025651487995937e-07
7.300149804966412741e-07
7.270284504851500400e-07
7.232598681971671714e-07
7.188187259619063456e-07
7.139489292886888296e-07
7.089825892650924682e-07
7.042151922440630326e-07
6.997499780872411928e-07
6.953969748109365073e-07
6.907269599152400357e-07
6.853008860398899182e-07
6.789613868316295321e-07
6.719938108241392094e-07
6.650456305035883173e-07
6.588733099533065802e-07
6.540834615069166604e-07
6.510215569530401218e-07
6.498371567454292352e-07
6.506106246757565997e-07
6.534137551559694590e-07
6.582656741538352735e-07
6.650073698125332247e-07
6.731968236385091945e-07
6.820448468208695166e-07
6.905419273112397586e-07
6.977494803362507230e-07
7.030526053875294439e-07
7.063342895791450067e-07
7.079572791140220406e-07
7.085697346367671686e-07
7.088232000369860953e-07
7.091218037704451963e-07
7.095152506582712227e-07
7.097665492313028444e-07
7.095240914307373042e-07
7.084693107606172982e-07
7.063399794638352292e-07
7.028767104247998161e-07
6.978145726795098824e-07
6.910143117725611350e-07
6.826989536910781467e-07
6.736139727486555400e-07
6.649512850590218757e-07
6.580576166212560890e-07
6.540709036766367319e-07
6.536264058610231184e-07
6.567112941009564717e-07
6.626716581278330707e-07
6.703640315536874778e-07
6.784480464669320435e-07
6.857740486137755839e-07
6.917424318865540781e-07
6.964460135292389528e-07
7.004956480605044055e-07
7.046214782928836449e-07
7.092669541167163883e-07
7.143626486966514815e-07
7.193223162147522820e-07
7.232467634785388124e-07
7.252574402119314039e-07
7.248082828316087997e-07
7.218492123320533486e-07
7.167908460421469829e-07
7.103389979130625615e-07
7.033197754052445487e-07
6.965563214640512157e-07
6.907727662179233785e-07
6.864931100655064646e-07
6.839621184454810421e-07
6.831512971580748959e-07
6.838733301061336035e-07
6.859199860261809869e-07
6.891181940821568284e-07
6.932924867286002195e-07
6.982076566224400144e-07
7.035548937389786331e-07
7.089825829693253761e-07
7.141315259606739341e-07
7.186386692800468511e-07
7.221370284325622548e-07
7.242819253926651706e-07
7.248141383828835277e-07
7.236305959493644432e-07
7.207887873784205766e-07
7.164631630521840426e-07
7.109117852507349023e-07
7.044933078212299506e-07
6.977286420233496664e-07
6.913254266184790678e-07
6.861039945171809190e-07
6.828037163518615953e-07
6.818298962814510537e-07
6.830717808364624919e-07
6.858931384201198290e-07
6.893401874846665290e-07
6.925065824183103850e-07
6.948746638398519098e-07
6.964406683690528333e-07
6.975618578428308371e-07
6.986570796685314765e-07
6.999379904345858384e-07
7.012883552028256028e-07
7.023658854806645795e-07
7.028667838042968232e-07
7.027885144170774529e-07
7.025047687197605114e-07
7.025722462074169467e-07
7.034047319297986754e-07
7.050476316349613210e-07
7.072063182973672500e-07
7.094878013029739968e-07
7.116541892065835522e-07
7.137046050668711540e-07
7.157520257085383228e-07
7.178040067315405957e-07
7.196064998777600488e-07
7.206268431347422932e-07
7.201907781862332253e-07
7.177333404627719522e-07
7.130696240141834918e-07
7.065557311067374483e-07
6.989986755084370954e-07
6.913404409618773833e-07
6.842969501702274772e-07
6.781899545296924823e-07
6.730244535987557658e-07
6.686715249955268103e-07
6.650359346333377568e-07
6.621279339254821544e-07
6.600468444439708610e-07
6.589140008013013406e-07
6.587808129415296445e-07
6.595591374804064927e-07
6.610416217585422498e-07
6.630210182308397226e-07
6.654393250666381415e-07
6.684903634780636144e-07
6.725971664846293887e-07
6.782393505087514288e-07
6.856969245611187936e-07
6.948318727077118001e-07
7.050049914494021440e-07
7.151511935061024320e-07
7.239942805627613590e-07
7.303577045910115406e-07
7.334883797296113456e-07
7.332672173560557162e-07
7.302230532320981387e-07
7.253446453545403808e-07
7.197579974302554358e-07
7.144014709304228414e-07
7.098454932853235011e-07
7.063364868402853989e-07
7.039961863073832663e-07
7.029654079592925159e-07
7.033464857152722767e-07
7.049943586211490543e-07
7.073553494540515007e-07
7.095443123516716263e-07
7.106487265357621680e-07
7.101016359822485101e-07
7.079027283140316175e-07
7.045719623211846618e-07
7.009062665352628852e-07
6.976941161685708304e-07
6.955314069747458751e-07
6.947784446289576962e-07
6.955854295486123731e-07
6.979207229824774501e-07
7.015777980308692878e-07
7.061700977181177728e-07
7.111643093366096067e-07
7.159740648583292400e-07
7.201080957605120579e-07
7.233147085350021180e-07
7.256083035658769128e-07
7.271555176353199189e-07
7.281289829729508094e-07
7.286398120015895613e-07
7.287661537737978978e-07
7.285901526546679104e-07
7.281828479755082616e-07
7.275892465243974460e-07
7.268638421791975481e-07
7.261476777815455128e-07
7.257227824916842521e-07
7.259782092988490606e-07
7.272773533288269961e-07
7.297634730434001053e-07
7.332037871934388204e-07
7.369797845134560562e-07
7.402502936792861506e-07
7.422018375336105954e-07
7.422938264318318162e-07
7.404204770275743025e-07
7.368955703454175063e-07
7.322285031403240395e-07
7.268186498477761811e-07
7.207695724072302509e-07
7.139367561436809125e-07
7.061557261229623162e-07
6.974913409545859329e-07
6.883765416664082267e-07
6.795683961004612257e-07
6.719573155789794623e-07
6.663289913317488225e-07
6.631523421313983991e-07
6.624714257005982187e-07
6.639272007935493787e-07
6.668649036837537694e-07
6.704954033299574782e-07
6.740907641819489124e-07
6.771677780666702358e-07
6.795752078623947156e-07
6.814148340698273555e-07
6.828527719988722288e-07
6.839532201189294219e-07
6.846333228809078498e-07
6.847539861192354985e-07
6.842693427686994669e-07
6.833245300535051936e-07
6.822233312968867852e-07
6.812850620360352851e-07
6.807492411032800018e-07
6.807583789422764106e-07
6.813705370735477733e-07
6.825533251402781043e-07
6.841138780093176683e-07
6.856839331155548909e-07
6.868171284053432919e-07
6.871281498789090154e-07
6.863887441098251709e-07
6.845516226476519062e-07
6.817165995228745405e-07
6.780854532316546988e-07
6.739333366583526838e-07
6.695985101137822621e-07
6.654711586509536157e-07
6.619530005705715030e-07
6.593943864093693878e-07
6.580032187836229120e-07
6.577431688720872980e-07
6.582922156592720424e-07
6.591313548770121844e-07
6.597517090324459880e-07
6.598748555521295076e-07
6.595536650817942198e-07
6.590888944852159607e-07
6.588350559183629126e-07
6.590198191540624416e-07
6.596389129907029898e-07
6.604326951268456991e-07
6.609546087524923035e-07
6.607332092842839060e-07
6.594696067674213415e-07
6.571634897596183465e-07
6.540926880942795969e-07
6.506839861105593003e-07
6.473782717392415383e-07
6.445524545551606858e-07
6.424918622186449415e-07
6.413669040080064971e-07
6.411967201683245687e-07
6.418195464678946540e-07
6.429233267257644419e-07
6.441655516959676767e-07
6.453204749091833906e-07
6.463663072038097137e-07
6.474464096085644140e-07
6.487170329798509774e-07
6.501922401902110422e-07
6.517006306582640330e-07
6.529819719399548613e-07
6.538406468150205524e-07
6.542335682909281052e-07
6.542346617752947319e-07
6.539258562221051503e-07
6.533189741446506356e-07
6.523682209540747369e-07
6.510444042044905082e-07
6.493909330880383974e-07
6.475109849304576212e-07
6.455110901886805045e-07
6.434674935518180256e-07
6.414384719808447944e-07
6.394977020542253595e-07
6.377563214940962448e-07
6.363468089041871493e-07
6.353604113711921267e-07
6.347691592482891587e-07
6.343813187377869887e-07
6.338757220283270070e-07
6.329307450673703996e-07
6.313890977926990108e-07
6.293559789981483240e-07
6.271661185980488006e-07
6.252505906504343634e-07
6.239997241016128588e-07
6.236923734771263804e-07
6.244891242434254644e-07
6.264177042896914119e-07
6.293199255626967113e-07
6.328167667400967775e-07
6.363671570036162322e-07
6.394424781654281845e-07
6.417229839350250323e-07
6.431863055056199274e-07
6.440417479335625770e-07
6.446044547328595750e-07
6.451984082754179798e-07
6.461088925480597620e-07
6.475605084704746562e-07
6.496821507123801679e-07
6.524843302995947203e-07
6.558730698494925968e-07
6.596827557051619462e-07
6.636874832469652779e-07
6.675825320916678373e-07
6.709922950264087026e-07
6.735790222740285254e-07
6.752103160376643298e-07
6.760677441230482252e-07
6.766226733088296832e-07
6.774688213823438454e-07
6.790548484875381811e-07
6.814205504902585999e-07
6.840812493136369241e-07
6.861512420270426306e-07
6.866944698297839437e-07
6.851456395870031236e-07
6.815598080252385789e-07
6.765544334855764536e-07
6.710258468750713922e-07
6.658381468165139629e-07
6.616303040972183854e-07
6.587370989382219097e-07
6.571668001441118431e-07
6.566298238140457428e-07
6.566368809722432041e-07
6.566445489453878880e-07
6.562291840035741070e-07
6.552480622602928594e-07
6.539256215372115656e-07
6.528089189614650598e-07
6.525562053515250914e-07
6.536306881311179653e-07
6.560354649849530458e-07
6.592354371407753773e-07
6.623297791397150353e-07
6.643970910746378726e-07
6.648131042432505699e-07
6.633806092239472930e-07
6.602841220368482138e-07
6.559677944409082919e-07
6.510156355479511826e-07
6.460655818134344574e-07
6.417402907806074268e-07
6.385637868022314070e-07
6.368808408561281215e-07
6.368060179112028931e-07
6.382136784348540591e-07
6.407568260652516619e-07
6.439139871868201150e-07
6.470846146345418183e-07
6.497345675812254639e-07
6.515575633400090238e-07
6.525618191800328252e-07
6.530016486677598864e-07
6.531904410268077452e-07
6.533197129648659146e-07
6.533855962915618846e-07
6.532492125250746155e-07
6.527769150310455893e-07
6.519401403004024365e-07
6.507922479618418223e-07
6.493631621717174754e-07
6.475860382190572437e-07
6.453702804154043046e-07
6.427795968453123118e-07
6.401327265872113519e-07
6.379200228526181347e-07
6.366014664087139313e-07
6.364339764124233716e-07
6.374138070598175005e-07
6.393191195913376991e-07
6.418015184605005168e-07
6.445008399668877985e-07
6.471615057153658440e-07
6.497235231402847416e-07
6.523536397193477665e-07
6.553806417343772265e-07
6.591324758410820427e-07
6.637306912751737342e-07
6.689472157935688896e-07
6.742100825537886385e-07
6.787624090518449558e-07
6.819170260946312811e-07
6.833006067709542069e-07
6.829606950399723340e-07
6.812736649068512760e-07
6.787173077873281928e-07
6.756532268438881202e-07
6.722187482683826323e-07
6.683443295887601026e-07
6.638735454559840637e-07
6.587288690311434393e-07
6.530507411823794045e-07
6.472487878840554564e-07
6.419236939240802514e-07
6.376838467669309522e-07
6.349441875757888979e-07
6.337853778296861077e-07
6.339244271161165370e-07
6.348261149858793419e-07
6.359258446417714162e-07
6.368464657730656659e-07
6.374800830750588698e-07
6.378966791921410444e-07
6.381747018882220512e-07
6.383103551505336038e-07
6.382569657163201474e-07
0.000000000000000000e+00
1.269341198877373026e-08
6.621441597210956594e-09
4.732363124875846132e-09
3.913595758758104469e-09
3.553547776815372873e-09
3.467347275371411110e-09
3.584149421373782157e-09
3.896252902811083311e-09
4.433083032849952586e-09
5.244712685715108853e-09
6.408305344233653575e-09
7.990774275339928861e-09
1.002856746532123644e-08
1.252682515065737197e-08
1.536435821104932262e-08
1.834648881300966302e-08
2.140565054674758557e-08
2.496203417788000567e-08
2.930884133066358064e-08
3.433932972010706814e-08
4.004050807701420393e-08
4.590405881664567726e-08
4.962716315475015400e-08
4.962312385532555521e-08
4.558521494039535685e-08
3.980772177924131573e-08
3.466846969181043116e-08
3.036069726196683181e-08
2.711171354104113966e-08
2.497522579555804621e-08
2.372087682884309798e-08
2.308646974229441464e-08
2.297077840737362681e-08
2.328749404644032899e-08
2.404188003266485875e-08
2.519390707573826884e-08
2.692294247583017837e-08
2.874580292116640026e-08
3.029832946841113232e-08
3.190317625273621616e-08
3.278094678236363958e-08
3.278999073395931091e-08
3.259627811212251766e-08
3.202105068417749795e-08
3.143240799637260540e-08
3.147588225088611534e-08
3.215829929168194483e-08
3.298917743312385084e-08
3.327404679541749789e-08
3.235562812903644585e-08
3.001089474710736783e-08
2.699957250918342330e-08
2.423906918435113421e-08
2.200031517857399358e-08
2.042628412126063944e-08
1.956311163420228751e-08
1.927151741340045212e-08
1.938099754179286784e-08
1.967031002402318085e-08
1.993793174207870687e-08
2.026401776874031961e-08
2.087501786159458391e-08
2.163846365579096375e-08
2.244669427172306163e-08
2.331357395879824557e-08
2.424962660669656854e-08
2.527879334878406473e-08
2.642737798063540116e-08
2.759258934705086118e-08
2.878423424730324323e-08
3.019376897384342545e-08
3.147268999729918294e-08
3.217927979689175934e-08
3.196123713462094170e-08
3.131051602237747838e-08
3.119087780935493819e-08
3.152036505804831358e-08
3.271623769447517261e-08
3.462371684968392381e-08
3.683830341689369112e-08
3.954340709004684789e-08
4.186976100764893611e-08
4.380835591282650434e-08
4.407963904495635545e-08
4.188341465877643185e-08
3.864981778341196830e-08
3.457450711782014743e-08
3.029030338315170340e-08
2.668654650269669354e-08
2.369877170421935335e-08
2.146364917132796138e-08
1.999035768949865314e-08
1.905533889703688823e-08
1.849132457913052516e-08
1.813835403816047246e-08
1.795809697983057278e-08
1.785470514868445647e-08
1.790746542371833760e-08
1.830460891485382142e-08
1.949157482196240649e-08
2.170918609027085794e-08
2.515259247675874713e-08
3.038737562175952204e-08
3.796020173594155700e-08
5.022070464716861651e-08
6.975755990557148364e-08
9.470072980630868021e-08
1.161927319602923867e-07
1.206351784241834907e-07
1.073267686871344194e-07
9.240587314102270361e-08
8.098424585833351269e-08
7.351688950885250543e-08
7.139499007274072966e-08
7.220355373248703638e-08
7.816823407538993325e-08
9.260534003555740113e-08
1.186444167657599114e-07
1.860154155422927390e-07
7.549839751912455022e-07
-3.236939833794712942e-07
-1.388072528544455917e-07
-9.141510972132886390e-08
-7.237662454401364637e-08
-6.627990827500946167e-08
-6.709505749613495200e-08
-7.654617422536931367e-08
-1.030073007873497023e-07
-1.683591567766045291e-07
-4.516805005187513451e-07
9.487261207920997966e-07
3.256083477507608777e-07
2.563826111003452589e-07
2.494116576573445609e-07
2.837129188047054282e-07
3.293560125506100270e-07
3.748322792257298176e-07
4.948858869885627943e-07
8.848737139427228194e-07
2.776279768569139947e-06
-2.930903267647321490e-06
-9.664766193573902793e-07
-6.699397409501552766e-07
-4.803658642148182868e-07
-3.611112406112819005e-07
-3.223920599776128913e-07
-2.923363165884868466e-07
-2.797917458072118867e-07
-2.506306027417345509e-07
-1.952863171698815145e-07
-1.530205869872079379e-07
-1.302369589399583478e-07
-1.191328408820160440e-07
-1.186081171472167482e-07
-1.365717788003558226e-07
-1.924642760613351818e-07
-4.103978365497761120e-07
1.225182414220857367e-06
2.406481573444024969e-07
1.562024954918634897e-07
1.394058305304908220e-07
1.494529710044940216e-07
2.017908519400769479e-07
6.192694167683968022e-07
-3.442310988221550257e-07
-1.281065826102216888e-07
-8.029362709881587056e-08
-6.300679089761509024e-08
-5.746913515610507189e-08
-5.803336433489879264e-08
-6.379218881265709459e-08
-7.510771557769340913e-08
-9.458694910646646842e-08
-1.341029773312202589e-07
-2.369612545673528540e-07
-1.001991570511316116e-06
4.890910813726248792e-07
1.947347905050380568e-07
1.239425303123213260e-07
9.150939853844173536e-08
7.167058341865857070e-08
6.081511612748506562e-08
5.485040991197232907e-08
5.350346265944189823e-08
5.505588529556591980e-08
5.526538743719575116e-08
5.449973279163286214e-08
5.356839833338434766e-08
5.255513264239488808e-08
5.195662014331551094e-08
5.238482313170650497e-08
5.405909259066352072e-08
5.827157102394266955e-08
6.427813018477100942e-08
6.999366838076655998e-08
7.813963616344068495e-08
8.714594465091657701e-08
9.020001615719689291e-08
9.082482391939730210e-08
8.654502325779940331e-08
7.972663969901990590e-08
7.818375306699348802e-08
8.083310813932976102e-08
8.592821422066989257e-08
9.437674604807507917e-08
1.057432735092268181e-07
1.155767323714906352e-07
1.288871888141533004e-07
1.499391103804712441e-07
1.715072564929089106e-07
1.997181109676066487e-07
2.547139384414914926e-07
3.500795760203723791e-07
6.432937420759554629e-07
1.643091826840525813e-06
5.607640758004441142e-06
9.009567113430483874e-06
1.230283198969369211e-06
4.112427784571140758e-07
1.994963617874085389e-07
1.262526174060842438e-07
9.138282588646518198e-08
7.327253987109492224e-08
6.729693992309794928e-08
6.807868203612772360e-08
7.238002440213729387e-08
8.287565316912821240e-08
1.039558619059094861e-07
1.464272464091023656e-07
2.554338437802659680e-07
5.491541009938232415e-07
6.408594777644700432e-07
3.253033460282669676e-07
1.786165088002002103e-07
1.134193620664649889e-07
8.158831917459388029e-08
6.546683914646574579e-08
5.659149594782216125e-08
5.303624380688613388e-08
5.369004272797394308e-08
5.545989702113341767e-08
5.813227558830784425e-08
6.269746278336992834e-08
6.780408086551286546e-08
7.292800475297912768e-08
7.836856811388641180e-08
8.691060195936513160e-08
1.029248436914335538e-07
1.292942289217383675e-07
1.602681852800505583e-07
1.955950467036636016e-07
2.633816239610654769e-07
3.449931656416036486e-07
3.712214109198428846e-07
4.150733233271537249e-07
4.707546922894549049e-07
4.118270136715284285e-07
2.880479441540657060e-07
1.961278035506863684e-07
1.345947426079447017e-07
9.446914556263245713e-08
7.137702722139822267e-08
5.846278794147310448e-08
5.077885294170833448e-08
4.631884475741460087e-08
4.349206457142123478e-08
4.231987819210981066e-08
4.237232066746788499e-08
4.260657810307763976e-08
4.246846391412724644e-08
4.161175400690113806e-08
4.067339271906634844e-08
3.962345994124144148e-08
3.844075862153736023e-08
3.764722210275174456e-08
3.729908794690668804e-08
3.820934318280534211e-08
4.138036962336927107e-08
4.612745974712773132e-08
5.300475870841038668e-08
6.455311752988565020e-08
8.423557410317757686e-08
1.172826696213044992e-07
1.656722036439836630e-07
2.201390650909275651e-07
2.555205647178749635e-07
2.461012631939904393e-07
1.934065588768387304e-07
1.519818015685806697e-07
1.314119533694787369e-07
1.169844991573106487e-07
1.043414114462901486e-07
9.828836178389738677e-08
1.009661117713809916e-07
1.100179600461567973e-07
1.180380823726445294e-07
1.218123843221464780e-07
1.247359354066163550e-07
1.276789486554433967e-07
1.189393212876306078e-07
1.005438549712691523e-07
8.707809469669263679e-08
7.989379700294847411e-08
7.583870715641212888e-08
7.112949528874353623e-08
6.629446829026115925e-08
6.186623172742012639e-08
5.707937152083533836e-08
5.157543520152840149e-08
4.670033868747163003e-08
4.347895694653573494e-08
4.123742964561118092e-08
3.849574425283680742e-08
3.592247403009065475e-08
3.381847916653486583e-08
3.144561861270617911e-08
2.896551595532102109e-08
2.698929111463395611e-08
2.571882689525639013e-08
2.494282440839903380e-08
2.452446529957958664e-08
2.454530703268467641e-08
2.491296036513949226e-08
2.548770708777671629e-08
2.635871009763019361e-08
2.707141039810336400e-08
2.734814558211182671e-08
2.761655402332609805e-08
2.782933696521253103e-08
2.753803088808651443e-08
2.691213609161043156e-08
2.613212822361075208e-08
2.547745110922496995e-08
2.501516706973361490e-08
2.479355795884649886e-08
2.491842628092564563e-08
2.553280136460046220e-08
2.674952741399228900e-08
2.834430212215403183e-08
3.055926584173763242e-08
3.379272235947917574e-08
3.794073177368011142e-08
4.207976210849911093e-08
4.484478072049125244e-08
4.584643066519549795e-08
4.572023763468186800e-08
4.393984296784401010e-08
4.092117834007111890e-08
3.787354572591425963e-08
3.483464557608026613e-08
3.231517475908108702e-08
3.051768961756659911e-08
2.901867537940919392e-08
2.761594905958235641e-08
2.641220495702624436e-08
2.568339488713078118e-08
2.559085881940558634e-08
2.597384133768483551e-08
2.672460620265516006e-08
2.804244745351140661e-08
2.977928006215136156e-08
3.144618749848102610e-08
3.238044523828594124e-08
3.240374005398269353e-08
3.175042239652672691e-08
3.007745229774720554e-08
2.774318364184473914e-08
2.565671845616041749e-08
2.426777618974437732e-08
2.335905116523639542e-08
2.279505692708477837e-08
2.261134999767289825e-08
2.260941106574849018e-08
2.282662211952313683e-08
2.357677163778388317e-08
2.491087292238860086e-08
2.652911235338870165e-08
2.790988661907336220e-08
2.848759633435977777e-08
2.829126548243793844e-08
2.729699473850896277e-08
2.581919263894045341e-08
2.426799895056081008e-08
2.297733840600408705e-08
2.224733049325006899e-08
2.203492051748882285e-08
2.228724241172505440e-08
2.312137227781927457e-08
2.450769333485193823e-08
2.614912793101947563e-08
2.841668843780167312e-08
3.144286966996837294e-08
3.456661202477034348e-08
3.735856096966982099e-08
3.931835054536758359e-08
4.038896630366891599e-08
4.098947515065592682e-08
4.182642371115454166e-08
4.356973253387269021e-08
4.657758015670964535e-08
5.214733115412884146e-08
6.175358269796064504e-08
7.724432813435907795e-08
1.023021015869271361e-07
1.469475634149237509e-07
2.376775756345259989e-07
4.553000661935871386e-07
1.272593990844207573e-06
-2.700875188544668825e-05
-4.028885400984824094e-06
2.558271528490713739e-05
1.325599265034213824e-06
5.265411020682274211e-07
3.129591822282173197e-07
2.119651972518014075e-07
1.576864361376803020e-07
1.238166379906812479e-07
9.669160031527170609e-08
7.859193794396861834e-08
6.959226506947696479e-08
6.487764307880542650e-08
6.288154559192541451e-08
6.562464144015282446e-08
7.224406346836505350e-08
8.331900710387198656e-08
1.004826005770947490e-07
1.216809516009553413e-07
1.460761474044402803e-07
1.666372958997717827e-07
1.632766019356029958e-07
1.414171055404659540e-07
1.173627432388497892e-07
9.736893473754535141e-08
8.357708598190469172e-08
7.367600247109640348e-08
6.673188136531804093e-08
6.152544982770081408e-08
5.661722606062127049e-08
5.139713967117369545e-08
4.602940876269366407e-08
4.063418860702859568e-08
3.640408213776163634e-08
3.364426205284582724e-08
3.177835950221309412e-08
3.063301585712856940e-08
3.041124357098798174e-08
3.133073883425572024e-08
3.315499785587983958e-08
3.612360959571936783e-08
4.083226993789685257e-08
4.679178438542868128e-08
5.330686599440772879e-08
5.831521464211518155e-08
5.898213393461944061e-08
5.574401803415607273e-08
5.039401285992875090e-08
4.458945522167847417e-08
3.898505978703360365e-08
3.447783105108768891e-08
3.137814689102117313e-08
2.939788868162682192e-08
2.809339803609593845e-08
2.710969460687981450e-08
2.631268114400416036e-08
2.562999943734668355e-08
2.509369025650885356e-08
2.480316259125669699e-08
2.490410345195290386e-08
2.545150222304556157e-08
2.639416652708322644e-08
2.778940352047054911e-08
2.946738499333462038e-08
3.121557212098660180e-08
3.289365272461898952e-08
3.431795158555158440e-08
3.542704624754674695e-08
3.628549983242222506e-08
3.708676559675398236e-08
3.788823106552381425e-08
3.896202159470937466e-08
3.955460879935237072e-08
3.968003161923397296e-08
3.956647514528419716e-08
3.942318842840447784e-08
3.917412085072445825e-08
3.812880371275082582e-08
3.652776989509206514e-08
3.480461165896934348e-08
3.288683500014662831e-08
3.076542030986286935e-08
2.878725646682654919e-08
2.694345299629298406e-08
2.559207374388288156e-08
2.480105246128135972e-08
2.445200755654288725e-08
2.453715451498226044e-08
2.482042981065121226e-08
2.526830336017124601e-08
2.590205477550617641e-08
2.590425101916382479e-08
2.527906517857262260e-08
2.468373762884022143e-08
2.419593264995762481e-08
2.383643250737859306e-08
2.362630857875664368e-08
2.370675899641403083e-08
2.390476733092824497e-08
2.418353675913550553e-08
2.452207478015487517e-08
2.477056150956724519e-08
2.501717168208438802e-08
2.527164873535268866e-08
2.549490583284905347e-08
2.572562965803110329e-08
2.586709326115797831e-08
2.580825210389343774e-08
2.558878965972545858e-08
2.522544903746238799e-08
2.465251185868067806e-08
2.391168544876418799e-08
2.317159008059568022e-08
2.255564875224905774e-08
2.207028722952975957e-08
2.173358666489884899e-08
2.157089470240991750e-08
2.155117762531988531e-08
2.171181199800110391e-08
2.201577551020519487e-08
2.238071718165921500e-08
2.279823894241708243e-08
2.318468252336572333e-08
2.345181121201241598e-08
2.366643978248071782e-08
2.383664970893352362e-08
2.393003727416706694e-08
2.410641891094830827e-08
2.436984340779191122e-08
2.463846017475714079e-08
2.503074724053512541e-08
2.552131672536460416e-08
2.609785283570942267e-08
2.679746044196435100e-08
2.753288210638537400e-08
2.819227171624265500e-08
2.872583122532878426e-08
2.900485778231782822e-08
2.883937298827447739e-08
2.833745879454697219e-08
2.756029470721313696e-08
2.646629126189274749e-08
2.531239774239864246e-08
2.437187131131563735e-08
2.364681393922971734e-08
2.304498301128985410e-08
2.251356098635757947e-08
2.217250435403383501e-08
2.198483929836572410e-08
2.170353123425691391e-08
2.130214699262862131e-08
2.086627404182251087e-08
2.051570661771589492e-08
2.026962097430083226e-08
2.009952720734412918e-08
2.007589638902360176e-08
2.018529858034068391e-08
2.037455436131529958e-08
2.061415685902864631e-08
2.091857966034566977e-08
2.127432558207195244e-08
2.156112423157717009e-08
2.170573979769340592e-08
2.164863613133925518e-08
2.152985317214722843e-08
2.130497388464206627e-08
2.099066699603011098e-08
2.078531426715101652e-08
2.064594558236851380e-08
2.057757941285285044e-08
2.063619729905731386e-08
2.076463118842276283e-08
2.105162220330128529e-08
2.153787359612871874e-08
2.209029407960199813e-08
2.278120887744512998e-08
2.363036273865785776e-08
2.453700494502915145e-08
2.532269524314523116e-08
2.572683948556844403e-08
2.563217950709812631e-08
2.514393759405202544e-08
2.435944523160694799e-08
2.332967866541740793e-08
2.221867629728232426e-08
2.129752132526763914e-08
2.064127539119776376e-08
2.014945854523820615e-08
1.983702244630766982e-08
1.982979922908037988e-08
2.009002298783242196e-08
2.077844493148869504e-08
2.183546542003936299e-08
2.280216627264399865e-08
2.348318557846271048e-08
2.379518175814781823e-08
2.377015512380567759e-08
2.349006655343742955e-08
2.303230254141298880e-08
2.236425309616086012e-08
2.162992083757902734e-08
2.095488377713311877e-08
2.033142699409617275e-08
1.979357872636400451e-08
1.943864858384503695e-08
1.924618673076003196e-08
1.913956533202670292e-08
1.915669215056506797e-08
1.931579569898592465e-08
1.961468673809639372e-08
1.995968432194911018e-08
2.033349902701641801e-08
2.068025132236096795e-08
2.094877461747920858e-08
2.110461132369782083e-08
2.097147551768476483e-08
2.067662624606325351e-08
2.029713653941095928e-08
1.986044460351786012e-08
1.954790314727353211e-08
1.937061334459509952e-08
1.934301039209892620e-08
1.948473075568925376e-08
1.974473048448422673e-08
2.011180665779912247e-08
2.054809388345186961e-08
2.095240992511985517e-08
2.122368106426196066e-08
2.124967746704265920e-08
2.096661552475143093e-08
2.044125693244695531e-08
1.983459387006007185e-08
1.919691215148556086e-08
1.859276551252549589e-08
1.813091168872011055e-08
1.784427491243028538e-08
1.767691536400955309e-08
1.761324245255976895e-08
1.765516636471781042e-08
1.779495393089421821e-08
1.802177555695974673e-08
1.827581357499897666e-08
1.851965592006127149e-08
1.870449176673716294e-08
1.882477573296738038e-08
1.891936411327346699e-08
1.894550410078424212e-08
1.887243460159584125e-08
1.875174257074066836e-08
1.861312131364470809e-08
1.846057631554453815e-08
1.836856184999967975e-08
1.836974962539298364e-08
1.842640833268524961e-08
1.863748505251469854e-08
1.890308479576511765e-08
1.911943527849587376e-08
1.932025683768640107e-08
1.946568624547456814e-08
1.955020808745437816e-08
1.954098942455219562e-08
1.938903470679501601e-08
1.916928436004517708e-08
1.893553711809007071e-08
1.871397964632639063e-08
1.847755529456769708e-08
1.822505494609168697e-08
1.798508138763439568e-08
1.774696119454631640e-08
1.755041594754784398e-08
1.732706342462844307e-08
1.706947364016950283e-08
1.681316317268767621e-08
1.652571709364320901e-08
1.624847889402018870e-08
1.600439663489863385e-08
1.580513561165689236e-08
1.566223778975410212e-08
1.556462106875898049e-08
1.556122560171952846e-08
1.567480429191095304e-08
1.589790428150886917e-08
1.621223882265931243e-08
1.662953127864651298e-08
1.711370305443112289e-08
1.761422183084355929e-08
1.809452263914085740e-08
1.847659208553738023e-08
1.876265801387309356e-08
1.899087510003263659e-08
1.913422357775569020e-08
1.914960768982137557e-08
1.903696752858884252e-08
1.881172334868078618e-08
1.851723379911960659e-08
1.821383700254600683e-08
1.800412187816916617e-08
1.791279105667194623e-08
1.788695834023788813e-08
1.788811204598820174e-08
1.795155348273644861e-08
1.806935524486067006e-08
1.821151240325848410e-08
1.829707420767663527e-08
1.833132396076686777e-08
1.840091438479936475e-08
1.845131772172214135e-08
1.846155202548203623e-08
1.846651005010115362e-08
1.843033549809725265e-08
1.832232939235311824e-08
1.825679537928854915e-08
1.825901343911561346e-08
1.830101536355755343e-08
1.842505484297576719e-08
1.859479949940798620e-08
1.878033375745857154e-08
1.904774795190725461e-08
1.936114836400500547e-08
1.967755479518022002e-08
1.996437301397426594e-08
2.012436855123423248e-08
2.009161371466482680e-08
1.989040048927595909e-08
1.956728120739930868e-08
1.914484289327142331e-08
1.869292626822846452e-08
1.828766073751618185e-08
1.796000190377299805e-08
1.771944995216110700e-08
1.755690686401655950e-08
1.749402692313649120e-08
1.750111158364673675e-08
1.753972491367290200e-08
1.764114396759494657e-08
1.778099106582234731e-08
1.785160655357791626e-08
1.780245733598599431e-08
1.771371737199883272e-08
1.759995588225715745e-08
1.748028002923668049e-08
1.734203205565553162e-08
1.714363894502846692e-08
1.695361743812276054e-08
1.680769897315779791e-08
1.667838627178491355e-08
1.658310391288897812e-08
1.653922714839553317e-08
1.648520652776612683e-08
1.639262286589694858e-08
1.629259344278424476e-08
1.622229982577528295e-08
1.618800389800950105e-08
1.616709331034447928e-08
1.614440176314989900e-08
1.608158193133143976e-08
1.603695401368711788e-08
1.600994691698310030e-08
1.602651168484485345e-08
1.614320386810501888e-08
1.626936827011025364e-08
1.643141895175424203e-08
1.667996325464666741e-08
1.692637331462886817e-08
1.713075446721570145e-08
1.718962572702016428e-08
1.703033276453292179e-08
1.675878621645026928e-08
1.641496179600538549e-08
1.608603243075372118e-08
1.584805048696792686e-08
1.571606249412995412e-08
1.571730073263999371e-08
1.587326091976854267e-08
1.613808036460074395e-08
1.645556428589716645e-08
1.679518052097060561e-08
1.707702158626060109e-08
1.727153587081033808e-08
1.731007971407793383e-08
1.717119235020352247e-08
1.689168043896073692e-08
1.649928022908289711e-08
1.608460898033797230e-08
1.570392555102043130e-08
1.543440133533532436e-08
1.527717280827942999e-08
1.523207828242716710e-08
1.528417721954878587e-08
1.538915040858260236e-08
1.555482946007524388e-08
1.568060565690061607e-08
1.574243368061516848e-08
1.578996806814090630e-08
1.577938986245421121e-08
1.578372972044673920e-08
1.585841432844949429e-08
1.589867990299630079e-08
1.595627159012062258e-08
1.604319458469813072e-08
1.610227980028169210e-08
1.610553777073603108e-08
1.601219153524557153e-08
1.587211275865440709e-08
1.566384938389571542e-08
1.543363767032761504e-08
1.522620351215817577e-08
1.497255894316955808e-08
1.470752517324540154e-08
1.448471000283775612e-08
1.429678910174397087e-08
1.415068702411298812e-08
1.400032807744606198e-08
1.382670441353341472e-08
1.366985386885540824e-08
1.351528679086059162e-08
1.338193203013232871e-08
1.328509846907064932e-08
1.321847441125470245e-08
1.315938995172077222e-08
1.311871962224801337e-08
1.310848020819322052e-08
1.308869921465894642e-08
1.309468599320759809e-08
1.314156540863991631e-08
1.320254014048802415e-08
1.327626544864024111e-08
1.335682559612206389e-08
1.345719413202245114e-08
1.357763725972793540e-08
1.367815072199153645e-08
1.377225231238253497e-08
1.390584220218383282e-08
1.406277593210327791e-08
1.423839609309587453e-08
1.438628406086494055e-08
1.450730150279977042e-08
1.462958838467076379e-08
1.472168505937698305e-08
1.474986932099955092e-08
1.470168799480639733e-08
1.465292521039778428e-08
1.459797660510367815e-08
1.447786220987137135e-08
1.430586681810913734e-08
1.414478301295186888e-08
1.399856418872422812e-08
1.389159205269592331e-08
1.387261132186784601e-08
1.394459981658676290e-08
1.404874611271808628e-08
1.418741262033057985e-08
1.440851481195231420e-08
1.467206524344634304e-08
1.495163329699806003e-08
1.526629520946400895e-08
1.555382323706042584e-08
1.574455482901322770e-08
1.586556106195790604e-08
1.591748448704656679e-08
1.589340284958329517e-08
1.581194347180586953e-08
1.566824816936741886e-08
1.547958499596240938e-08
1.526741663403645804e-08
1.500811524069571924e-08
1.473326596463686487e-08
1.449091058301900787e-08
1.431995368435446301e-08
1.422426748197647040e-08
1.420173231093606827e-08
1.425122993103259738e-08
1.437302790754224575e-08
1.457197284608790406e-08
1.478045023264324878e-08
1.496012753143004315e-08
1.509922282061919065e-08
1.519762907218583755e-08
1.522597724948275769e-08
1.516308051525305734e-08
1.500521547670712523e-08
1.477207695869135088e-08
1.448723467156454114e-08
1.418533150930381395e-08
1.389712000027818796e-08
1.364876382490003016e-08
1.347566469518462930e-08
1.336221086957204060e-08
1.332326558850274689e-08
1.333941939573406668e-08
1.337844288865593224e-08
1.342133077528395524e-08
1.348220458412992313e-08
1.353703560277901466e-08
1.353962811743705471e-08
1.349549886285932377e-08
1.340429623557356125e-08
1.329649177283421741e-08
1.321343621385233944e-08
1.313217917816906312e-08
1.304636341193235151e-08
1.301732420483733814e-08
1.302818618264164203e-08
1.306422077196178136e-08
1.313830204167426609e-08
1.324980006444301470e-08
1.338008366954926307e-08
1.348375333666583873e-08
1.356350879408180775e-08
1.360655490530589982e-08
1.362097302366621933e-08
1.362722726598224184e-08
1.363053004773041791e-08
1.363192674530056349e-08
1.361187270629181749e-08
1.357258101337203200e-08
1.354630471427716436e-08
1.357789635295609546e-08
1.372210839116301465e-08
1.394312070430999971e-08
1.418608644043754632e-08
1.445933582661643556e-08
1.472528825036120619e-08
1.498064957758644057e-08
1.522070885757622509e-08
1.537749828716428871e-08
1.544159675990562009e-08
1.544408506687169921e-08
1.537128565440829532e-08
1.523631876241125261e-08
1.503438375005923264e-08
1.482106604458265806e-08
1.463683374741088639e-08
1.448934517508242392e-08
1.438069435041841695e-08
1.431867591191642507e-08
1.435271689210038740e-08
1.446046212337167736e-08
1.464449790042525044e-08
1.490643708812468739e-08
1.519911083217970304e-08
1.546112974492470707e-08
1.564395221782474526e-08
1.574556077571211421e-08
1.576615697948781748e-08
1.571781283651720376e-08
1.556033014799573167e-08
1.529968018813223989e-08
1.502774213545537260e-08
1.476233202212490430e-08
1.453101346363757096e-08
1.436023980149202989e-08
1.428472805201536140e-08
1.430996204988521122e-08
1.440217437277828992e-08
1.453969252666832718e-08
1.472244367132298677e-08
1.495930843188817411e-08
1.521961242577148911e-08
1.547927450658949512e-08
1.571721307385398996e-08
1.592154238953439007e-08
1.612577985159771762e-08
1.632204326777699502e-08
1.650502618907204709e-08
1.666902227379866771e-08
1.679991133946105287e-08
1.689805807310268763e-08
1.695400677349202748e-08
1.699506476011944731e-08
1.700880274640610484e-08
1.695173620028461678e-08
1.685257803046493283e-08
1.669765923870349524e-08
1.648709739907367214e-08
1.628392705031126096e-08
1.610801741757765416e-08
1.596067192341932552e-08
1.585622039656804810e-08
1.581247450240876347e-08
1.580199994969835102e-08
1.584167601369788575e-08
1.591958644053641287e-08
1.600945287747405053e-08
1.608966317495619274e-08
1.614624588646458399e-08
1.619834841985954349e-08
1.623058248110077835e-08
1.622641739778599142e-08
1.622244527119110511e-08
