1.000000000000000021e-02
2.000000000000000042e-02
2.999999999999999889e-02
4.000000000000000083e-02
5.000000000000000278e-02
5.999999999999999778e-02
7.000000000000000666e-02
8.000000000000000167e-02
9.000000000000001055e-02
1.000000000000000056e-01
1.099999999999999867e-01
1.199999999999999956e-01
1.300000000000000044e-01
1.400000000000000133e-01
1.499999999999999944e-01
1.600000000000000033e-01
1.700000000000000122e-01
1.800000000000000211e-01
1.900000000000000022e-01
2.000000000000000111e-01
2.100000000000000200e-01
2.199999999999999734e-01
2.299999999999999822e-01
2.399999999999999911e-01
2.500000000000000000e-01
2.600000000000000089e-01
2.700000000000000178e-01
2.800000000000000266e-01
2.900000000000000355e-01
2.999999999999999889e-01
3.099999999999999978e-01
3.200000000000000067e-01
3.300000000000000155e-01
3.400000000000000244e-01
3.500000000000000333e-01
3.600000000000000422e-01
3.699999999999999956e-01
3.800000000000000044e-01
3.900000000000000133e-01
4.000000000000000222e-01
4.100000000000000311e-01
4.200000000000000400e-01
4.300000000000000488e-01
4.399999999999999467e-01
4.499999999999999556e-01
4.599999999999999645e-01
4.699999999999999734e-01
4.799999999999999822e-01
4.899999999999999911e-01
5.000000000000000000e-01
5.100000000000000089e-01
5.200000000000000178e-01
5.300000000000000266e-01
5.400000000000000355e-01
5.500000000000000444e-01
5.600000000000000533e-01
5.700000000000000622e-01
5.800000000000000711e-01
5.900000000000000799e-01
5.999999999999999778e-01
6.099999999999999867e-01
6.199999999999999956e-01
6.300000000000000044e-01
6.400000000000000133e-01
6.500000000000000222e-01
6.600000000000000311e-01
6.700000000000000400e-01
6.800000000000000488e-01
6.900000000000000577e-01
7.000000000000000666e-01
7.100000000000000755e-01
7.200000000000000844e-01
7.299999999999999822e-01
7.399999999999999911e-01
7.500000000000000000e-01
7.600000000000000089e-01
7.700000000000000178e-01
7.800000000000000266e-01
7.900000000000000355e-01
8.000000000000000444e-01
8.100000000000000533e-01
8.200000000000000622e-01
8.300000000000000711e-01
8.400000000000000799e-01
8.500000000000000888e-01
8.600000000000000977e-01
8.700000000000001066e-01
8.799999999999998934e-01
8.899999999999999023e-01
8.999999999999999112e-01
9.099999999999999201e-01
9.199999999999999289e-01
9.299999999999999378e-01
9.399999999999999467e-01
9.499999999999999556e-01
9.599999999999999645e-01
9.699999999999999734e-01
9.799999999999999822e-01
9.899999999999999911e-01
1.000000000000000000e+00
1.010000000000000009e+00
1.020000000000000018e+00
1.030000000000000027e+00
1.040000000000000036e+00
1.050000000000000044e+00
1.060000000000000053e+00
1.070000000000000062e+00
1.080000000000000071e+00
1.090000000000000080e+00
1.100000000000000089e+00
1.110000000000000098e+00
1.120000000000000107e+00
1.130000000000000115e+00
1.140000000000000124e+00
1.150000000000000133e+00
1.160000000000000142e+00
1.170000000000000151e+00
1.180000000000000160e+00
1.190000000000000169e+00
1.199999999999999956e+00
1.209999999999999964e+00
1.219999999999999973e+00
1.229999999999999982e+00
1.239999999999999991e+00
1.250000000000000000e+00
1.260000000000000009e+00
1.270000000000000018e+00
1.280000000000000027e+00
1.290000000000000036e+00
1.300000000000000044e+00
1.310000000000000053e+00
1.320000000000000062e+00
1.330000000000000071e+00
1.340000000000000080e+00
1.350000000000000089e+00
1.360000000000000098e+00
1.370000000000000107e+00
1.380000000000000115e+00
1.390000000000000124e+00
1.400000000000000133e+00
1.410000000000000142e+00
1.420000000000000151e+00
1.430000000000000160e+00
1.440000000000000169e+00
1.449999999999999956e+00
1.459999999999999964e+00
1.469999999999999973e+00
1.479999999999999982e+00
1.489999999999999991e+00
1.500000000000000000e+00
1.510000000000000009e+00
1.520000000000000018e+00
1.530000000000000027e+00
1.540000000000000036e+00
1.550000000000000044e+00
1.560000000000000053e+00
1.570000000000000062e+00
1.580000000000000071e+00
1.590000000000000080e+00
1.600000000000000089e+00
1.610000000000000098e+00
1.620000000000000107e+00
1.630000000000000115e+00
1.640000000000000124e+00
1.650000000000000133e+00
1.660000000000000142e+00
1.670000000000000151e+00
1.680000000000000160e+00
1.690000000000000169e+00
1.700000000000000178e+00
1.710000000000000187e+00
1.720000000000000195e+00
1.730000000000000204e+00
1.740000000000000213e+00
1.750000000000000222e+00
1.759999999999999787e+00
1.770000000000000018e+00
1.779999999999999805e+00
1.790000000000000036e+00
1.799999999999999822e+00
1.810000000000000053e+00
1.819999999999999840e+00
1.830000000000000071e+00
1.839999999999999858e+00
1.850000000000000089e+00
1.859999999999999876e+00
1.870000000000000107e+00
1.879999999999999893e+00
1.890000000000000124e+00
1.899999999999999911e+00
1.910000000000000142e+00
1.919999999999999929e+00
1.930000000000000160e+00
1.939999999999999947e+00
1.950000000000000178e+00
1.959999999999999964e+00
1.970000000000000195e+00
1.979999999999999982e+00
1.990000000000000213e+00
2.000000000000000000e+00
2.010000000000000231e+00
2.020000000000000018e+00
2.030000000000000249e+00
2.040000000000000036e+00
2.050000000000000266e+00
2.060000000000000053e+00
2.070000000000000284e+00
2.080000000000000071e+00
2.089999999999999858e+00
2.100000000000000089e+00
2.109999999999999876e+00
2.120000000000000107e+00
2.129999999999999893e+00
2.140000000000000124e+00
2.149999999999999911e+00
2.160000000000000142e+00
2.169999999999999929e+00
2.180000000000000160e+00
2.189999999999999947e+00
2.200000000000000178e+00
2.209999999999999964e+00
2.220000000000000195e+00
2.229999999999999982e+00
2.240000000000000213e+00
2.250000000000000000e+00
2.260000000000000231e+00
2.270000000000000018e+00
2.280000000000000249e+00
2.290000000000000036e+00
2.300000000000000266e+00
2.310000000000000053e+00
2.320000000000000284e+00
2.330000000000000071e+00
2.340000000000000302e+00
2.350000000000000089e+00
2.360000000000000320e+00
2.370000000000000107e+00
2.380000000000000338e+00
2.390000000000000124e+00
2.399999999999999911e+00
2.410000000000000142e+00
2.419999999999999929e+00
2.429999999999999716e+00
2.439999999999999947e+00
2.450000000000000178e+00
2.459999999999999964e+00
2.469999999999999751e+00
2.479999999999999982e+00
2.490000000000000213e+00
2.500000000000000000e+00
2.509999999999999787e+00
2.520000000000000018e+00
2.530000000000000249e+00
2.540000000000000036e+00
2.549999999999999822e+00
2.560000000000000053e+00
2.570000000000000284e+00
2.580000000000000071e+00
2.589999999999999858e+00
2.600000000000000089e+00
2.610000000000000320e+00
2.620000000000000107e+00
2.629999999999999893e+00
2.640000000000000124e+00
2.650000000000000355e+00
2.660000000000000142e+00
2.669999999999999929e+00
2.680000000000000160e+00
2.690000000000000391e+00
2.700000000000000178e+00
2.709999999999999964e+00
2.720000000000000195e+00
2.730000000000000426e+00
2.740000000000000213e+00
2.750000000000000000e+00
2.760000000000000231e+00
2.770000000000000462e+00
2.780000000000000249e+00
2.790000000000000036e+00
2.800000000000000266e+00
2.810000000000000497e+00
2.820000000000000284e+00
2.830000000000000071e+00
2.840000000000000302e+00
2.850000000000000533e+00
2.860000000000000320e+00
2.870000000000000107e+00
2.880000000000000338e+00
2.889999999999999680e+00
2.899999999999999911e+00
2.909999999999999698e+00
2.919999999999999929e+00
2.929999999999999716e+00
2.939999999999999947e+00
2.949999999999999734e+00
2.959999999999999964e+00
2.969999999999999751e+00
2.979999999999999982e+00
2.989999999999999769e+00
3.000000000000000000e+00
3.009999999999999787e+00
3.020000000000000018e+00
3.029999999999999805e+00
3.040000000000000036e+00
3.049999999999999822e+00
3.060000000000000053e+00
3.069999999999999840e+00
3.080000000000000071e+00
3.089999999999999858e+00
3.100000000000000089e+00
3.109999999999999876e+00
3.120000000000000107e+00
3.129999999999999893e+00
3.140000000000000124e+00
3.149999999999999911e+00
3.160000000000000142e+00
3.169999999999999929e+00
3.180000000000000160e+00
3.189999999999999947e+00
3.200000000000000178e+00
3.209999999999999964e+00
3.220000000000000195e+00
3.229999999999999982e+00
3.240000000000000213e+00
3.250000000000000000e+00
3.260000000000000231e+00
3.270000000000000018e+00
3.280000000000000249e+00
3.290000000000000036e+00
3.300000000000000266e+00
3.310000000000000053e+00
3.320000000000000284e+00
3.330000000000000071e+00
3.340000000000000302e+00
3.350000000000000089e+00
3.360000000000000320e+00
3.370000000000000107e+00
3.380000000000000338e+00
3.390000000000000124e+00
3.400000000000000355e+00
3.410000000000000142e+00
3.420000000000000373e+00
3.430000000000000160e+00
3.440000000000000391e+00
3.450000000000000178e+00
3.460000000000000409e+00
3.470000000000000195e+00
3.480000000000000426e+00
3.490000000000000213e+00
3.500000000000000444e+00
3.510000000000000231e+00
3.519999999999999574e+00
3.529999999999999805e+00
3.540000000000000036e+00
3.549999999999999822e+00
3.559999999999999609e+00
3.569999999999999840e+00
3.580000000000000071e+00
3.589999999999999858e+00
3.599999999999999645e+00
3.609999999999999876e+00
3.620000000000000107e+00
3.629999999999999893e+00
3.639999999999999680e+00
3.649999999999999911e+00
3.660000000000000142e+00
3.669999999999999929e+00
3.679999999999999716e+00
3.689999999999999947e+00
3.700000000000000178e+00
3.709999999999999964e+00
3.719999999999999751e+00
3.729999999999999982e+00
3.740000000000000213e+00
3.750000000000000000e+00
3.759999999999999787e+00
3.770000000000000018e+00
3.780000000000000249e+00
3.790000000000000036e+00
3.799999999999999822e+00
3.810000000000000053e+00
3.820000000000000284e+00
3.830000000000000071e+00
3.839999999999999858e+00
3.850000000000000089e+00
3.860000000000000320e+00
3.870000000000000107e+00
3.879999999999999893e+00
3.890000000000000124e+00
3.900000000000000355e+00
3.910000000000000142e+00
3.919999999999999929e+00
3.930000000000000160e+00
3.940000000000000391e+00
3.950000000000000178e+00
3.959999999999999964e+00
3.970000000000000195e+00
3.980000000000000426e+00
3.990000000000000213e+00
4.000000000000000000e+00
4.009999999999999787e+00
4.020000000000000462e+00
4.030000000000000249e+00
4.040000000000000036e+00
4.050000000000000711e+00
4.060000000000000497e+00
4.070000000000000284e+00
4.080000000000000071e+00
4.089999999999999858e+00
4.100000000000000533e+00
4.110000000000000320e+00
4.120000000000000107e+00
4.130000000000000782e+00
4.140000000000000568e+00
4.150000000000000355e+00
4.160000000000000142e+00
4.169999999999999929e+00
4.179999999999999716e+00
4.189999999999999503e+00
4.200000000000000178e+00
4.209999999999999964e+00
4.219999999999999751e+00
4.229999999999999538e+00
4.240000000000000213e+00
4.250000000000000000e+00
4.259999999999999787e+00
4.269999999999999574e+00
4.280000000000000249e+00
4.290000000000000036e+00
4.299999999999999822e+00
4.309999999999999609e+00
4.320000000000000284e+00
4.330000000000000071e+00
4.339999999999999858e+00
4.349999999999999645e+00
4.360000000000000320e+00
4.370000000000000107e+00
4.379999999999999893e+00
4.389999999999999680e+00
4.400000000000000355e+00
4.410000000000000142e+00
4.419999999999999929e+00
4.429999999999999716e+00
4.440000000000000391e+00
4.450000000000000178e+00
4.459999999999999964e+00
4.469999999999999751e+00
4.480000000000000426e+00
4.490000000000000213e+00
4.500000000000000000e+00
4.509999999999999787e+00
4.520000000000000462e+00
4.530000000000000249e+00
4.540000000000000036e+00
4.549999999999999822e+00
4.560000000000000497e+00
4.570000000000000284e+00
4.580000000000000071e+00
4.589999999999999858e+00
4.600000000000000533e+00
4.610000000000000320e+00
4.620000000000000107e+00
4.629999999999999893e+00
4.640000000000000568e+00
4.650000000000000355e+00
4.660000000000000142e+00
4.669999999999999929e+00
4.680000000000000604e+00
4.690000000000000391e+00
4.700000000000000178e+00
4.709999999999999964e+00
4.720000000000000639e+00
4.730000000000000426e+00
4.740000000000000213e+00
4.750000000000000000e+00
4.760000000000000675e+00
4.770000000000000462e+00
4.780000000000000249e+00
4.790000000000000036e+00
4.799999999999999822e+00
4.809999999999999609e+00
4.820000000000000284e+00
4.830000000000000071e+00
4.839999999999999858e+00
4.849999999999999645e+00
4.859999999999999432e+00
4.870000000000000107e+00
4.879999999999999893e+00
4.889999999999999680e+00
4.900000000000000355e+00
4.910000000000000142e+00
4.919999999999999929e+00
4.929999999999999716e+00
4.939999999999999503e+00
4.950000000000000178e+00
4.959999999999999964e+00
4.969999999999999751e+00
4.980000000000000426e+00
4.990000000000000213e+00
5.000000000000000000e+00
5.009999999999999787e+00
5.019999999999999574e+00
5.030000000000000249e+00
5.040000000000000036e+00
5.049999999999999822e+00
5.060000000000000497e+00
5.070000000000000284e+00
5.080000000000000071e+00
5.089999999999999858e+00
5.099999999999999645e+00
5.110000000000000320e+00
5.120000000000000107e+00
5.129999999999999893e+00
5.140000000000000568e+00
5.150000000000000355e+00
5.160000000000000142e+00
5.169999999999999929e+00
5.179999999999999716e+00
5.190000000000000391e+00
5.200000000000000178e+00
5.209999999999999964e+00
5.220000000000000639e+00
5.230000000000000426e+00
5.240000000000000213e+00
5.250000000000000000e+00
5.259999999999999787e+00
5.270000000000000462e+00
5.280000000000000249e+00
5.290000000000000036e+00
5.300000000000000711e+00
5.310000000000000497e+00
5.320000000000000284e+00
5.330000000000000071e+00
5.339999999999999858e+00
5.350000000000000533e+00
5.360000000000000320e+00
5.370000000000000107e+00
5.380000000000000782e+00
5.390000000000000568e+00
5.400000000000000355e+00
5.410000000000000142e+00
5.419999999999999929e+00
5.430000000000000604e+00
5.440000000000000391e+00
5.450000000000000178e+00
5.460000000000000853e+00
5.470000000000000639e+00
5.480000000000000426e+00
5.490000000000000213e+00
5.500000000000000000e+00
5.510000000000000675e+00
5.520000000000000462e+00
5.530000000000000249e+00
5.540000000000000924e+00
5.550000000000000711e+00
5.560000000000000497e+00
5.570000000000000284e+00
5.580000000000000071e+00
5.590000000000000746e+00
5.600000000000000533e+00
5.610000000000000320e+00
5.620000000000000995e+00
5.630000000000000782e+00
5.640000000000000568e+00
5.650000000000000355e+00
5.660000000000000142e+00
5.670000000000000817e+00
5.680000000000000604e+00
5.690000000000000391e+00
5.700000000000001066e+00
5.710000000000000853e+00
5.720000000000000639e+00
5.730000000000000426e+00
5.740000000000000213e+00
5.750000000000000888e+00
5.760000000000000675e+00
5.769999999999999574e+00
5.779999999999999361e+00
5.789999999999999147e+00
5.799999999999999822e+00
5.809999999999999609e+00
5.819999999999999396e+00
5.830000000000000071e+00
5.839999999999999858e+00
5.849999999999999645e+00
5.859999999999999432e+00
5.869999999999999218e+00
5.879999999999999893e+00
5.889999999999999680e+00
5.899999999999999467e+00
5.910000000000000142e+00
5.919999999999999929e+00
5.929999999999999716e+00
5.939999999999999503e+00
5.949999999999999289e+00
5.959999999999999964e+00
5.969999999999999751e+00
5.979999999999999538e+00
5.990000000000000213e+00
6.000000000000000000e+00
6.009999999999999787e+00
6.019999999999999574e+00
6.029999999999999361e+00
6.040000000000000036e+00
6.049999999999999822e+00
6.059999999999999609e+00
6.070000000000000284e+00
6.080000000000000071e+00
6.089999999999999858e+00
6.099999999999999645e+00
6.109999999999999432e+00
6.120000000000000107e+00
6.129999999999999893e+00
6.139999999999999680e+00
6.150000000000000355e+00
6.160000000000000142e+00
6.169999999999999929e+00
6.179999999999999716e+00
6.189999999999999503e+00
6.200000000000000178e+00
6.209999999999999964e+00
6.219999999999999751e+00
6.230000000000000426e+00
6.240000000000000213e+00
6.250000000000000000e+00
6.259999999999999787e+00
6.269999999999999574e+00
6.280000000000000249e+00
6.290000000000000036e+00
6.299999999999999822e+00
6.310000000000000497e+00
6.320000000000000284e+00
6.330000000000000071e+00
6.339999999999999858e+00
6.349999999999999645e+00
6.360000000000000320e+00
6.370000000000000107e+00
6.379999999999999893e+00
6.390000000000000568e+00
6.400000000000000355e+00
6.410000000000000142e+00
6.419999999999999929e+00
6.429999999999999716e+00
6.440000000000000391e+00
6.450000000000000178e+00
6.459999999999999964e+00
6.470000000000000639e+00
6.480000000000000426e+00
6.490000000000000213e+00
6.500000000000000000e+00
6.509999999999999787e+00
6.520000000000000462e+00
6.530000000000000249e+00
6.540000000000000036e+00
6.550000000000000711e+00
6.560000000000000497e+00
6.570000000000000284e+00
6.580000000000000071e+00
6.589999999999999858e+00
6.600000000000000533e+00
6.610000000000000320e+00
6.620000000000000107e+00
6.630000000000000782e+00
6.640000000000000568e+00
6.650000000000000355e+00
6.660000000000000142e+00
6.669999999999999929e+00
6.680000000000000604e+00
6.690000000000000391e+00
6.700000000000000178e+00
6.710000000000000853e+00
6.720000000000000639e+00
6.730000000000000426e+00
6.740000000000000213e+00
6.750000000000000000e+00
6.760000000000000675e+00
6.770000000000000462e+00
6.780000000000000249e+00
6.790000000000000924e+00
6.800000000000000711e+00
6.810000000000000497e+00
6.820000000000000284e+00
6.830000000000000071e+00
6.840000000000000746e+00
6.850000000000000533e+00
6.860000000000000320e+00
6.870000000000000995e+00
6.880000000000000782e+00
6.890000000000000568e+00
6.900000000000000355e+00
6.910000000000000142e+00
6.920000000000000817e+00
6.930000000000000604e+00
6.940000000000000391e+00
6.950000000000001066e+00
6.960000000000000853e+00
6.970000000000000639e+00
6.980000000000000426e+00
6.990000000000000213e+00
7.000000000000000888e+00
7.010000000000000675e+00
7.020000000000000462e+00
7.030000000000001137e+00
7.039999999999999147e+00
7.049999999999999822e+00
7.059999999999999609e+00
7.069999999999999396e+00
7.080000000000000071e+00
7.089999999999999858e+00
7.099999999999999645e+00
7.109999999999999432e+00
7.119999999999999218e+00
7.129999999999999893e+00
7.139999999999999680e+00
7.149999999999999467e+00
7.160000000000000142e+00
7.169999999999999929e+00
7.179999999999999716e+00
7.189999999999999503e+00
7.199999999999999289e+00
7.209999999999999964e+00
7.219999999999999751e+00
7.229999999999999538e+00
7.240000000000000213e+00
7.250000000000000000e+00
7.259999999999999787e+00
7.269999999999999574e+00
7.279999999999999361e+00
7.290000000000000036e+00
7.299999999999999822e+00
7.309999999999999609e+00
7.320000000000000284e+00
7.330000000000000071e+00
7.339999999999999858e+00
7.349999999999999645e+00
7.359999999999999432e+00
7.370000000000000107e+00
7.379999999999999893e+00
7.389999999999999680e+00
7.400000000000000355e+00
7.410000000000000142e+00
7.419999999999999929e+00
7.429999999999999716e+00
7.439999999999999503e+00
7.450000000000000178e+00
7.459999999999999964e+00
7.469999999999999751e+00
7.480000000000000426e+00
7.490000000000000213e+00
7.500000000000000000e+00
7.509999999999999787e+00
7.519999999999999574e+00
7.530000000000000249e+00
7.540000000000000036e+00
7.549999999999999822e+00
7.560000000000000497e+00
7.570000000000000284e+00
7.580000000000000071e+00
7.589999999999999858e+00
7.599999999999999645e+00
7.610000000000000320e+00
7.620000000000000107e+00
7.629999999999999893e+00
7.640000000000000568e+00
7.650000000000000355e+00
7.660000000000000142e+00
7.669999999999999929e+00
7.679999999999999716e+00
7.690000000000000391e+00
7.700000000000000178e+00
7.709999999999999964e+00
7.720000000000000639e+00
7.730000000000000426e+00
7.740000000000000213e+00
7.750000000000000000e+00
7.759999999999999787e+00
7.770000000000000462e+00
7.780000000000000249e+00
7.790000000000000036e+00
7.800000000000000711e+00
7.810000000000000497e+00
7.820000000000000284e+00
7.830000000000000071e+00
7.839999999999999858e+00
7.850000000000000533e+00
7.860000000000000320e+00
7.870000000000000107e+00
7.880000000000000782e+00
7.890000000000000568e+00
7.900000000000000355e+00
7.910000000000000142e+00
7.919999999999999929e+00
7.930000000000000604e+00
7.940000000000000391e+00
7.950000000000000178e+00
7.960000000000000853e+00
7.970000000000000639e+00
7.980000000000000426e+00
7.990000000000000213e+00
8.000000000000000000e+00
8.009999999999999787e+00
8.019999999999999574e+00
8.030000000000001137e+00
8.040000000000000924e+00
8.050000000000000711e+00
8.060000000000000497e+00
8.070000000000000284e+00
8.080000000000000071e+00
8.089999999999999858e+00
8.100000000000001421e+00
8.110000000000001208e+00
8.120000000000000995e+00
8.130000000000000782e+00
8.140000000000000568e+00
8.150000000000000355e+00
8.160000000000000142e+00
8.169999999999999929e+00
8.179999999999999716e+00
8.190000000000001279e+00
8.200000000000001066e+00
8.210000000000000853e+00
8.220000000000000639e+00
8.230000000000000426e+00
8.240000000000000213e+00
8.250000000000000000e+00
8.260000000000001563e+00
8.270000000000001350e+00
8.280000000000001137e+00
8.290000000000000924e+00
8.300000000000000711e+00
8.310000000000000497e+00
8.320000000000000284e+00
8.330000000000000071e+00
8.339999999999999858e+00
8.349999999999999645e+00
8.359999999999999432e+00
8.369999999999999218e+00
8.379999999999999005e+00
8.390000000000000568e+00
8.400000000000000355e+00
8.410000000000000142e+00
8.419999999999999929e+00
8.429999999999999716e+00
8.439999999999999503e+00
8.449999999999999289e+00
8.459999999999999076e+00
8.469999999999998863e+00
8.480000000000000426e+00
8.490000000000000213e+00
8.500000000000000000e+00
8.509999999999999787e+00
8.519999999999999574e+00
8.529999999999999361e+00
8.539999999999999147e+00
8.550000000000000711e+00
8.560000000000000497e+00
8.570000000000000284e+00
8.580000000000000071e+00
8.589999999999999858e+00
8.599999999999999645e+00
8.609999999999999432e+00
8.619999999999999218e+00
8.629999999999999005e+00
8.640000000000000568e+00
8.650000000000000355e+00
8.660000000000000142e+00
8.669999999999999929e+00
8.679999999999999716e+00
8.689999999999999503e+00
8.699999999999999289e+00
8.710000000000000853e+00
8.720000000000000639e+00
8.730000000000000426e+00
8.740000000000000213e+00
8.750000000000000000e+00
8.759999999999999787e+00
8.769999999999999574e+00
8.779999999999999361e+00
8.789999999999999147e+00
8.800000000000000711e+00
8.810000000000000497e+00
8.820000000000000284e+00
8.830000000000000071e+00
8.839999999999999858e+00
8.849999999999999645e+00
8.859999999999999432e+00
8.870000000000000995e+00
8.880000000000000782e+00
8.890000000000000568e+00
8.900000000000000355e+00
8.910000000000000142e+00
8.919999999999999929e+00
8.929999999999999716e+00
8.939999999999999503e+00
8.949999999999999289e+00
8.960000000000000853e+00
8.970000000000000639e+00
8.980000000000000426e+00
8.990000000000000213e+00
9.000000000000000000e+00
9.009999999999999787e+00
9.019999999999999574e+00
9.030000000000001137e+00
9.040000000000000924e+00
9.050000000000000711e+00
9.060000000000000497e+00
9.070000000000000284e+00
9.080000000000000071e+00
9.089999999999999858e+00
9.099999999999999645e+00
9.109999999999999432e+00
9.120000000000000995e+00
9.130000000000000782e+00
9.140000000000000568e+00
9.150000000000000355e+00
9.160000000000000142e+00
9.169999999999999929e+00
9.179999999999999716e+00
9.190000000000001279e+00
9.200000000000001066e+00
9.210000000000000853e+00
9.220000000000000639e+00
9.230000000000000426e+00
9.240000000000000213e+00
9.250000000000000000e+00
9.259999999999999787e+00
9.269999999999999574e+00
9.280000000000001137e+00
9.290000000000000924e+00
9.300000000000000711e+00
9.310000000000000497e+00
9.320000000000000284e+00
9.330000000000000071e+00
9.339999999999999858e+00
9.350000000000001421e+00
9.360000000000001208e+00
9.370000000000000995e+00
9.380000000000000782e+00
9.390000000000000568e+00
9.400000000000000355e+00
9.410000000000000142e+00
9.419999999999999929e+00
9.429999999999999716e+00
9.440000000000001279e+00
9.450000000000001066e+00
9.460000000000000853e+00
9.470000000000000639e+00
9.480000000000000426e+00
9.490000000000000213e+00
9.500000000000000000e+00
9.510000000000001563e+00
9.520000000000001350e+00
9.530000000000001137e+00
9.540000000000000924e+00
9.550000000000000711e+00
9.560000000000000497e+00
9.570000000000000284e+00
9.580000000000000071e+00
9.589999999999999858e+00
9.599999999999999645e+00
9.609999999999999432e+00
9.619999999999999218e+00
9.629999999999999005e+00
9.640000000000000568e+00
9.650000000000000355e+00
9.660000000000000142e+00
9.669999999999999929e+00
9.679999999999999716e+00
9.689999999999999503e+00
9.699999999999999289e+00
9.709999999999999076e+00
9.719999999999998863e+00
9.730000000000000426e+00
9.740000000000000213e+00
9.750000000000000000e+00
9.759999999999999787e+00
9.769999999999999574e+00
9.779999999999999361e+00
9.789999999999999147e+00
9.800000000000000711e+00
9.810000000000000497e+00
9.820000000000000284e+00
9.830000000000000071e+00
9.839999999999999858e+00
9.849999999999999645e+00
9.859999999999999432e+00
9.869999999999999218e+00
9.879999999999999005e+00
9.890000000000000568e+00
9.900000000000000355e+00
9.910000000000000142e+00
9.919999999999999929e+00
9.929999999999999716e+00
9.939999999999999503e+00
9.949999999999999289e+00
9.960000000000000853e+00
9.970000000000000639e+00
9.980000000000000426e+00
9.990000000000000213e+00
7.274732838502211584e+18
6.958504455807821824e+18
6.017630055454042112e+18
4.610805490915962368e+18
2.961793854841763840e+18
1.306765670343335424e+18
-1.555313100815074240e+17
-1.295562399719217920e+18
-2.061953183547111680e+18
-2.471078536741868544e+18
-2.585273885524363776e+18
-2.487594181715909120e+18
-2.259258030771973632e+18
-1.965108749036071168e+18
-1.648139384575796480e+18
-1.331453958979382016e+18
-1.024446198521701760e+18
-7.302645891574842880e+17
-4.527615718216497920e+17
-1.991989708649364480e+17
2.008444352198507600e+16
1.940076187690943680e+17
3.141221820067731840e+17
3.771147007497081600e+17
3.871781025959450880e+17
3.558213229064582400e+17
2.988914151399681280e+17
2.319477333674008320e+17
1.658954933701584640e+17
1.056358131808973760e+17
5.218608029304888000e+16
5.182045686287400000e+15
-3.538442985089315200e+16
-6.957267253200008000e+16
-9.765897213755483200e+16
-1.198228231234786240e+17
-1.355583548189819040e+17
-1.436625575090148960e+17
-1.434429504091693120e+17
-1.349866283332483200e+17
-1.196205580216764480e+17
-9.931278743947152000e+16
-7.582421912580739200e+16
-5.033801668485281600e+16
-2.377364332008568800e+16
2.991167702525701000e+15
2.937287533097238400e+16
5.632875770865927200e+16
8.549471830655020800e+16
1.173301313819859520e+17
1.499248760655075200e+17
1.789957569839809600e+17
1.990268786757057600e+17
2.052593213162184320e+17
1.957299228125893120e+17
1.722910831909276800e+17
1.405677180221611360e+17
1.078460240357388640e+17
7.984043835832534400e+16
5.779332542077887200e+16
3.819258710757845600e+16
1.554274891832503600e+16
-1.340543932106301200e+16
-4.684456470086832000e+16
-7.868070080074998400e+16
-1.025952464978570240e+17
-1.160318482845746240e+17
-1.206930230192597440e+17
-1.192723530435907200e+17
-1.120184861011430720e+17
-9.592224110149520000e+16
-6.759376548478141600e+16
-2.669779865312859600e+16
2.177134297848693200e+16
6.823254910086882400e+16
1.015619084813437280e+17
1.131817085646250240e+17
1.007959731574514720e+17
7.000860792902719200e+16
3.216326171297568400e+16
-8.702283570518980000e+14
-2.195328146443325200e+16
-3.090654392869102400e+16
-3.226381496103275200e+16
-3.155312893572399600e+16
-3.214904654559332800e+16
-3.388355781484966000e+16
-3.421119376060105600e+16
-2.988482518317878800e+16
-1.855806995687408000e+16
4.501239382387443750e+14
2.568199479342207200e+16
5.339426982007064000e+16
7.800204663178772800e+16
9.400349320297889600e+16
9.819713183428009600e+16
9.071464692258254400e+16
7.486422935423628800e+16
5.527459027192870400e+16
3.643949805290828800e+16
2.155454029728284400e+16
1.020488078308088400e+16
5.313227620678500000e+14
-1.147593666602707200e+16
-2.880807144343406400e+16
-5.178278036085304000e+16
-7.783123603162928000e+16
-1.024998916942421760e+17
-1.203359021993640000e+17
-1.258753491846707360e+17
-1.147507801725909440e+17
-8.515550988988283200e+16
-3.938753264594880800e+16
1.591276609258169600e+16
7.096281280462128000e+16
1.150567836914900640e+17
1.396915165159993280e+17
1.411861184627530880e+17
1.215299037467168000e+17
8.726216513909672000e+16
4.727885152868404000e+16
1.022176548812977600e+16
-1.813023716079032800e+16
-3.582727650488512000e+16
-4.433029553464103200e+16
-4.660214834133380800e+16
-4.468980284733079200e+16
-3.885990182265361600e+16
-2.848194734658117200e+16
-1.311845996620817000e+16
6.067597843575294000e+15
2.607358383199933600e+16
4.219643407596188000e+16
4.947740644981963200e+16
4.482149588150422400e+16
2.885700996014789600e+16
6.787015798543095000e+15
-1.352309668394809600e+16
-2.494041048975146400e+16
-2.509413819487748800e+16
-1.642282189780675400e+16
-3.761465448741889000e+15
9.904926734845484000e+15
2.447701501448424400e+16
4.104821261531633600e+16
5.911444546409676800e+16
7.527759478571793600e+16
8.464225730606131200e+16
8.278281953164961600e+16
6.773991361626704000e+16
4.106551714558413600e+16
6.862356974645705000e+15
-3.030507910001732800e+16
-6.662310760673214400e+16
-9.845207338074619200e+16
-1.219199959705295680e+17
-1.337548385033458560e+17
-1.337014565613458400e+17
-1.255156050685395840e+17
-1.151480926762194720e+17
-1.072821391546102400e+17
-1.025889589433395200e+17
-9.842601824781840000e+16
-9.098338838464587200e+16
-7.767954225175670400e+16
-5.888681066324961600e+16
-3.751202678010915200e+16
-1.716575318740734000e+16
-9.952074198019475000e+13
1.305677730643935600e+16
2.262423956234370400e+16
2.876718609577900000e+16
3.143734032479945200e+16
3.079033414531998000e+16
2.722420547164338800e+16
2.116514866163429200e+16
1.328031759110770600e+16
5.030596975839980000e+15
-1.054221391124887000e+15
-2.709625998660020000e+15
-4.198289430826250000e+13
4.462065636082879000e+15
7.901742489149428000e+15
9.811855406862520000e+15
1.233855660925278200e+16
1.780004483355384400e+16
2.628269654863276800e+16
3.642592748036744800e+16
4.730226330765992000e+16
5.897101373838253600e+16
7.131381560435266400e+16
8.275235429410976000e+16
9.046725943407244800e+16
9.152228694328304000e+16
8.452254065570547200e+16
7.061776262020936000e+16
5.333736472825768000e+16
3.714739513449985600e+16
2.567999931072046000e+16
2.056100290416354400e+16
2.128612131348335200e+16
2.477160028896534400e+16
2.779675056044728400e+16
2.718278668335804400e+16
2.124103225505923600e+16
1.077301856967032200e+16
-1.315389643400305500e+15
-1.033714531824976200e+16
-1.116941163288625400e+16
-1.791730097280200000e+13
2.374557925909544800e+16
5.701607877377771200e+16
9.396716941495300800e+16
1.279961651873626240e+17
1.529086313653176640e+17
1.641659298579474880e+17
1.595902481844325760e+17
1.402933685821094560e+17
1.103493624888975040e+17
7.559571414928624000e+16
4.089065066817684800e+16
8.491582650762576000e+15
-2.180695492602060800e+16
-5.152850112043643200e+16
-8.162220193601422400e+16
-1.105780350066422400e+17
-1.336676186450052480e+17
-1.447531499335445760e+17
-1.394182227068502400e+17
-1.171645026383879360e+17
-8.205656217655067200e+16
-4.097461574428852000e+16
-9.882489812082090000e+14
3.233484613761422000e+16
5.493274582542973600e+16
6.540485259324071200e+16
6.573481028632340800e+16
6.015906291860664800e+16
5.286161692198142400e+16
4.665699307522787200e+16
4.335212366346315200e+16
4.439510148391225600e+16
5.054029146257062400e+16
6.029716331507143200e+16
6.932551900754965600e+16
7.157528456711324000e+16
6.190698995575616000e+16
3.904432763322973600e+16
6.178308915542131000e+15
-3.022838749889859200e+16
-6.178272699133582400e+16
-8.092642055014001600e+16
-8.272681234910705600e+16
-6.692263387687897600e+16
-3.853978959183874400e+16
-6.186357533595879000e+15
2.144620568229182400e+16
3.926162546294641600e+16
4.725771140356583200e+16
4.863462493677859200e+16
4.687715729200678400e+16
4.350593341009123200e+16
3.774235808539173600e+16
2.766955607401526400e+16
1.268022404465310600e+16
-5.420668478111175000e+15
-2.219582137498556000e+16
-3.234388102181770800e+16
-3.180709720287848800e+16
-1.969992387988505600e+16
1.242407229707689250e+15
2.636705819576745200e+16
5.131765723545990400e+16
7.258545038014872000e+16
8.752534481188478400e+16
9.499848158039352000e+16
9.565003782070065600e+16
9.144460573277196800e+16
8.405020632643897600e+16
7.290268113437744000e+16
5.586483086317602400e+16
3.130953428715748000e+16
4.549283012296250000e+14
-3.142552578645892000e+16
-5.669567714024636000e+16
-6.884772540609827200e+16
-6.614156547906969600e+16
-5.151212218045595200e+16
-3.000843920269014400e+16
-6.627410791205562000e+15
1.472583565008118400e+16
3.058768321600434000e+16
3.792423475898580000e+16
3.515408630876731600e+16
2.305219157302188800e+16
5.073396264659560000e+15
-1.340162352379138400e+16
-2.631071599221068800e+16
-2.863993055185268800e+16
-1.828636030355134800e+16
2.511040957555268000e+15
2.851730970253826000e+16
5.123483915273014400e+16
6.459723768139072800e+16
6.787208068572390400e+16
6.541318444898768800e+16
6.295206285058788000e+16
6.355415262968602400e+16
6.612836746543167200e+16
6.712612596845810400e+16
6.315289033879423200e+16
5.273566462707018400e+16
3.763542281821892800e+16
2.220564084351583600e+16
1.203746012997585400e+16
1.079018867114087800e+16
1.774082591800541000e+16
2.704671207784504000e+16
3.048040346256299600e+16
2.143675446820847200e+16
-1.311799791539644000e+15
-3.256412892035924400e+16
-6.322801912459192000e+16
-8.544855459315508800e+16
-9.647983901428598400e+16
-9.872310908526156800e+16
-9.568219097363760000e+16
-8.908890900016552000e+16
-7.842025823895276800e+16
-6.281947418208773600e+16
-4.267218038689067200e+16
-2.014746787206073600e+16
1.677339093162364500e+15
2.032345959178459200e+16
3.525715871302140000e+16
4.765633585709303200e+16
5.860633825972792000e+16
6.753019750947993600e+16
7.364511333876484800e+16
7.802716419314182400e+16
8.427823479511916800e+16
9.609517395035379200e+16
1.139264448767441280e+17
1.342404555274165120e+17
1.509506138190075520e+17
1.579265259957105280e+17
1.510731586426958720e+17
1.298557740255356480e+17
9.747364442690459200e+16
6.026856408694656800e+16
2.589727775578375200e+16
8.178310293655540000e+14
-1.215418244551881600e+16
-1.471015177803597800e+16
-1.220108423086876200e+16
-1.140139796311044000e+16
-1.787205485277099400e+16
-3.305543132594457600e+16
-5.289206370657424800e+16
-6.888787451779685600e+16
-7.177249929783548000e+16
-5.620091156093488000e+16
-2.374877179767063600e+16
1.745560168636263000e+16
5.590947676608350400e+16
8.077912942482392000e+16
8.520960304870244800e+16
6.780205139137704800e+16
3.334425932745579600e+16
-8.350710405685260000e+15
-4.543826522523292000e+16
-6.769030586779262400e+16
-7.006428293376492000e+16
-5.402394318114822400e+16
-2.585878691238122800e+16
5.965242253811450000e+15
3.383722832812142000e+16
5.333349661544164000e+16
6.410848093456516800e+16
6.837870585272592000e+16
6.837306824149039200e+16
6.466202961422544000e+16
5.633837315306999200e+16
4.247695020347327200e+16
2.314457525478157200e+16
-7.346936241037370000e+14
-2.776528474240100400e+16
-5.686396219371604000e+16
-8.664679104942398400e+16
-1.144528106202600000e+17
-1.372604082642760000e+17
-1.523078313361014080e+17
-1.574988348910744960e+17
-1.506512962073552960e+17
-1.307187105769027520e+17
-9.912995622049926400e+16
-6.089854145102172800e+16
-2.439198554829848800e+16
1.972190656203640000e+15
1.326860208005787800e+16
1.050626627731284800e+16
6.834516723190520000e+14
-6.781921810706328000e+15
-4.140864297049762000e+15
1.120100160781586200e+16
3.580238915934799200e+16
6.209484379923636800e+16
8.012204783937345600e+16
8.135238839210729600e+16
6.267030938956228800e+16
2.906328081451488400e+16
-8.495810206355692000e+15
-3.860464636554916000e+16
-5.490772880937121600e+16
-5.787802417454747200e+16
-5.128911400245904000e+16
-3.877893278026758400e+16
-2.237878045843390400e+16
-3.287349605008271000e+15
1.686439915732614000e+16
3.563267348746224800e+16
5.064735131198579200e+16
6.096019424631198400e+16
6.756986591074221600e+16
7.239313394663652800e+16
7.633885826578416000e+16
7.929600548288985600e+16
8.002083779743356800e+16
7.667486715960563200e+16
6.629983888985222400e+16
4.636985058594009600e+16
1.718186147891574400e+16
-1.691987598869707000e+16
-4.879597836545143200e+16
-7.105610943449132800e+16
-7.871889086272883200e+16
-6.967873932763357600e+16
-4.495208342179534400e+16
-8.555951136304592000e+15
3.298765006313146000e+16
7.210568689315361600e+16
1.022227801280884800e+17
1.192013771386785440e+17
1.216057028184105120e+17
1.101577813247731200e+17
8.734050420103627200e+16
5.732798118035510400e+16
2.583790346984808800e+16
-1.483283501365861500e+15
-2.036448605782732000e+16
-2.851723306566672800e+16
-2.508726057258313200e+16
-1.148336068306001200e+16
8.228574969404616000e+15
2.749111817666077200e+16
3.943919080385136000e+16
3.976747977633275200e+16
2.882819653756921600e+16
1.187241238897958000e+16
-3.259919167021479000e+15
-8.534904102119080000e+15
1.352879900290580000e+15
2.634070984586869200e+16
6.089938737961638400e+16
9.576689694057116800e+16
1.207746527431613440e+17
1.276272287253252800e+17
1.123546580498176800e+17
7.664563392663843200e+16
2.768155940120196000e+16
-2.379433229933948800e+16
-6.666343528045545600e+16
-9.261965783324276800e+16
-9.859854950312784000e+16
-8.731757017604819200e+16
-6.542572981725395200e+16
-4.055591152515836800e+16
-1.824294649266950800e+16
-3.512622595249652500e+14
1.468829356531701400e+16
2.998603548663970400e+16
4.780772279728324800e+16
6.837427618757198400e+16
9.038210183494918400e+16
1.113949467209970240e+17
1.285219207042767520e+17
1.391840981348635680e+17
1.418848400900335520e+17
1.371053592638853440e+17
1.266973723924493760e+17
1.121775330907361440e+17
9.340484178350803200e+16
6.865607928563293600e+16
3.604351502706772800e+16
-4.028443747056504000e+15
-4.648456796815966400e+16
-8.274840901939953600e+16
-1.042133217598714240e+17
-1.060466183259756480e+17
-8.830923923075764800e+16
-5.480068899924787200e+16
-1.305176564113342600e+16
2.936123773749152400e+16
6.468432173754949600e+16
8.663976756111880000e+16
9.076866921041784000e+16
7.507177843314966400e+16
4.166463582817983200e+16
-1.428758330387480000e+15
-4.066960324232257600e+16
-6.083774544417337600e+16
-5.105791947581369600e+16
-9.515892846151896000e+15
5.468245551187139200e+16
1.242503410347777760e+17
1.796323753076826240e+17
2.059579266036187200e+17
1.978146462025452800e+17
1.582706500538020480e+17
9.569755494517763200e+16
2.076353459479783200e+16
-5.375169122382454400e+16
-1.135886948261256640e+17
-1.462449763431849920e+17
-1.464858047258174400e+17
-1.198077741624218240e+17
-8.030749237834684800e+16
-4.376645308661689600e+16
-1.976120898371948400e+16
-8.694487869107882000e+15
-4.672777535929996000e+15
-1.180973579949713000e+15
5.742246328250186000e+15
1.785533583110939200e+16
3.614220029461588800e+16
6.126866148618830400e+16
9.266543872178563200e+16
1.271251908169987680e+17
1.583526117234879680e+17
1.787735259431636480e+17
1.828961621927058560e+17
1.694416153531237120e+17
1.417835892078354560e+17
1.066429798782366400e+17
7.214390868205006400e+16
4.568307217167041600e+16
3.239452552146258400e+16
3.344928105414214400e+16
4.551794477220094400e+16
6.121088568195304000e+16
7.089146469701127200e+16
6.591265339209084000e+16
4.208259940824688800e+16
2.044411447965559000e+15
-4.594526799835720000e+16
-9.190805972604009600e+16
-1.279854985559164960e+17
-1.502440794670140480e+17
-1.586157893670523840e+17
-1.565818528280367680e+17
-1.497038118491720320e+17
-1.434826622584254400e+17
-1.405528841631804000e+17
-1.401029418645223040e+17
-1.394375946674317440e+17
-1.358273080174660640e+17
-1.283625366334772320e+17
-1.185581420626709120e+17
-1.088769266591050080e+17
-1.005148614665176320e+17
-9.224897856864275200e+16
-8.122317993932392000e+16
-6.511678656197386400e+16
-4.416993132077645600e+16
-2.155406670722642800e+16
-1.000003790187107625e+15
1.586309236575301200e+16
2.998909077025438400e+16
4.355510515829582400e+16
5.756331121214963200e+16
7.122569237505798400e+16
8.228106107705508800e+16
8.823718397660699200e+16
8.807417314351331200e+16
8.351382805681667200e+16
7.931847449550273600e+16
8.143481110088040000e+16
9.327834780749457600e+16
1.127109021659492800e+17
1.321250197076328800e+17
1.422963453308935040e+17
1.370872603225799040e+17
1.160416021384332480e+17
8.368377209873616000e+16
4.553025615037056800e+16
4.778678424102222000e+15
-3.765348263800783200e+16
-8.083617499620987200e+16
-1.218716971234345920e+17
-1.548785584131151360e+17
-1.738466253255077760e+17
-1.724416731049361600e+17
-1.517585447501146880e+17
-1.170510873643481760e+17
-7.721235453313192000e+16
-4.154081989668460800e+16
-1.678286201693465400e+16
-5.156877152520676000e+15
-3.911816184246646000e+15
-6.763556004191528000e+15
-7.288830784655958000e+15
-1.678419981658046000e+15
1.033009189963222200e+16
2.737678198449317200e+16
4.908685674981190400e+16
7.626761852828078400e+16
1.091971086967834560e+17
1.442253227372396800e+17
1.725207442637839040e+17
1.824808070760548480e+17
1.650539901449016000e+17
1.180481785636821440e+17
4.839759456305816000e+16
-2.971394268170391200e+16
-9.943234156568051200e+16
-1.466874041102699520e+17
-1.644826624851790720e+17
-1.549257573492313920e+17
-1.280283181705946240e+17
-9.805982991731576000e+16
-7.738612848313686400e+16
-7.177974905641726400e+16
-7.842947055236921600e+16
-8.860694268595760000e+16
-9.211940825247136000e+16
-8.132361913023969600e+16
-5.423121790828944000e+16
-1.465147474126232800e+16
3.000576528675589600e+16
7.162664666119927200e+16
1.040515609838641760e+17
1.236534467911628960e+17
1.288207953946195680e+17
1.192673570432144640e+17
9.673077632471041600e+16
6.544427418759566400e+16
3.142120478780963200e+16
-2.378561136101204375e+14
-2.753439004401611200e+16
-5.087034040147045600e+16
-7.071636591445212800e+16
-8.629071434907640000e+16
-9.617614115434841600e+16
-9.943491691087660800e+16
-9.610164451092944000e+16
-8.664561202791676800e+16
-7.117333247584708800e+16
-4.996476570198758400e+16
-2.372814770083066000e+16
5.510272543984494000e+15
3.503934951221672800e+16
6.286825643457537600e+16
8.765148563003902400e+16
1.082049105898827680e+17
1.220908732576967040e+17
1.252121792282223520e+17
1.133357137044444960e+17
8.448133191227918400e+16
4.211213006069719200e+16
-4.523771614565941000e+15
-4.339276243257614400e+16
-6.482084753978123200e+16
-6.618900673794094400e+16
-5.300492149087821600e+16
-3.542776172254740000e+16
-2.272213769706512800e+16
-1.875021918591041600e+16
-2.163308540438920800e+16
-2.543665466789322400e+16
-2.399913311815609200e+16
-1.531203963494565000e+16
-2.921026351368539000e+15
5.768376081108788000e+15
4.559283335498558000e+15
-7.016057252379489000e+15
-2.325496401026502800e+16
-3.627475912470702400e+16
-4.152380341501681600e+16
-4.018572951428030400e+16
-3.691683684318716800e+16
-3.562707956368276800e+16
-3.639614267106108800e+16
-3.537525945304812400e+16
-2.733220216847038800e+16
-8.025769258535166000e+15
2.312447572427177200e+16
6.230709643967739200e+16
1.014437807962655200e+17
1.308881004683645280e+17
1.440762533068899680e+17
1.407020529947750880e+17
1.268436246674308800e+17
1.096275493860226560e+17
9.373772736167108800e+16
8.007614092912616000e+16
6.683798515076452800e+16
5.183559368830771200e+16
3.373423043914384000e+16
1.307300935516999400e+16
-7.559329860029801000e+15
-2.463004885530127200e+16
-3.647176522171760000e+16
-4.468472285022062400e+16
-5.381209492073777600e+16
-6.943895180921203200e+16
-9.469568610892713600e+16
-1.275614862767265920e+17
-1.605953612405043520e+17
-1.839454783922160320e+17
-1.892434447622584960e+17
-1.723828502654930880e+17
-1.345316816280128480e+17
-8.172357246915238400e+16
-2.329248409077985600e+16
3.068176692079705200e+16
7.148197924548859200e+16
9.402820192944816000e+16
9.826633615918894400e+16
8.893156416901820800e+16
7.251245826989787200e+16
5.325122559353050400e+16
3.132265120377176800e+16
6.106293384849009000e+15
-1.995651994302926000e+16
-3.976286197686590400e+16
-4.531519668027333600e+16
-3.305804125394076400e+16
-6.300955970962770000e+15
2.578280956539056800e+16
5.282386955379112000e+16
6.717902826552667200e+16
6.620925255176246400e+16
5.182754509870294400e+16
2.825961156253667600e+16
-2.596953600594360000e+14
-2.974679218251925200e+16
-5.669652871744377600e+16
-7.751768042817798400e+16
-8.905033667400299200e+16
-8.965364074085294400e+16
-8.009343945795353600e+16
-6.399372306985216800e+16
-4.663504673509038400e+16
-3.189461978538810800e+16
-2.080013802396292000e+16
-1.223920664367065200e+16
-5.062976637225869000e+15
7.874223226952798750e+14
5.169068711599225000e+15
8.626582688186664000e+15
1.150670928694885600e+16
1.314161335569120000e+16
1.124105680578715600e+16
3.247754671741939000e+15
-1.195977112820179600e+16
-3.225630578555320800e+16
-5.191933014322235200e+16
-6.362212560103824000e+16
-6.195136229466774400e+16
-4.577643046944705600e+16
-1.805348306092651200e+16
1.505304892314070200e+16
4.619765321828718400e+16
6.989635660529396000e+16
8.553478364613059200e+16
9.713190223211003200e+16
1.103657523289512640e+17
1.282450555566646080e+17
1.491019101245352960e+17
1.670130137048453760e+17
1.741239517215300480e+17
1.642304279721571520e+17
1.352841818277105760e+17
9.060491446447427200e+16
3.858059297901928000e+16
-1.072836699597521200e+16
-4.874920438509404800e+16
-7.048369415287122400e+16
-7.542436715557910400e+16
-6.752257127956361600e+16
-5.361011518610217600e+16
-4.039822278593111200e+16
-3.099007593362987600e+16
-2.454252742906691600e+16
-1.779862283760037600e+16
-8.301146013710070000e+15
3.675962929044528000e+15
1.491094558258673400e+16
2.140005277650230800e+16
2.104808946575678800e+16
1.522784500494543000e+16
5.533247246517296000e+15
-5.887578854519162000e+15
-1.782800556404589600e+16
-2.787382035633000400e+16
-3.218268450558388000e+16
-2.796363769375260000e+16
-1.527641601228200400e+16
3.433515769487440000e+15
2.473873175905950800e+16
4.552125574979715200e+16
6.364617444390556800e+16
7.751069043645745600e+16
8.576244221686212800e+16
8.685586783237910400e+16
7.959048778305286400e+16
6.392722719678820000e+16
4.140928959007655200e+16
1.620799058534117600e+16
-5.410597792487866000e+15
-1.737607118315483600e+16
-1.737673531191308000e+16
-8.258290256432534000e+15
3.175214371275658000e+15
1.008643337488640800e+16
9.126384573537726000e+15
1.378310935653209000e+15
-9.025237840319888000e+15
-1.656641242918610200e+16
-1.617617856927009400e+16
-5.309297914764404000e+15
1.441944433912796600e+16
3.769236071289915200e+16
5.793004845812222400e+16
7.044647209237604800e+16
7.347519309836187200e+16
6.754575921181997600e+16
5.414965997091644000e+16
3.526582514314590400e+16
1.379205384525209600e+16
-6.355580341971646000e+15
-2.084068476866979200e+16
-2.722742609654017200e+16
-2.667274330210862400e+16
-2.325325116210109600e+16
-2.180293714812101600e+16
-2.457687130685016000e+16
-2.978623520964543200e+16
-3.306336188707303600e+16
-3.090576317154664800e+16
-2.320230650378562800e+16
-1.293886314083749400e+16
-3.567355068143907000e+15
3.521446604432513000e+15
9.449438038405422000e+15
1.607740368183007000e+16
2.400892451045908400e+16
3.200177789211092000e+16
3.827734560644244000e+16
4.206399357820992000e+16
4.391707625370312800e+16
4.449496418190939200e+16
4.384385752514793600e+16
4.117722220424333600e+16
3.554947189315697600e+16
2.686235157177554000e+16
1.697905816268833000e+16
9.365037745123556000e+15
7.942429605346258000e+15
1.465173507411947000e+16
2.767428800119883200e+16
4.164886433186316000e+16
5.029354256745191200e+16
4.940390368382602400e+16
3.837665656013292000e+16
1.923614905844578800e+16
-5.044730038032182000e+15
-3.171512005360292400e+16
-5.687704613121683200e+16
-7.541738695761379200e+16
-8.237026089930358400e+16
-7.605955354483398400e+16
-5.974920858978232800e+16
-4.011932032442111200e+16
-2.358984949711774400e+16
-1.351977262875182400e+16
-1.083709270657552400e+16
-1.482620380765016800e+16
-2.442201909397664000e+16
-3.792449899134529600e+16
-5.269828872344823200e+16
-6.608941804030512000e+16
-7.620729244830345600e+16
-8.201977877546748800e+16
-8.234954574403883200e+16
-7.562636625152105600e+16
-6.116171023298920800e+16
-4.168516615865436000e+16
-2.276901693953706800e+16
-1.098418477492377400e+16
-1.081535669289357200e+16
-2.235552880272848400e+16
-3.959756408277194400e+16
-5.227514245765000800e+16
-5.029462210703764800e+16
-2.895329036958143600e+16
8.235418622185111000e+15
5.092127967754472000e+16
8.706934163592060800e+16
1.079943407981084960e+17
1.108416144521663840e+17
9.780603243188049600e+16
7.383534517446587200e+16
4.545307145536396000e+16
1.973094457146273600e+16
2.630789469228685000e+15
-2.924913515175176000e+15
2.605339453358476000e+15
1.471636038519353200e+16
2.628593493528312400e+16
2.917518944461376400e+16
1.783257949388650400e+16
-7.172236381444595000e+15
-3.809621692448911200e+16
-6.268082019470785600e+16
-7.028036922533849600e+16
-5.706995059682776800e+16
-2.735106303422281200e+16
1.042615415562238800e+16
4.794218436998932800e+16
7.909247145106019200e+16
9.998773320304646400e+16
1.083976191394429760e+17
1.030917021950967520e+17
8.437579336007323200e+16
5.491819245532742400e+16
1.944435374218100800e+16
-1.612910584021150800e+16
-4.611112852332616800e+16
-6.564176508266346400e+16
-7.186440953794846400e+16
-6.487787666981633600e+16
-4.838502152824298400e+16
-2.899760196578372400e+16
-1.344641408874747800e+16
-5.101495041699606000e+15
-2.852345309106927000e+15
-2.591242482430643500e+15
-1.822484857629130625e+14
5.924216693691866000e+15
1.397878195577697400e+16
2.135438798447275600e+16
2.726367133850446400e+16
3.350431377133599600e+16
4.243718261199372800e+16
5.283418580664131200e+16
5.939088305152920000e+16
5.620625841306561600e+16
4.116562237598500000e+16
1.718042114685749400e+16
-9.751693503386560000e+15
-3.365160651072341600e+16
-5.036664114076854400e+16
-5.835091627094062400e+16
-5.891638795290410400e+16
-5.571424990726011200e+16
-5.377900504887862400e+16
-5.772998262342311200e+16
-6.949797795035390400e+16
-8.657361476394809600e+16
-1.022999856965987840e+17
-1.088271505886247520e+17
-1.008648370641590400e+17
-7.789375768435788800e+16
-4.458023706272644800e+16
-8.778765421184780000e+15
2.186772694467306400e+16
4.328792322303350400e+16
5.605971639556720800e+16
6.401014493827228800e+16
7.187528416784198400e+16
8.309278287315088000e+16
9.797643470449227200e+16
1.134272534497416480e+17
1.237636874509153600e+17
1.228985183436913600e+17
1.074148664289937920e+17
7.871151473667854400e+16
4.287968047235009600e+16
8.866813100400294000e+15
-1.508602876334783200e+16
-2.517737729126849600e+16
-2.377471192320153200e+16
-1.707474389012398400e+16
-1.097133937030946000e+16
-7.438280054269550000e+15
-4.834328429642590000e+15
-1.149860867812971000e+15
3.504771443087929000e+15
6.940862122546357000e+15
7.275199835024136192e+18
6.881700627442002944e+18
6.100408960386032640e+18
4.733019982757871616e+18
3.211232764896850432e+18
1.441079019604562176e+18
-1.839008037419008000e+17
-1.505038058687227392e+18
-2.511130409463872000e+18
-3.073962896944605696e+18
-3.199060287333432832e+18
-3.022260975227396096e+18
-2.531020504017170432e+18
-2.038586989262564352e+18
-1.534995987870584832e+18
-1.114309538367726720e+18
-7.867942607054571520e+17
-6.130109352413112320e+17
-5.830319519468108800e+17
-4.846411569544412160e+17
-4.135447616493834240e+17
-3.315642037940326400e+17
-2.417023116052121600e+17
-5.198232246596300800e+16
5.227706923406540800e+16
2.684938329139036160e+17
3.036360928200908800e+17
3.655462614260485120e+17
3.699033010924134400e+17
3.393892214954864640e+17
2.276075295741099520e+17
1.528662821513666560e+17
5.530763474211584000e+16
-1.610510016126976000e+16
-9.028901188815654400e+16
-1.518412012089907200e+17
-1.899377240162188800e+17
-2.681328491847659520e+17
-1.551230392306954240e+17
-1.652031610314147840e+17
-1.331478569333800960e+17
-1.767672647370188800e+16
1.616476057088716800e+16
1.640354509186662400e+16
8.263005067833497600e+16
2.246568076874854400e+16
-3.036197155631561600e+16
-9.078859043114240000e+16
-4.995198711712870400e+16
3.316642734114560000e+15
1.499797015689062400e+17
2.839418713872752640e+17
3.838912502188318720e+17
3.740961787508093440e+17
3.803149559394365440e+17
2.491065544580568320e+17
1.390588644585984000e+17
-7.268336234086400000e+13
-5.260053011129958400e+16
-8.377184197295974400e+16
-3.885247443693056000e+16
-1.061826130207948800e+17
-1.533759837206464000e+17
-1.503426821314826240e+17
-1.486792466302955520e+17
-1.489969677884149760e+17
-1.485345099785031680e+17
-1.531624281869168640e+17
-1.557953546650419200e+17
-1.313519428666511360e+17
-1.382644385106819840e+17
-1.531763455438315520e+17
-8.866975506375270400e+16
-3.670316303298355200e+16
7.479993070487654400e+16
4.204978107301888000e+16
-2.003579691057561600e+16
-4.018775006461952000e+16
-1.682022571806028800e+17
-1.343980141355284480e+17
-1.776101139469726720e+17
-1.560903130964930560e+17
-9.640177467282432000e+16
-9.352062324102348800e+16
6.827568216787404800e+16
1.454925438156459520e+17
2.134648463373905920e+17
3.345645154815162880e+17
4.005534715118407680e+17
4.005821463187488000e+17
4.483562988346245120e+17
3.412643433530280960e+17
2.757725139685735680e+17
1.653199644419430400e+17
1.223218269117670400e+17
6.679018666804556800e+16
3.265428550452224000e+16
2.529122408026316800e+16
-5.494409871668736000e+16
-1.627764539884177920e+17
-4.350531483008102400e+17
-5.067095908982016000e+17
-6.264955588350740480e+17
-6.042529022358400000e+17
-5.754776680029245440e+17
-5.802181072293908480e+17
-4.219189709006392320e+17
-2.565868736927518720e+17
-9.440021514623814400e+16
3.744731769559859200e+16
1.472628033944678400e+17
1.230918291200583680e+17
1.511757172188436480e+17
7.420967520276377600e+16
-1.562874907407360000e+15
-2.662319094322995200e+16
-1.632855063382743040e+17
-1.951081938751078400e+17
-2.307733301225512960e+17
-3.177856108146247680e+17
-4.102425069277904640e+17
-3.829269797151139840e+17
-3.565173977575920640e+17
-3.146374928159403520e+17
-2.024483352829829120e+17
-2.593389785664307200e+16
5.887296112995840000e+16
2.718129276342835200e+17
3.312510503048775680e+17
3.459221024990888960e+17
3.235889696110123520e+17
2.636684468230809600e+17
9.880842805589657600e+16
5.020659137825177600e+16
-3.061663712496844800e+16
-5.649191236959232000e+16
-3.128431695872665600e+16
-3.491123066920857600e+16
-8.138877013366988800e+16
-7.864485488972288000e+16
-5.970758012663961600e+16
-6.633104073588121600e+16
-5.828947213941299200e+16
-2.401021286490931200e+16
-8.184619854766361600e+16
-4.169409684299980800e+16
-1.807096433763584000e+16
-3.923593630897459200e+16
1.167558861283712000e+16
-8.640337223425484800e+16
-1.167918192773022720e+17
-1.373717214818063360e+17
-6.806842982754508800e+16
-6.053865087691110400e+16
5.386549370623692800e+16
1.454155749500354560e+17
2.366949255825776640e+17
2.591152957755279360e+17
3.254224971015987200e+17
2.746366931252444160e+17
1.290583250923719360e+17
9.553636059899392000e+15
-9.621061371581030400e+16
-2.156472235819520000e+17
-3.846960238585651200e+17
-4.275147955728404480e+17
-4.531873200039669760e+17
-3.821071802385098240e+17
-2.319285377657200640e+17
-4.289282335897804800e+16
7.329395055321164800e+16
2.062403747204874240e+17
2.181536632363417600e+17
2.745691245806940160e+17
2.852531880300830720e+17
2.964079386019266560e+17
2.825990311518003200e+17
2.641581057329664000e+17
2.912172255523072000e+17
2.358529317654809600e+17
2.780124751569363200e+17
2.655577307488378880e+17
1.819933370507248640e+17
1.393314250321474560e+17
-5.685394636412646400e+16
-3.785061153897267200e+16
2.547752495260876800e+16
2.020308399271794400e+16
3.712259295515852800e+16
2.755384519605171200e+16
1.183413861897676800e+16
-4.010570523702787200e+16
-6.613664670497587200e+16
-1.741661174978375680e+17
-1.140062614433617920e+17
-1.142810091152888960e+17
-1.533639711448965120e+17
-8.430626982095689600e+16
1.448753760486502400e+16
-2.819262442372403200e+16
1.260341988699033600e+17
5.154104672093593600e+16
-7.061475006625792000e+15
-6.827077335329587200e+16
-6.354722742887628800e+16
-1.236618975448391680e+17
-8.100924307687424000e+16
-6.357790695104716800e+16
-9.699021958302668800e+16
-9.876511992268595200e+16
-5.195177634641510400e+16
-9.604860889632768000e+16
-9.822156765775782400e+16
-9.396321013590835200e+16
-1.400042185875957760e+17
-2.997181595711488000e+16
-4.734933641453260800e+16
3.524928114445312000e+16
9.086874312392448000e+16
2.000344658060881920e+17
2.637640555473397760e+17
2.588026339822136320e+17
2.843112825766766080e+17
2.017220270554880000e+17
1.604469143820851200e+16
-4.670691224597555200e+16
-1.101561545941524480e+17
-2.042632394911641600e+17
-2.354256725701980160e+17
-2.659602016777675520e+17
-2.577596110278425600e+17
-1.185174858514104320e+17
7.169178228814848000e+16
2.003100542172021760e+17
2.533468997852037120e+17
3.249706180973680640e+17
2.931628179057244160e+17
2.492152318265937920e+17
1.812708979974471680e+17
3.158859756176588800e+16
-7.284812469016936000e+16
-3.396171418026560000e+16
-1.149909076869918720e+17
-1.100895839150632960e+17
-1.057713908564888320e+17
-8.043691963080294400e+16
-9.062533175215334400e+16
-1.347431468096081920e+17
-1.869634455046325760e+17
-1.691162442989511680e+17
-9.949041584450816000e+16
-1.030195673193553920e+17
-1.334345805549895680e+17
-2.796491528184569600e+16
-8.837157703908352000e+15
-4.230478876453171200e+16
-8.903112754371584000e+15
6.352370431567232000e+16
1.239818589630095360e+17
1.684019301907681280e+17
2.504763224302648320e+17
3.166110523074775040e+17
2.987951737969039360e+17
2.573362120035280640e+17
2.077868022643681280e+17
1.329677017978339840e+17
1.191891943160893440e+17
-4.746310715177760000e+15
-5.090566296017920000e+14
-2.280839225616281600e+16
3.652483969233408000e+16
5.059112869482291200e+16
4.903889069111296000e+16
6.803101085387366400e+16
7.150210442661171200e+16
2.703245670333440000e+16
1.751901352417868800e+16
-1.322926007824332800e+17
-2.281054887118049280e+17
-2.188045678149400320e+17
-2.866592323638867200e+17
-3.198462645984065280e+17
-3.306025035124787200e+17
-2.705026720867686400e+17
-1.770194442224893440e+17
-9.134942641560422400e+16
-2.168215781326515200e+16
4.859908952026120000e+16
1.503438294383431680e+17
1.029028392515184640e+17
8.217361996216320000e+16
8.647122418917478400e+16
9.965804761069056000e+16
6.404483735996416000e+15
-5.489299522743859200e+16
-9.154190669232640000e+16
-1.943735049718067200e+16
-2.773305467087052800e+16
-6.842902316754944000e+15
-2.636396338466201600e+16
1.297816257447075840e+17
1.466427691860746240e+17
1.297412848238538240e+17
5.582919672849945600e+16
6.443685488824883200e+16
9.243828876901785600e+16
9.181635378760806400e+16
1.022036069918197760e+17
1.413891960038287360e+17
1.945787708572011520e+17
1.691409433208259200e+17
1.159540563994449920e+17
1.087029062483722240e+17
2.016528929263083520e+17
1.327368822031953920e+17
1.784855677476802560e+17
2.224776691895992320e+17
2.668218631643607040e+17
1.874440627463394560e+17
1.414578202479923200e+17
7.591882545266176000e+16
4.698081352319795200e+16
-5.320256082969702400e+16
-5.483910095380480000e+16
-1.078157251250882560e+17
-1.251603311277588480e+17
-5.432066045297523200e+16
-1.284884759268966400e+16
-5.101356993410662400e+16
1.261515643898880000e+15
6.704472084289740800e+16
8.471860751500697600e+16
1.145884086486220800e+17
6.211419829634867200e+16
6.823130987869388800e+16
-4.022901549637632000e+15
-3.229655701111193600e+16
-1.412280507284515840e+17
-1.789007741999042560e+17
-1.990750406276241920e+17
-2.604450317980753920e+17
-3.022168354090844160e+17
-2.791595733490329600e+17
-1.867119717859338240e+17
-7.659322633876147200e+16
-1.095454432607436800e+16
2.177306591276288000e+16
1.374829547675299840e+17
1.642027897616327680e+17
1.891634625773061120e+17
2.247557863402762240e+17
1.774404311265300480e+17
1.500915432435927040e+17
1.540831485647531520e+17
1.604612411216097280e+17
1.361011641893171200e+17
5.696396118237900800e+16
-3.166397377442969600e+16
-7.187514419401984000e+16
-1.224831133243607040e+17
-1.935134963645432320e+17
-1.802306591959377920e+17
-1.396410603552824320e+17
-2.523683815573299200e+16
2.124725172811264000e+16
9.286343103910246400e+16
2.219434230769868800e+17
2.807463499396930560e+17
2.459984926836346880e+17
1.548679103372431360e+17
1.331993243201710080e+17
5.713860608230169600e+16
6.909297547321344000e+15
-6.227754371438592000e+15
-6.940285121738649600e+16
-1.810744659661194240e+17
-2.271152640710164480e+17
-2.129100571286016000e+17
-1.222007607010795520e+17
-8.368921398484992000e+15
5.214399901991936000e+16
1.792137260125163520e+17
1.975814552115180800e+17
2.472914523360143360e+17
1.686430053597453440e+17
8.798053682775552000e+16
-1.011736891884185600e+16
-8.221068165868305600e+16
-2.086669215029514240e+17
-2.309701748165655040e+17
-2.292975162311280640e+17
-3.190738425024942080e+17
-2.895456351234949120e+17
-2.269215943538508800e+17
-1.615927631092666880e+17
-7.816383538902937600e+16
-4.298581287656550400e+16
-2.219666547494553600e+16
-6.552810312999116800e+16
-1.063756094629007360e+17
-1.599669507339724800e+17
-2.521052585666109440e+17
-2.839459308814233600e+17
-2.996202466653631360e+17
-2.702000015535907840e+17
-2.634750856198717440e+17
-2.033421965773496320e+17
-1.580380488813752320e+17
-9.543818374009395200e+16
-5.242234144001996800e+16
1.447296658237337600e+16
3.715403315312844800e+16
9.138257276745932800e+16
1.143392740570204160e+17
1.185722966884451840e+17
1.550111430087057920e+17
1.368105574581360640e+17
1.749246237884666880e+17
2.322204169296404480e+17
1.957860019990917120e+17
9.990241245642854400e+16
8.774276012250214400e+16
1.817648274022400000e+14
-1.196348541635589120e+17
-1.312633290398873600e+17
-1.993663441904609280e+17
-1.690338257357701120e+17
-1.425214932866641920e+17
-1.041102423175598080e+17
-4.767949468329984000e+16
6.987573190936524800e+16
1.002463972787722240e+17
1.601939143807938560e+17
1.542125103416606720e+17
1.503394484507279360e+17
1.386060944015421440e+17
1.152013862319651840e+17
1.126745940784737280e+17
1.405276344108779520e+17
1.818290699488414720e+17
2.258918013020948480e+17
2.924649234903275520e+17
2.214085213305692160e+17
1.835086861136337920e+17
1.301035739253324800e+17
8.132376107039744000e+16
-3.854483352190361600e+16
-1.348719931897159680e+17
-1.807108733919923200e+17
-2.646989705600619520e+17
-3.089540104225669120e+17
-2.515571969437573120e+17
-2.178109974257950720e+17
-7.170734242533248000e+16
3.686418717709209600e+16
1.401141838559134720e+17
2.021201246155520000e+17
2.620792744459630080e+17
3.172759856572830720e+17
2.853085907489610240e+17
2.295604397810007040e+17
1.562064452579235840e+17
1.276293145253239040e+17
1.044742671827595520e+17
9.630667313811840000e+16
8.560104268291481600e+16
6.424616569947136000e+16
1.963461337969228800e+16
-4.899999074912460800e+16
-1.061908336707420160e+17
-1.459726776916084480e+17
-1.958551065006528000e+17
-1.723695737496535040e+17
-1.691546999507269120e+17
-1.245263810473656320e+17
-1.022063511215452160e+17
-6.172381095041945600e+16
-5.828007764371968000e+16
-4.871679213472793600e+16
-5.377948268579020800e+16
-7.693397767058841600e+16
7.836809628490240000e+15
-2.219679548875520000e+16
3.519427321425715200e+16
-1.868707452676659200e+16
4.766803316979097600e+16
7.809186790323814400e+16
1.284797838408763360e+17
1.150834682143825920e+17
1.859991690344131200e+17
1.907802694099978240e+17
2.105904478562083840e+17
2.165863470367211520e+17
1.355939620122588160e+17
8.836019779649331200e+16
1.506901636834355200e+16
-4.057117686295475200e+16
-4.301255555879270400e+16
-8.531401533196288000e+16
-8.868836813805600000e+16
8.810017247540428800e+16
8.346283018136780800e+16
8.798445168157491200e+16
5.878629203848704000e+16
5.322504922308812800e+16
1.382281340374732800e+16
-3.963393050598400000e+16
-2.315358809899520000e+16
-6.350016207509120000e+16
-3.908321169584332800e+16
-3.442852629954355200e+16
-3.708422407060889600e+16
-3.524659723557580800e+16
-2.702139180695808000e+16
-3.619352524824230400e+16
-2.007729510330368000e+15
1.784650267333939200e+16
4.187055886601881600e+16
5.928083228250214400e+16
1.062784281304108800e+17
1.195567775427778560e+17
1.204747090543247360e+17
9.130031516699750400e+16
8.390553002912102400e+16
4.223394256907264000e+16
2.012706025861836800e+16
-1.250539406754316800e+16
-4.918505904037888000e+16
-6.508644687116492800e+16
-6.800864001448588800e+16
-7.903639656114995200e+16
-5.234388797165772800e+16
-3.594164518906163200e+16
-3.354874778305638400e+16
-2.067047575113574400e+16
-8.749818902371328000e+15
-4.619463341842534400e+16
-3.438351358666240000e+16
-4.600858604939878400e+16
-6.829587142672384000e+16
-6.970130257156044800e+16
-8.584697748476006400e+16
-9.391699673440739200e+16
-8.520035535770931200e+16
-6.745319402553830400e+16
-5.094000131446988800e+16
-9.239522923228032000e+15
4.479021782114099200e+16
6.557426092932198400e+16
1.132450921899079680e+17
1.562732331795476480e+17
1.532447702312366080e+17
1.207204274540851200e+17
1.053571114634204160e+17
9.310245139710512000e+16
9.096013450907648000e+16
3.181604416221184000e+16
3.736576617504025600e+16
6.857791048364339200e+16
8.743232589373849600e+16
8.878077323154995200e+16
5.837819206772684800e+16
4.796280421298764800e+16
2.706176049590067200e+16
-1.653815574222233600e+16
-3.197532686064844800e+16
-5.071837092738560000e+16
-5.179587011854361600e+16
-7.506449676530022400e+16
-6.858314148740812800e+16
-4.377290608785440000e+16
-1.175555047885312000e+16
3.359317600419430400e+16
1.220298633319526400e+16
7.589661375776896000e+16
5.040043697237401600e+16
3.417888493231616000e+16
2.418180033556070400e+16
4.735566044107520000e+15
-2.954133819892224000e+16
-2.431939932145267200e+16
-9.365969704148787200e+16
-9.905685712269824000e+16
-1.095900767408812480e+17
-1.371233500118895680e+17
-1.463327379389168640e+17
-1.346570577580625920e+17
-9.257335969102171200e+16
-1.890397728825497600e+16
4.469930105772236800e+16
9.143350209769113600e+16
1.387290110709555200e+17
1.868895791216837120e+17
1.982645875569904640e+17
1.515452442723942400e+17
1.167096104963896320e+17
9.578604073793433600e+16
4.467888573644697600e+16
-4.137912516713676800e+16
-7.600104898438246400e+16
-2.203508977688279040e+17
-1.983023505147023360e+17
-1.505969468211906560e+17
-7.794865072498176000e+16
-2.238573455845990400e+16
3.033684819765721600e+16
5.980483811713536000e+16
9.223822050222233600e+16
1.408194532409548800e+17
1.319714180668497920e+17
1.356580833947207680e+17
1.273080321620910080e+17
1.128594166188391040e+17
5.290795322942259200e+16
3.953641398035456000e+16
1.247685680179916800e+16
-2.087088957103923200e+16
-5.639597635626188800e+16
-8.536786404269568000e+16
-7.298559827159449600e+16
-9.252932181293952000e+16
-5.565353648742809600e+16
-5.572822602059059200e+16
-7.612105536354304000e+15
6.166700705579724800e+16
6.052363552982630400e+16
1.019684095004902400e+17
9.270112350110208000e+16
5.196439931005337600e+16
3.217254988202035200e+16
-1.893417560818451200e+16
-4.863682317749248000e+16
-7.280655253868851200e+16
-9.330523624509081600e+16
-9.640747257872588800e+16
-7.234960805473484800e+16
-3.727181933733401600e+16
2.691356051594163200e+16
8.725522021577958400e+16
1.330204167855841280e+17
1.358624923900500480e+17
1.650885357809326080e+17
1.390794828736046080e+17
1.071201854958018560e+17
5.208599284775987200e+16
4.325763260838604800e+16
-6.507791370899520000e+15
-1.771907419242777600e+16
-6.223607093262105600e+16
-6.486130071715916800e+16
-7.374117076630323200e+16
-5.572194297391820800e+16
-4.016377624012390400e+16
-2.122352932286259200e+16
-2.650169704758681600e+16
1.339663053568512000e+16
2.332725210806886400e+16
3.795794516986265600e+16
3.341203029116620800e+16
4.636540374902988800e+16
2.396679616549888000e+15
-3.029240724707328000e+15
-2.705016752963993600e+16
-8.339809595066470400e+16
-5.207536156415078400e+16
-5.549600358497792000e+16
-4.219823068464844800e+16
-2.729078753877196800e+16
-1.262037741445427200e+16
1.695664980307795200e+16
5.511392820916505600e+16
5.113242586776985600e+16
6.458786628236249600e+16
4.776629805187584000e+16
7.509867740129689600e+16
5.964089959042867200e+16
7.192056282419404800e+16
6.214164691583385600e+16
5.125434050409676800e+16
8.073079975679232000e+16
7.577487741058726400e+16
8.471340911557939200e+16
1.011925033317089280e+17
8.434281777500569600e+16
8.432442768958617600e+16
5.723258152913100800e+16
4.650117945406873600e+16
2.545670799380723200e+16
-2.293750175753113600e+16
-6.073783801297920000e+16
-1.001429184738124800e+17
-1.190143056132444160e+17
-1.591261021596282880e+17
-1.465926113527050240e+17
-1.517803572633968640e+17
-1.190200296045885440e+17
-8.634186515978035200e+16
-6.194287333704857600e+16
-5.315183864472115200e+16
-1.773797232053017600e+16
1.019316307406848000e+16
4.533101875991372800e+16
6.769378986196960000e+16
8.422508985505664000e+16
7.742650357788416000e+16
3.749542804997324800e+16
1.339413411419424000e+16
1.094147394931200000e+15
-1.742096075613184000e+15
-3.375992035654451200e+16
-3.150106818371532800e+16
-4.612840129282048000e+16
-1.385489546137600000e+13
-1.833582606059571200e+16
-1.873760665391104000e+16
-7.939520104595840000e+15
2.540570646395392000e+15
-5.153948451410944000e+15
2.425387285488230400e+16
3.322138583824742400e+16
1.983916922003968000e+15
-3.179605152591872000e+15
-1.940763919824896000e+16
-4.669556550276384000e+16
-4.233566526653081600e+16
-5.313629955898272000e+16
-8.119711961393049600e+16
-7.151424896009216000e+16
-7.772725382898176000e+16
-5.347052515361280000e+16
-1.809048886458163200e+16
3.264792553737113600e+16
5.783043654537779200e+16
9.135808686234624000e+16
1.112830261752975360e+17
1.156385405118300160e+17
9.739636719976140800e+16
8.187209831890432000e+16
5.395887872988723200e+16
3.993057659603660800e+16
-3.141330891514880000e+15
-1.016915070369792000e+15
-2.158761069048217600e+16
-3.731256464879206400e+16
-4.280307529413427200e+16
2.825794772228224000e+15
2.496531586738073600e+16
2.560272613687987200e+16
3.996959166371200000e+16
2.993297487613184000e+16
5.201853483983667200e+16
6.789553560163942400e+16
4.958987034829696000e+16
4.243096401936076800e+16
4.046348512128204800e+16
2.144343595853107200e+16
7.304066224053248000e+15
2.829974747381324800e+16
3.326584579013427200e+16
3.403734447489011200e+16
1.375516127846553600e+16
9.713233558017024000e+15
4.644554814689280000e+15
1.097816923696742400e+16
3.250213754375884800e+16
-1.406280855427072000e+15
2.030849497150054400e+16
-3.190969759831859200e+16
-4.914152759294361600e+16
-3.718076518460825600e+16
-7.175027681646752000e+16
-9.120942031790835200e+16
-6.562666168401728000e+16
-6.103552842182041600e+16
2.510968498528025600e+16
7.267111568668262400e+16
9.830094500303667200e+16
1.262944446305914880e+17
9.755724943966617600e+16
7.019400484531302400e+16
2.503327655711155200e+16
-2.593407816215552000e+16
-8.640120495395020800e+16
-9.936999933809868800e+16
-1.154643085386706560e+17
-1.053552524726241280e+17
-7.122983418220339200e+16
-4.728015773262336800e+16
2.411306459774259200e+16
5.985415421652185600e+16
1.133162076935996160e+17
1.396939341630545920e+17
1.410917573078097920e+17
1.297351387349688320e+17
7.008825426686924800e+16
4.973610641361241600e+16
-1.491294264008089600e+16
-2.530077185588121600e+16
-5.489809585320524800e+16
-6.947723698402508800e+16
-2.318801822124544000e+16
-2.182075896000614400e+16
-1.254305292852582400e+16
2.017239528714240000e+16
-2.330367764875673600e+16
-3.031403275415552000e+16
1.615504250655744000e+15
-4.241115550680115200e+16
-1.860698429801932800e+16
-2.249352081650636800e+16
2.023600346712371200e+16
4.480951141345843200e+16
5.423567602098380800e+16
9.629541785541990400e+16
7.482710460368486400e+16
8.379616495274598400e+16
1.161368249233203200e+17
1.001410715504209920e+17
8.780874499436544000e+16
7.526097501151923200e+16
5.451279164228992000e+16
8.187016171462656000e+16
7.930517267613593600e+16
6.981968261319270400e+16
8.052027167321600000e+16
5.197823810315571200e+16
4.590061246585856000e+16
2.227538844289024000e+16
3.876295390244454400e+16
3.571799903409664000e+15
7.128054466762752000e+15
1.358984996817100800e+16
-1.986679278742579200e+16
-2.908702337776435200e+16
-3.406566692003072000e+16
-4.151830797580646400e+16
-4.011880253679795200e+16
-6.022403334551244800e+16
-5.823000195026124800e+16
-3.902662440417587200e+16
-5.073922868498022400e+16
-7.460890694816512000e+16
-6.960080113090764800e+16
-8.801102405965824000e+16
-4.172772141417830400e+16
-6.247024783639654400e+16
-4.106963802096025600e+16
-3.577275382948608000e+16
1.244851278646771200e+16
2.747878603450675200e+16
1.319770827500652800e+16
3.296446342830796800e+16
6.916346232261836800e+16
8.006262401144921600e+16
6.298741070068121600e+16
6.971232546126643200e+16
2.913882051277824000e+16
-1.143979947947238400e+16
-5.543236390864076800e+16
-4.009917295742553600e+16
-8.492021505255782400e+16
-1.094443921805532160e+17
-1.145823273277424640e+17
-1.144275482873978880e+17
-1.332966544279086080e+17
-8.430185923848345600e+16
-5.565740270303641600e+16
-3.139253712033177600e+16
-5.554534048729088000e+15
2.266024943889817600e+16
3.558835148229222400e+16
6.863941485563904000e+16
7.114344931499827200e+16
9.018178612933734400e+16
1.131754787382743040e+17
1.101899557435412480e+17
9.379799596852275200e+16
5.424773730844672000e+16
3.016818103327078400e+16
-1.012179078844467200e+16
-3.382601567068364800e+16
-7.302681014546409600e+16
-9.766505622898688000e+16
-7.627495431333516800e+16
-6.974654566152704000e+16
-4.090795597498316800e+16
-3.615378375192550400e+16
1.413918988142280000e+16
3.481637130651238400e+16
8.986536375536947200e+16
9.914115726624256000e+16
1.400383474773872640e+17
1.239527198868500480e+17
1.387675470534389760e+17
9.652241048212070400e+16
7.259873984050598400e+16
4.062491821064396800e+16
-1.314072163725568000e+15
-1.501922404747673600e+16
-2.427513401225600000e+16
-1.864687604084428800e+16
-4.180649704483686400e+16
-1.218040225853337600e+16
9.638625126915584000e+15
3.376014948502630400e+16
5.683833726910668800e+16
5.185482092653004800e+16
3.309499035508352000e+16
5.105517182518016000e+16
3.895412476175052800e+16
-8.227127944785920000e+15
-3.282195309912832000e+15
-3.476289893414400000e+16
-4.279610433969356800e+16
-7.230120042561843200e+16
-5.975784935766169600e+16
-4.350132074022707200e+16
-3.486403552171366400e+16
-7.050074242859008000e+15
-6.929657241154048000e+15
8.747760386785280000e+14
-4.070035925024768000e+15
2.719273583831040000e+15
1.670180239761766400e+16
2.151611119685734400e+16
4.165807586004992000e+15
-3.503074343296793600e+16
-1.040588811618723840e+17
-1.035195341354188800e+17
-1.172143462471052160e+17
-1.221694794226176000e+17
-1.022902100387553280e+17
-1.057308146642042880e+17
-8.345977454444544000e+16
-3.691701836751360000e+16
-1.159131371188224000e+16
9.716335964400128000e+15
4.539006532864358400e+16
5.816791176478208000e+16
1.002457010038051840e+17
7.178596071658393600e+16
8.082500462728806400e+16
4.414593289102438400e+16
4.955652161186816000e+16
4.566828032093184000e+15
-3.433222189231513600e+16
-5.895632356242937600e+16
-9.721171495730368000e+16
-1.184130770252800000e+17
-1.137206715618140160e+17
-8.664337231664115200e+16
-4.918435317163520000e+16
-2.494193076748083200e+16
1.003288816616908800e+16
2.502392716154060800e+16
9.068542305710694400e+16
1.060592837437480960e+17
1.064806059639127040e+17
1.085079382560716800e+17
8.527081520348928000e+16
6.179436145986867200e+16
4.355268305944576000e+15
-2.653836426562150400e+16
-5.386402789255987200e+16
-6.414719231756953600e+16
-8.926911902793651200e+16
-1.039969397568051200e+17
-1.014559606438072320e+17
-9.660591733019238400e+16
-7.914000368199424000e+16
-6.758919876248204800e+16
-7.535814699403033600e+16
-5.863748990044160000e+16
-6.342054365371852800e+16
-4.369529433730681600e+16
-4.029571601444864000e+16
-2.183103142185676800e+16
-1.326252698787635200e+16
-1.234390261598822400e+16
3.803603832926976000e+15
3.176282110053376000e+16
3.060987612645964800e+16
6.832028475584665600e+16
6.912391705622579200e+16
6.686500430938600000e+16
5.364828432344064000e+16
4.934055248879820800e+16
2.482641175253141600e+16
6.526966404771840000e+15
1.006071399761408000e+15
-2.948751209081036800e+16
-2.602734546972672000e+16
-3.733566543221632000e+16
-1.862118203859148800e+16
-2.051800454954598400e+16
-1.528035264721612800e+16
-6.751790220971904000e+15
9.593721018657792000e+15
-6.882089488956416000e+15
-5.162273829335040000e+14
