1.000000000000000021e-02
2.000000000000000042e-02
2.999999999999999889e-02
4.000000000000000083e-02
5.000000000000000278e-02
5.999999999999999778e-02
7.000000000000000666e-02
8.000000000000000167e-02
9.000000000000001055e-02
1.000000000000000056e-01
1.099999999999999867e-01
1.199999999999999956e-01
1.300000000000000044e-01
1.400000000000000133e-01
1.499999999999999944e-01
1.600000000000000033e-01
1.700000000000000122e-01
1.800000000000000211e-01
1.900000000000000022e-01
2.000000000000000111e-01
2.100000000000000200e-01
2.199999999999999734e-01
2.299999999999999822e-01
2.399999999999999911e-01
2.500000000000000000e-01
2.600000000000000089e-01
2.700000000000000178e-01
2.800000000000000266e-01
2.900000000000000355e-01
2.999999999999999889e-01
3.099999999999999978e-01
3.200000000000000067e-01
3.300000000000000155e-01
3.400000000000000244e-01
3.500000000000000333e-01
3.600000000000000422e-01
3.699999999999999956e-01
3.800000000000000044e-01
3.900000000000000133e-01
4.000000000000000222e-01
4.100000000000000311e-01
4.200000000000000400e-01
4.300000000000000488e-01
4.399999999999999467e-01
4.499999999999999556e-01
4.599999999999999645e-01
4.699999999999999734e-01
4.799999999999999822e-01
4.899999999999999911e-01
5.000000000000000000e-01
5.100000000000000089e-01
5.200000000000000178e-01
5.300000000000000266e-01
5.400000000000000355e-01
5.500000000000000444e-01
5.600000000000000533e-01
5.700000000000000622e-01
5.800000000000000711e-01
5.900000000000000799e-01
5.999999999999999778e-01
6.099999999999999867e-01
6.199999999999999956e-01
6.300000000000000044e-01
6.400000000000000133e-01
6.500000000000000222e-01
6.600000000000000311e-01
6.700000000000000400e-01
6.800000000000000488e-01
6.900000000000000577e-01
7.000000000000000666e-01
7.100000000000000755e-01
7.200000000000000844e-01
7.299999999999999822e-01
7.399999999999999911e-01
7.500000000000000000e-01
7.600000000000000089e-01
7.700000000000000178e-01
7.800000000000000266e-01
7.900000000000000355e-01
8.000000000000000444e-01
8.100000000000000533e-01
8.200000000000000622e-01
8.300000000000000711e-01
8.400000000000000799e-01
8.500000000000000888e-01
8.600000000000000977e-01
8.700000000000001066e-01
8.799999999999998934e-01
8.899999999999999023e-01
8.999999999999999112e-01
9.099999999999999201e-01
9.199999999999999289e-01
9.299999999999999378e-01
9.399999999999999467e-01
9.499999999999999556e-01
9.599999999999999645e-01
9.699999999999999734e-01
9.799999999999999822e-01
9.899999999999999911e-01
1.000000000000000000e+00
1.010000000000000009e+00
1.020000000000000018e+00
1.030000000000000027e+00
1.040000000000000036e+00
1.050000000000000044e+00
1.060000000000000053e+00
1.070000000000000062e+00
1.080000000000000071e+00
1.090000000000000080e+00
1.100000000000000089e+00
1.110000000000000098e+00
1.120000000000000107e+00
1.130000000000000115e+00
1.140000000000000124e+00
1.150000000000000133e+00
1.160000000000000142e+00
1.170000000000000151e+00
1.180000000000000160e+00
1.190000000000000169e+00
1.199999999999999956e+00
1.209999999999999964e+00
1.219999999999999973e+00
1.229999999999999982e+00
1.239999999999999991e+00
1.250000000000000000e+00
1.260000000000000009e+00
1.270000000000000018e+00
1.280000000000000027e+00
1.290000000000000036e+00
1.300000000000000044e+00
1.310000000000000053e+00
1.320000000000000062e+00
1.330000000000000071e+00
1.340000000000000080e+00
1.350000000000000089e+00
1.360000000000000098e+00
1.370000000000000107e+00
1.380000000000000115e+00
1.390000000000000124e+00
1.400000000000000133e+00
1.410000000000000142e+00
1.420000000000000151e+00
1.430000000000000160e+00
1.440000000000000169e+00
1.449999999999999956e+00
1.459999999999999964e+00
1.469999999999999973e+00
1.479999999999999982e+00
1.489999999999999991e+00
1.500000000000000000e+00
1.510000000000000009e+00
1.520000000000000018e+00
1.530000000000000027e+00
1.540000000000000036e+00
1.550000000000000044e+00
1.560000000000000053e+00
1.570000000000000062e+00
1.580000000000000071e+00
1.590000000000000080e+00
1.600000000000000089e+00
1.610000000000000098e+00
1.620000000000000107e+00
1.630000000000000115e+00
1.640000000000000124e+00
1.650000000000000133e+00
1.660000000000000142e+00
1.670000000000000151e+00
1.680000000000000160e+00
1.690000000000000169e+00
1.700000000000000178e+00
1.710000000000000187e+00
1.720000000000000195e+00
1.730000000000000204e+00
1.740000000000000213e+00
1.750000000000000222e+00
1.759999999999999787e+00
1.770000000000000018e+00
1.779999999999999805e+00
1.790000000000000036e+00
1.799999999999999822e+00
1.810000000000000053e+00
1.819999999999999840e+00
1.830000000000000071e+00
1.839999999999999858e+00
1.850000000000000089e+00
1.859999999999999876e+00
1.870000000000000107e+00
1.879999999999999893e+00
1.890000000000000124e+00
1.899999999999999911e+00
1.910000000000000142e+00
1.919999999999999929e+00
1.930000000000000160e+00
1.939999999999999947e+00
1.950000000000000178e+00
1.959999999999999964e+00
1.970000000000000195e+00
1.979999999999999982e+00
1.990000000000000213e+00
2.000000000000000000e+00
2.010000000000000231e+00
2.020000000000000018e+00
2.030000000000000249e+00
2.040000000000000036e+00
2.050000000000000266e+00
2.060000000000000053e+00
2.070000000000000284e+00
2.080000000000000071e+00
2.089999999999999858e+00
2.100000000000000089e+00
2.109999999999999876e+00
2.120000000000000107e+00
2.129999999999999893e+00
2.140000000000000124e+00
2.149999999999999911e+00
2.160000000000000142e+00
2.169999999999999929e+00
2.180000000000000160e+00
2.189999999999999947e+00
2.200000000000000178e+00
2.209999999999999964e+00
2.220000000000000195e+00
2.229999999999999982e+00
2.240000000000000213e+00
2.250000000000000000e+00
2.260000000000000231e+00
2.270000000000000018e+00
2.280000000000000249e+00
2.290000000000000036e+00
2.300000000000000266e+00
2.310000000000000053e+00
2.320000000000000284e+00
2.330000000000000071e+00
2.340000000000000302e+00
2.350000000000000089e+00
2.360000000000000320e+00
2.370000000000000107e+00
2.380000000000000338e+00
2.390000000000000124e+00
2.399999999999999911e+00
2.410000000000000142e+00
2.419999999999999929e+00
2.429999999999999716e+00
2.439999999999999947e+00
2.450000000000000178e+00
2.459999999999999964e+00
2.469999999999999751e+00
2.479999999999999982e+00
2.490000000000000213e+00
2.500000000000000000e+00
2.509999999999999787e+00
2.520000000000000018e+00
2.530000000000000249e+00
2.540000000000000036e+00
2.549999999999999822e+00
2.560000000000000053e+00
2.570000000000000284e+00
2.580000000000000071e+00
2.589999999999999858e+00
2.600000000000000089e+00
2.610000000000000320e+00
2.620000000000000107e+00
2.629999999999999893e+00
2.640000000000000124e+00
2.650000000000000355e+00
2.660000000000000142e+00
2.669999999999999929e+00
2.680000000000000160e+00
2.690000000000000391e+00
2.700000000000000178e+00
2.709999999999999964e+00
2.720000000000000195e+00
2.730000000000000426e+00
2.740000000000000213e+00
2.750000000000000000e+00
2.760000000000000231e+00
2.770000000000000462e+00
2.780000000000000249e+00
2.790000000000000036e+00
2.800000000000000266e+00
2.810000000000000497e+00
2.820000000000000284e+00
2.830000000000000071e+00
2.840000000000000302e+00
2.850000000000000533e+00
2.860000000000000320e+00
2.870000000000000107e+00
2.880000000000000338e+00
2.889999999999999680e+00
2.899999999999999911e+00
2.909999999999999698e+00
2.919999999999999929e+00
2.929999999999999716e+00
2.939999999999999947e+00
2.949999999999999734e+00
2.959999999999999964e+00
2.969999999999999751e+00
2.979999999999999982e+00
2.989999999999999769e+00
3.000000000000000000e+00
3.009999999999999787e+00
3.020000000000000018e+00
3.029999999999999805e+00
3.040000000000000036e+00
3.049999999999999822e+00
3.060000000000000053e+00
3.069999999999999840e+00
3.080000000000000071e+00
3.089999999999999858e+00
3.100000000000000089e+00
3.109999999999999876e+00
3.120000000000000107e+00
3.129999999999999893e+00
3.140000000000000124e+00
3.149999999999999911e+00
3.160000000000000142e+00
3.169999999999999929e+00
3.180000000000000160e+00
3.189999999999999947e+00
3.200000000000000178e+00
3.209999999999999964e+00
3.220000000000000195e+00
3.229999999999999982e+00
3.240000000000000213e+00
3.250000000000000000e+00
3.260000000000000231e+00
3.270000000000000018e+00
3.280000000000000249e+00
3.290000000000000036e+00
3.300000000000000266e+00
3.310000000000000053e+00
3.320000000000000284e+00
3.330000000000000071e+00
3.340000000000000302e+00
3.350000000000000089e+00
3.360000000000000320e+00
3.370000000000000107e+00
3.380000000000000338e+00
3.390000000000000124e+00
3.400000000000000355e+00
3.410000000000000142e+00
3.420000000000000373e+00
3.430000000000000160e+00
3.440000000000000391e+00
3.450000000000000178e+00
3.460000000000000409e+00
3.470000000000000195e+00
3.480000000000000426e+00
3.490000000000000213e+00
3.500000000000000444e+00
3.510000000000000231e+00
3.519999999999999574e+00
3.529999999999999805e+00
3.540000000000000036e+00
3.549999999999999822e+00
3.559999999999999609e+00
3.569999999999999840e+00
3.580000000000000071e+00
3.589999999999999858e+00
3.599999999999999645e+00
3.609999999999999876e+00
3.620000000000000107e+00
3.629999999999999893e+00
3.639999999999999680e+00
3.649999999999999911e+00
3.660000000000000142e+00
3.669999999999999929e+00
3.679999999999999716e+00
3.689999999999999947e+00
3.700000000000000178e+00
3.709999999999999964e+00
3.719999999999999751e+00
3.729999999999999982e+00
3.740000000000000213e+00
3.750000000000000000e+00
3.759999999999999787e+00
3.770000000000000018e+00
3.780000000000000249e+00
3.790000000000000036e+00
3.799999999999999822e+00
3.810000000000000053e+00
3.820000000000000284e+00
3.830000000000000071e+00
3.839999999999999858e+00
3.850000000000000089e+00
3.860000000000000320e+00
3.870000000000000107e+00
3.879999999999999893e+00
3.890000000000000124e+00
3.900000000000000355e+00
3.910000000000000142e+00
3.919999999999999929e+00
3.930000000000000160e+00
3.940000000000000391e+00
3.950000000000000178e+00
3.959999999999999964e+00
3.970000000000000195e+00
3.980000000000000426e+00
3.990000000000000213e+00
4.000000000000000000e+00
4.009999999999999787e+00
4.020000000000000462e+00
4.030000000000000249e+00
4.040000000000000036e+00
4.050000000000000711e+00
4.060000000000000497e+00
4.070000000000000284e+00
4.080000000000000071e+00
4.089999999999999858e+00
4.100000000000000533e+00
4.110000000000000320e+00
4.120000000000000107e+00
4.130000000000000782e+00
4.140000000000000568e+00
4.150000000000000355e+00
4.160000000000000142e+00
4.169999999999999929e+00
4.179999999999999716e+00
4.189999999999999503e+00
4.200000000000000178e+00
4.209999999999999964e+00
4.219999999999999751e+00
4.229999999999999538e+00
4.240000000000000213e+00
4.250000000000000000e+00
4.259999999999999787e+00
4.269999999999999574e+00
4.280000000000000249e+00
4.290000000000000036e+00
4.299999999999999822e+00
4.309999999999999609e+00
4.320000000000000284e+00
4.330000000000000071e+00
4.339999999999999858e+00
4.349999999999999645e+00
4.360000000000000320e+00
4.370000000000000107e+00
4.379999999999999893e+00
4.389999999999999680e+00
4.400000000000000355e+00
4.410000000000000142e+00
4.419999999999999929e+00
4.429999999999999716e+00
4.440000000000000391e+00
4.450000000000000178e+00
4.459999999999999964e+00
4.469999999999999751e+00
4.480000000000000426e+00
4.490000000000000213e+00
4.500000000000000000e+00
4.509999999999999787e+00
4.520000000000000462e+00
4.530000000000000249e+00
4.540000000000000036e+00
4.549999999999999822e+00
4.560000000000000497e+00
4.570000000000000284e+00
4.580000000000000071e+00
4.589999999999999858e+00
4.600000000000000533e+00
4.610000000000000320e+00
4.620000000000000107e+00
4.629999999999999893e+00
4.640000000000000568e+00
4.650000000000000355e+00
4.660000000000000142e+00
4.669999999999999929e+00
4.680000000000000604e+00
4.690000000000000391e+00
4.700000000000000178e+00
4.709999999999999964e+00
4.720000000000000639e+00
4.730000000000000426e+00
4.740000000000000213e+00
4.750000000000000000e+00
4.760000000000000675e+00
4.770000000000000462e+00
4.780000000000000249e+00
4.790000000000000036e+00
4.799999999999999822e+00
4.809999999999999609e+00
4.820000000000000284e+00
4.830000000000000071e+00
4.839999999999999858e+00
4.849999999999999645e+00
4.859999999999999432e+00
4.870000000000000107e+00
4.879999999999999893e+00
4.889999999999999680e+00
4.900000000000000355e+00
4.910000000000000142e+00
4.919999999999999929e+00
4.929999999999999716e+00
4.939999999999999503e+00
4.950000000000000178e+00
4.959999999999999964e+00
4.969999999999999751e+00
4.980000000000000426e+00
4.990000000000000213e+00
5.000000000000000000e+00
5.009999999999999787e+00
5.019999999999999574e+00
5.030000000000000249e+00
5.040000000000000036e+00
5.049999999999999822e+00
5.060000000000000497e+00
5.070000000000000284e+00
5.080000000000000071e+00
5.089999999999999858e+00
5.099999999999999645e+00
5.110000000000000320e+00
5.120000000000000107e+00
5.129999999999999893e+00
5.140000000000000568e+00
5.150000000000000355e+00
5.160000000000000142e+00
5.169999999999999929e+00
5.179999999999999716e+00
5.190000000000000391e+00
5.200000000000000178e+00
5.209999999999999964e+00
5.220000000000000639e+00
5.230000000000000426e+00
5.240000000000000213e+00
5.250000000000000000e+00
5.259999999999999787e+00
5.270000000000000462e+00
5.280000000000000249e+00
5.290000000000000036e+00
5.300000000000000711e+00
5.310000000000000497e+00
5.320000000000000284e+00
5.330000000000000071e+00
5.339999999999999858e+00
5.350000000000000533e+00
5.360000000000000320e+00
5.370000000000000107e+00
5.380000000000000782e+00
5.390000000000000568e+00
5.400000000000000355e+00
5.410000000000000142e+00
5.419999999999999929e+00
5.430000000000000604e+00
5.440000000000000391e+00
5.450000000000000178e+00
5.460000000000000853e+00
5.470000000000000639e+00
5.480000000000000426e+00
5.490000000000000213e+00
5.500000000000000000e+00
5.510000000000000675e+00
5.520000000000000462e+00
5.530000000000000249e+00
5.540000000000000924e+00
5.550000000000000711e+00
5.560000000000000497e+00
5.570000000000000284e+00
5.580000000000000071e+00
5.590000000000000746e+00
5.600000000000000533e+00
5.610000000000000320e+00
5.620000000000000995e+00
5.630000000000000782e+00
5.640000000000000568e+00
5.650000000000000355e+00
5.660000000000000142e+00
5.670000000000000817e+00
5.680000000000000604e+00
5.690000000000000391e+00
5.700000000000001066e+00
5.710000000000000853e+00
5.720000000000000639e+00
5.730000000000000426e+00
5.740000000000000213e+00
5.750000000000000888e+00
5.760000000000000675e+00
5.769999999999999574e+00
5.779999999999999361e+00
5.789999999999999147e+00
5.799999999999999822e+00
5.809999999999999609e+00
5.819999999999999396e+00
5.830000000000000071e+00
5.839999999999999858e+00
5.849999999999999645e+00
5.859999999999999432e+00
5.869999999999999218e+00
5.879999999999999893e+00
5.889999999999999680e+00
5.899999999999999467e+00
5.910000000000000142e+00
5.919999999999999929e+00
5.929999999999999716e+00
5.939999999999999503e+00
5.949999999999999289e+00
5.959999999999999964e+00
5.969999999999999751e+00
5.979999999999999538e+00
5.990000000000000213e+00
6.000000000000000000e+00
6.009999999999999787e+00
6.019999999999999574e+00
6.029999999999999361e+00
6.040000000000000036e+00
6.049999999999999822e+00
6.059999999999999609e+00
6.070000000000000284e+00
6.080000000000000071e+00
6.089999999999999858e+00
6.099999999999999645e+00
6.109999999999999432e+00
6.120000000000000107e+00
6.129999999999999893e+00
6.139999999999999680e+00
6.150000000000000355e+00
6.160000000000000142e+00
6.169999999999999929e+00
6.179999999999999716e+00
6.189999999999999503e+00
6.200000000000000178e+00
6.209999999999999964e+00
6.219999999999999751e+00
6.230000000000000426e+00
6.240000000000000213e+00
6.250000000000000000e+00
6.259999999999999787e+00
6.269999999999999574e+00
6.280000000000000249e+00
6.290000000000000036e+00
6.299999999999999822e+00
6.310000000000000497e+00
6.320000000000000284e+00
6.330000000000000071e+00
6.339999999999999858e+00
6.349999999999999645e+00
6.360000000000000320e+00
6.370000000000000107e+00
6.379999999999999893e+00
6.390000000000000568e+00
6.400000000000000355e+00
6.410000000000000142e+00
6.419999999999999929e+00
6.429999999999999716e+00
6.440000000000000391e+00
6.450000000000000178e+00
6.459999999999999964e+00
6.470000000000000639e+00
6.480000000000000426e+00
6.490000000000000213e+00
6.500000000000000000e+00
6.509999999999999787e+00
6.520000000000000462e+00
6.530000000000000249e+00
6.540000000000000036e+00
6.550000000000000711e+00
6.560000000000000497e+00
6.570000000000000284e+00
6.580000000000000071e+00
6.589999999999999858e+00
6.600000000000000533e+00
6.610000000000000320e+00
6.620000000000000107e+00
6.630000000000000782e+00
6.640000000000000568e+00
6.650000000000000355e+00
6.660000000000000142e+00
6.669999999999999929e+00
6.680000000000000604e+00
6.690000000000000391e+00
6.700000000000000178e+00
6.710000000000000853e+00
6.720000000000000639e+00
6.730000000000000426e+00
6.740000000000000213e+00
6.750000000000000000e+00
6.760000000000000675e+00
6.770000000000000462e+00
6.780000000000000249e+00
6.790000000000000924e+00
6.800000000000000711e+00
6.810000000000000497e+00
6.820000000000000284e+00
6.830000000000000071e+00
6.840000000000000746e+00
6.850000000000000533e+00
6.860000000000000320e+00
6.870000000000000995e+00
6.880000000000000782e+00
6.890000000000000568e+00
6.900000000000000355e+00
6.910000000000000142e+00
6.920000000000000817e+00
6.930000000000000604e+00
6.940000000000000391e+00
6.950000000000001066e+00
6.960000000000000853e+00
6.970000000000000639e+00
6.980000000000000426e+00
6.990000000000000213e+00
7.000000000000000888e+00
7.010000000000000675e+00
7.020000000000000462e+00
7.030000000000001137e+00
7.039999999999999147e+00
7.049999999999999822e+00
7.059999999999999609e+00
7.069999999999999396e+00
7.080000000000000071e+00
7.089999999999999858e+00
7.099999999999999645e+00
7.109999999999999432e+00
7.119999999999999218e+00
7.129999999999999893e+00
7.139999999999999680e+00
7.149999999999999467e+00
7.160000000000000142e+00
7.169999999999999929e+00
7.179999999999999716e+00
7.189999999999999503e+00
7.199999999999999289e+00
7.209999999999999964e+00
7.219999999999999751e+00
7.229999999999999538e+00
7.240000000000000213e+00
7.250000000000000000e+00
7.259999999999999787e+00
7.269999999999999574e+00
7.279999999999999361e+00
7.290000000000000036e+00
7.299999999999999822e+00
7.309999999999999609e+00
7.320000000000000284e+00
7.330000000000000071e+00
7.339999999999999858e+00
7.349999999999999645e+00
7.359999999999999432e+00
7.370000000000000107e+00
7.379999999999999893e+00
7.389999999999999680e+00
7.400000000000000355e+00
7.410000000000000142e+00
7.419999999999999929e+00
7.429999999999999716e+00
7.439999999999999503e+00
7.450000000000000178e+00
7.459999999999999964e+00
7.469999999999999751e+00
7.480000000000000426e+00
7.490000000000000213e+00
7.500000000000000000e+00
7.509999999999999787e+00
7.519999999999999574e+00
7.530000000000000249e+00
7.540000000000000036e+00
7.549999999999999822e+00
7.560000000000000497e+00
7.570000000000000284e+00
7.580000000000000071e+00
7.589999999999999858e+00
7.599999999999999645e+00
7.610000000000000320e+00
7.620000000000000107e+00
7.629999999999999893e+00
7.640000000000000568e+00
7.650000000000000355e+00
7.660000000000000142e+00
7.669999999999999929e+00
7.679999999999999716e+00
7.690000000000000391e+00
7.700000000000000178e+00
7.709999999999999964e+00
7.720000000000000639e+00
7.730000000000000426e+00
7.740000000000000213e+00
7.750000000000000000e+00
7.759999999999999787e+00
7.770000000000000462e+00
7.780000000000000249e+00
7.790000000000000036e+00
7.800000000000000711e+00
7.810000000000000497e+00
7.820000000000000284e+00
7.830000000000000071e+00
7.839999999999999858e+00
7.850000000000000533e+00
7.860000000000000320e+00
7.870000000000000107e+00
7.880000000000000782e+00
7.890000000000000568e+00
7.900000000000000355e+00
7.910000000000000142e+00
7.919999999999999929e+00
7.930000000000000604e+00
7.940000000000000391e+00
7.950000000000000178e+00
7.960000000000000853e+00
7.970000000000000639e+00
7.980000000000000426e+00
7.990000000000000213e+00
8.000000000000000000e+00
8.009999999999999787e+00
8.019999999999999574e+00
8.030000000000001137e+00
8.040000000000000924e+00
8.050000000000000711e+00
8.060000000000000497e+00
8.070000000000000284e+00
8.080000000000000071e+00
8.089999999999999858e+00
8.100000000000001421e+00
8.110000000000001208e+00
8.120000000000000995e+00
8.130000000000000782e+00
8.140000000000000568e+00
8.150000000000000355e+00
8.160000000000000142e+00
8.169999999999999929e+00
8.179999999999999716e+00
8.190000000000001279e+00
8.200000000000001066e+00
8.210000000000000853e+00
8.220000000000000639e+00
8.230000000000000426e+00
8.240000000000000213e+00
8.250000000000000000e+00
8.260000000000001563e+00
8.270000000000001350e+00
8.280000000000001137e+00
8.290000000000000924e+00
8.300000000000000711e+00
8.310000000000000497e+00
8.320000000000000284e+00
8.330000000000000071e+00
8.339999999999999858e+00
8.349999999999999645e+00
8.359999999999999432e+00
8.369999999999999218e+00
8.379999999999999005e+00
8.390000000000000568e+00
8.400000000000000355e+00
8.410000000000000142e+00
8.419999999999999929e+00
8.429999999999999716e+00
8.439999999999999503e+00
8.449999999999999289e+00
8.459999999999999076e+00
8.469999999999998863e+00
8.480000000000000426e+00
8.490000000000000213e+00
8.500000000000000000e+00
8.509999999999999787e+00
8.519999999999999574e+00
8.529999999999999361e+00
8.539999999999999147e+00
8.550000000000000711e+00
8.560000000000000497e+00
8.570000000000000284e+00
8.580000000000000071e+00
8.589999999999999858e+00
8.599999999999999645e+00
8.609999999999999432e+00
8.619999999999999218e+00
8.629999999999999005e+00
8.640000000000000568e+00
8.650000000000000355e+00
8.660000000000000142e+00
8.669999999999999929e+00
8.679999999999999716e+00
8.689999999999999503e+00
8.699999999999999289e+00
8.710000000000000853e+00
8.720000000000000639e+00
8.730000000000000426e+00
8.740000000000000213e+00
8.750000000000000000e+00
8.759999999999999787e+00
8.769999999999999574e+00
8.779999999999999361e+00
8.789999999999999147e+00
8.800000000000000711e+00
8.810000000000000497e+00
8.820000000000000284e+00
8.830000000000000071e+00
8.839999999999999858e+00
8.849999999999999645e+00
8.859999999999999432e+00
8.870000000000000995e+00
8.880000000000000782e+00
8.890000000000000568e+00
8.900000000000000355e+00
8.910000000000000142e+00
8.919999999999999929e+00
8.929999999999999716e+00
8.939999999999999503e+00
8.949999999999999289e+00
8.960000000000000853e+00
8.970000000000000639e+00
8.980000000000000426e+00
8.990000000000000213e+00
9.000000000000000000e+00
9.009999999999999787e+00
9.019999999999999574e+00
9.030000000000001137e+00
9.040000000000000924e+00
9.050000000000000711e+00
9.060000000000000497e+00
9.070000000000000284e+00
9.080000000000000071e+00
9.089999999999999858e+00
9.099999999999999645e+00
9.109999999999999432e+00
9.120000000000000995e+00
9.130000000000000782e+00
9.140000000000000568e+00
9.150000000000000355e+00
9.160000000000000142e+00
9.169999999999999929e+00
9.179999999999999716e+00
9.190000000000001279e+00
9.200000000000001066e+00
9.210000000000000853e+00
9.220000000000000639e+00
9.230000000000000426e+00
9.240000000000000213e+00
9.250000000000000000e+00
9.259999999999999787e+00
9.269999999999999574e+00
9.280000000000001137e+00
9.290000000000000924e+00
9.300000000000000711e+00
9.310000000000000497e+00
9.320000000000000284e+00
9.330000000000000071e+00
9.339999999999999858e+00
9.350000000000001421e+00
9.360000000000001208e+00
9.370000000000000995e+00
9.380000000000000782e+00
9.390000000000000568e+00
9.400000000000000355e+00
9.410000000000000142e+00
9.419999999999999929e+00
9.429999999999999716e+00
9.440000000000001279e+00
9.450000000000001066e+00
9.460000000000000853e+00
9.470000000000000639e+00
9.480000000000000426e+00
9.490000000000000213e+00
9.500000000000000000e+00
9.510000000000001563e+00
9.520000000000001350e+00
9.530000000000001137e+00
9.540000000000000924e+00
9.550000000000000711e+00
9.560000000000000497e+00
9.570000000000000284e+00
9.580000000000000071e+00
9.589999999999999858e+00
9.599999999999999645e+00
9.609999999999999432e+00
9.619999999999999218e+00
9.629999999999999005e+00
9.640000000000000568e+00
9.650000000000000355e+00
9.660000000000000142e+00
9.669999999999999929e+00
9.679999999999999716e+00
9.689999999999999503e+00
9.699999999999999289e+00
9.709999999999999076e+00
9.719999999999998863e+00
9.730000000000000426e+00
9.740000000000000213e+00
9.750000000000000000e+00
9.759999999999999787e+00
9.769999999999999574e+00
9.779999999999999361e+00
9.789999999999999147e+00
9.800000000000000711e+00
9.810000000000000497e+00
9.820000000000000284e+00
9.830000000000000071e+00
9.839999999999999858e+00
9.849999999999999645e+00
9.859999999999999432e+00
9.869999999999999218e+00
9.879999999999999005e+00
9.890000000000000568e+00
9.900000000000000355e+00
9.910000000000000142e+00
9.919999999999999929e+00
9.929999999999999716e+00
9.939999999999999503e+00
9.949999999999999289e+00
9.960000000000000853e+00
9.970000000000000639e+00
9.980000000000000426e+00
9.990000000000000213e+00
0.000000000000000000e+00
1.256415924559921291e-06
6.588856899163718301e-07
4.751999188836378868e-07
3.972029273976432830e-07
3.642001074649151658e-07
3.569254035786955641e-07
3.681448702724662498e-07
3.953263547374796541e-07
4.381979401188784121e-07
4.977676666480156148e-07
5.758894705961978913e-07
6.750787996385856215e-07
7.983981157848602992e-07
9.491024737492240604e-07
1.129437688553783853e-06
1.337708574632709571e-06
1.563115887214614266e-06
1.780268489268627040e-06
1.950133535134401224e-06
2.035124921285687152e-06
2.022107676151334698e-06
1.930722182459573601e-06
1.798023282401330507e-06
1.657638556474714442e-06
1.530299901718168263e-06
1.424994231731398391e-06
1.343505552917606835e-06
1.284199673440042195e-06
1.244238510550280061e-06
1.220638307075945771e-06
1.210681548030170985e-06
1.212012292368839770e-06
1.222587976922895079e-06
1.240572826072429501e-06
1.264219642867999553e-06
1.291773962544672736e-06
1.321429344932163462e-06
1.351352950546395009e-06
1.379780665746187284e-06
1.405153399206693563e-06
1.426242529412910781e-06
1.442209002497480636e-06
1.452566381818220477e-06
1.457065232963588995e-06
1.455561159683544274e-06
1.447946314555678828e-06
1.434201288320893540e-06
1.414566291034708431e-06
1.389761175476379270e-06
1.361140149326301479e-06
1.330681706219100685e-06
1.300787349158366212e-06
1.273950323014406233e-06
1.252401402306282318e-06
1.237821742868545382e-06
1.231160216062223104e-06
1.232548825301332853e-06
1.241299877324742223e-06
1.255987740013773305e-06
1.274640792403161635e-06
1.295064126901833851e-06
1.315262478152328475e-06
1.333853934114347356e-06
1.350316888144320304e-06
1.364951713151528182e-06
1.378556390918520845e-06
1.391935525655248993e-06
1.405414458966862124e-06
1.418511556329520428e-06
1.429874098298484373e-06
1.437529712537099353e-06
1.439427545265489356e-06
1.434124890219122378e-06
1.421363003722010677e-06
1.402274719610434610e-06
1.379128593457629369e-06
1.354745238007852964e-06
1.331852460545507040e-06
1.312605089595000913e-06
1.298358715474520547e-06
1.289668745462384837e-06
1.286437137038450016e-06
1.288130952967927253e-06
1.294013303815341734e-06
1.303338852071628058e-06
1.315474356319392287e-06
1.329919641662295864e-06
1.346230414738000032e-06
1.363875615274862545e-06
1.382087328436245108e-06
1.399771685015593894e-06
1.415539587357250299e-06
1.427883142515845567e-06
1.435468710080145471e-06
1.437456838707635597e-06
1.433727396909651544e-06
1.424916051805513297e-06
1.412250211745562564e-06
1.397260010020913603e-06
1.381479806948479163e-06
1.366233996867597440e-06
1.352545008139739653e-06
1.341148200899564763e-06
1.332567996669854523e-06
1.327203097563979402e-06
1.325378651104707676e-06
1.327341819578867564e-06
1.333198278053172811e-06
1.342806412120699706e-06
1.355661470070662866e-06
1.370813406473410312e-06
1.386867864078434521e-06
1.402112642360993374e-06
1.414781410549636609e-06
1.423409690608747544e-06
1.427176121605425861e-06
1.426097682384412192e-06
1.420993336079834972e-06
1.413229425559924554e-06
1.404350304648258445e-06
1.395726085350180683e-06
1.388314588744785366e-06
1.382574598735452319e-06
1.378518142676745412e-06
1.375861702648300826e-06
1.374223527232942123e-06
1.373309894962394539e-06
1.373038418563503965e-06
1.373565448613736028e-06
1.375215382183435869e-06
1.378341386326045207e-06
1.383166928809497573e-06
1.389659833414915589e-06
1.397478360025273369e-06
1.406008077697747137e-06
1.414482938812601390e-06
1.422156999460339421e-06
1.428471814529802586e-06
1.433160435482781721e-06
1.436250272877821265e-06
1.437968035564978834e-06
1.438590831151965086e-06
1.438307813566149967e-06
1.437148748843450831e-06
1.435006267657286974e-06
1.431740768967408678e-06
1.427324173609391708e-06
1.421962206210167738e-06
1.416141879108703828e-06
1.410579829929090836e-06
1.406085346136017363e-06
1.403381579057335416e-06
1.402938510736004593e-06
1.404862964258762848e-06
1.408873115493562670e-06
1.414364796974349782e-06
1.420556186752690939e-06
1.426676429348292514e-06
1.432146816457695114e-06
1.436699718431036197e-06
1.440397587786349220e-06
1.443548229864530067e-06
1.446548241838782229e-06
1.449708175206229838e-06
1.453114390016195703e-06
1.456568286369445810e-06
1.459621408030768805e-06
1.461699428800959817e-06
1.462281617304365068e-06
1.461080663682406721e-06
1.458161422183691058e-06
1.453954855726871161e-06
1.449161482440209445e-06
1.444579123727957139e-06
1.440912828633316997e-06
1.438622812911614164e-06
1.437846287866904663e-06
1.438403892372659556e-06
1.439879646850001837e-06
1.441747465535867366e-06
1.443507884836202401e-06
1.444797751046265907e-06
1.445445365222824389e-06
1.445462681532881991e-06
1.444988053492069076e-06
1.444208794556641683e-06
1.443296208641667502e-06
1.442376229151535896e-06
1.441541016678747839e-06
1.440888057422417475e-06
1.440560828583703337e-06
1.440764120498054428e-06
1.441738285375368968e-06
1.443695217141454877e-06
1.446736628502760793e-06
1.450785025941660228e-06
1.455556616512580981e-06
1.460594003703168842e-06
1.465357799481937709e-06
1.469354691855263707e-06
1.472262131251290353e-06
1.474005331780876874e-06
1.474756021767234685e-06
1.474850520634057241e-06
1.474654628374959244e-06
1.474420948477614127e-06
1.474184837403232529e-06
1.473731600769109340e-06
1.472646922745090891e-06
1.470440031699862015e-06
1.466707837249947165e-06
1.461292604616118373e-06
1.454382728211498013e-06
1.446521181629793462e-06
1.438516139500838157e-06
1.431280315556170535e-06
1.425645189289999176e-06
1.422197385706377892e-06
1.421172043133434542e-06
1.422421717088499308e-06
1.425465211464611188e-06
1.429608110264695282e-06
1.434112306212574481e-06
1.438375737855772250e-06
1.442073027925562659e-06
1.445212904376539770e-06
1.448092884548149932e-06
1.451166841721948276e-06
1.454870024031016161e-06
1.459456383484951379e-06
1.464894032709198345e-06
1.470844239283147899e-06
1.476725987823841520e-06
1.481846432526592573e-06
1.485560505780702222e-06
1.487415045779265216e-06
1.487238899756496876e-06
1.485160457963856164e-06
1.481559747322598131e-06
1.476981223531436912e-06
1.472037790186998744e-06
1.467327789011056980e-06
1.463372974543317262e-06
1.460575105139365770e-06
1.459185456043507119e-06
1.459284181561329635e-06
1.460771535617961602e-06
1.463377024026933447e-06
1.466693194196905043e-06
1.470236792027884508e-06
1.473531775830293585e-06
1.476198622471050931e-06
1.478026995287890259e-06
1.479008995345676542e-06
1.479319940331031152e-06
1.479249997959931802e-06
1.479106248230398636e-06
1.479114189301451048e-06
1.479347430383876036e-06
1.479705641960871234e-06
1.479947187622818006e-06
1.479767808058277466e-06
1.478903649118703981e-06
1.477229396829915185e-06
1.474823303220256927e-06
1.471980814300107708e-06
1.469173757280314161e-06
1.466966535307626210e-06
1.465909505957634995e-06
1.466431456642621474e-06
1.468750166649392724e-06
1.472815847855587026e-06
1.478298605693187853e-06
1.484627107830118243e-06
1.491078779663821203e-06
1.496910192317711189e-06
1.501501602973450953e-06
1.504478284121366644e-06
1.505771671974566770e-06
1.505599572853434575e-06
1.504371755348370759e-06
1.502553018578044566e-06
1.500528589918925207e-06
1.498512431016266017e-06
1.496521942334360499e-06
1.494420470009446292e-06
1.492008882628634712e-06
1.489134186225932048e-06
1.485779903785959621e-06
1.482110692483560731e-06
1.478459655308650744e-06
1.475264880181169717e-06
1.472975342876562040e-06
1.471951935689639694e-06
1.472387578486830830e-06
1.474263860156169999e-06
1.477352933134340143e-06
1.481263711506458237e-06
1.485521596322554378e-06
1.489662585170949268e-06
1.493318488053549531e-06
1.496272650840024883e-06
1.498475211569337749e-06
1.500019992831101666e-06
1.501096040935318076e-06
1.501931168718459227e-06
1.502742044382941344e-06
1.503698427553063185e-06
1.504902423753750040e-06
1.506380185145196167e-06
1.508083736567274364e-06
1.509902604721442589e-06
1.511685984789519883e-06
1.513274664450364852e-06
1.514538272456606861e-06
1.515409670209545849e-06
1.515906724674333730e-06
1.516133544350290584e-06
1.516258308348642523e-06
1.516471586193767319e-06
1.516935315461082519e-06
1.517736205789754285e-06
1.518856951922895746e-06
1.520174352499052328e-06
1.521486592779390193e-06
1.522564391491324998e-06
1.523214091820631204e-06
1.523336448664887154e-06
1.522964144508479620e-06
1.522265083731943923e-06
1.521507187280871344e-06
1.520991525417711746e-06
1.520970344204067519e-06
1.521571424021377063e-06
1.522749049747942154e-06
1.524275722849631202e-06
1.525779562440239704e-06
1.526821761367529070e-06
1.526997915765899799e-06
1.526038716777551178e-06
1.523882650122346381e-06
1.520698898964464461e-06
1.516852514609099428e-06
1.512821637764218720e-06
1.509091007091561478e-06
1.506051555130822960e-06
1.503931503468031808e-06
1.502773155482352189e-06
1.502456029396448546e-06
1.502754709944113897e-06
1.503411428165932304e-06
1.504201020310446711e-06
1.504970745625817440e-06
1.505648200602160984e-06
1.506222987736716997e-06
1.506716441471975376e-06
1.507155137809507210e-06
1.507558572964031321e-06
1.507942882633984587e-06
1.508335052449220022e-06
1.508788445434667421e-06
1.509391025435190339e-06
1.510261070033743664e-06
1.511529576593037393e-06
1.513312495221413871e-06
1.515678556140899358e-06
1.518619462036175543e-06
1.522028669509067563e-06
1.525693447356688230e-06
1.529303251659609706e-06
1.532476214716416284e-06
1.534804172708736818e-06
1.535913765112622393e-06
1.535535847648497392e-06
1.533569039140203906e-06
1.530119272404350446e-06
1.525499598698548567e-06
1.520184178650070536e-06
1.514723990362425567e-06
1.509643467066975888e-06
1.505342604337684694e-06
1.502027325163674183e-06
1.499684129789717763e-06
1.498105577800975010e-06
1.496962071707271215e-06
1.495903683369939377e-06
1.494666022855878140e-06
1.493150775931238827e-06
1.491457918771558772e-06
1.489861657977545534e-06
1.488739695542471168e-06
1.488477944623858670e-06
1.489376229778399289e-06
1.491575929277853140e-06
1.495022118406101115e-06
1.499464289592139507e-06
1.504492793503244046e-06
1.509602884751933591e-06
1.514274563126080221e-06
1.518054549475629225e-06
1.520626964924076818e-06
1.521861290376048500e-06
1.521829380753649302e-06
1.520787482374470962e-06
1.519124646810449414e-06
1.517285660688853074e-06
1.515683395026663496e-06
1.514619946521171970e-06
1.514235791047556417e-06
1.514500431370939488e-06
1.515247602039487196e-06
1.516245583789617513e-06
1.517282324418402623e-06
1.518239803044584209e-06
1.519134864639174490e-06
1.520113975393489200e-06
1.521403238504919355e-06
1.523227619685702612e-06
1.525721198626332674e-06
1.528852565702641645e-06
1.532387036696487155e-06
1.535900767660410742e-06
1.538850900204405965e-06
1.540690896978563964e-06
1.541004326663028980e-06
1.539619882133279536e-06
1.536672010729291497e-06
1.532587055342622814e-06
1.527998554201259760e-06
1.523616915967703339e-06
1.520089467749417986e-06
1.517884740287430280e-06
1.517223650683302413e-06
1.518065837067210132e-06
1.520146250554402035e-06
1.523047432721112789e-06
1.526287623354075228e-06
1.529404451685062959e-06
1.532018355450391232e-06
1.533867683736946427e-06
1.534816099786970012e-06
1.534839607440924167e-06
1.534003506349435671e-06
1.532438610768593901e-06
1.530322187476945724e-06
1.527864106425893502e-06
1.525294760581928447e-06
1.522850148681823474e-06
1.520751628144915252e-06
1.519181976208610288e-06
1.518263079071316935e-06
1.518041583518424694e-06
1.518486597960985061e-06
1.519499373066661886e-06
1.520931234206297552e-06
1.522604773954653875e-06
1.524334637194509394e-06
1.525946656394629601e-06
1.527295634457431477e-06
1.528281766552362227e-06
1.528864235946892682e-06
1.529069478304899812e-06
1.528991980084399439e-06
1.528786898954633651e-06
1.528655056906973118e-06
1.528821167159960795e-06
1.529505885144724252e-06
1.530892523729789730e-06
1.533090837232557863e-06
1.536102955493788256e-06
1.539799285394832667e-06
1.543913584742164859e-06
1.548065073163756336e-06
1.551810464610774242e-06
1.554720415466514154e-06
1.556465215541870872e-06
1.556887601702943636e-06
1.556040526036707713e-06
1.554176247413079760e-06
1.551687673388289613e-06
1.549017587395743393e-06
1.546560422570219769e-06
1.544581932831594182e-06
1.543175644982307133e-06
1.542264598130597814e-06
1.541645654822125098e-06
1.541063635811337352e-06
1.540295218370051873e-06
1.539219657722150712e-06
1.537856493946733984e-06
1.536359604738049897e-06
1.534969976159436223e-06
1.533942170424995095e-06
1.533467394195091702e-06
1.533616878675843401e-06
1.534322981732737396e-06
1.535403940865441775e-06
1.536624672994703148e-06
1.537774320695401065e-06
1.538735440510501254e-06
1.539522508483987376e-06
1.540278176863664148e-06
1.541230133720752720e-06
1.542623539046119255e-06
1.544649610733339492e-06
1.547389399540009528e-06
1.550785414429195690e-06
1.554645631947660827e-06
1.558676845336588416e-06
1.562538478629672963e-06
1.565904492029492101e-06
1.568520303123822406e-06
1.570243977502118998e-06
1.571065786011774882e-06
1.571105951752928190e-06
1.570594727656947827e-06
1.569840249986895011e-06
1.569188211298333957e-06
1.568975417969655799e-06
1.569479085604286022e-06
1.570866038454147208e-06
1.573149547345307883e-06
1.576164151745091390e-06
1.579568712202417464e-06
1.582884407505351710e-06
1.585567561323671905e-06
1.587107936792203875e-06
1.587133539507099380e-06
1.585496586671471823e-06
1.582316130854749140e-06
1.577962673192220983e-06
1.572986306831161772e-06
1.568006035189763372e-06
1.563587403621181449e-06
1.560135873711531503e-06
1.557826589476348389e-06
1.556581596035289297e-06
1.556096314063117071e-06
1.555908875537860319e-06
1.555498356804696485e-06
1.554391614994784467e-06
1.552255803494429887e-06
1.548957355631715381e-06
1.544578256642963339e-06
1.539392933075353872e-06
1.533818571169921543e-06
1.528354611432120470e-06
1.523523958247112318e-06
1.519822347885394543e-06
1.517676913950510827e-06
1.517412346623506002e-06
1.519223339015392981e-06
1.523154115499497210e-06
1.529088113350348365e-06
1.536751904863015471e-06
1.545736419101673338e-06
1.555535529584153942e-06
1.565598000510954667e-06
1.575385082671442039e-06
1.584424245381116111e-06
1.592350486759916195e-06
1.598930002615875795e-06
1.604065161050463006e-06
1.607782968430669172e-06
1.610210761079254780e-06
1.611543299968101688e-06
1.612005924830255638e-06
1.611819414086752778e-06
1.611172954700410342e-06
1.610210759564473573e-06
1.609034514238089122e-06
1.607718561876132308e-06
1.606329594650253821e-06
1.604940201956520755e-06
1.603627636680234023e-06
1.602455331000314641e-06
1.601442701431144670e-06
1.600535285950260806e-06
1.599589376656504855e-06
1.598381835628921416e-06
1.596647637280635989e-06
1.594137658137520597e-06
1.590681186498371119e-06
1.586235056162235457e-06
1.580905613336918268e-06
1.574939091503161901e-06
1.568686039867667283e-06
1.562551779415706797e-06
1.556945492636231786e-06
1.552236775176859244e-06
1.548723342260008053e-06
1.546609700959838863e-06
1.545994928868572490e-06
1.546867778331464500e-06
1.549108223555323686e-06
1.552495547401227230e-06
1.556723663929998798e-06
1.561424255568985057e-06
1.566197276937497549e-06
1.570646622729956451e-06
1.574416981157152557e-06
1.577227046547316454e-06
1.578894923488875167e-06
1.579353419970885660e-06
1.578654825672380627e-06
1.576965511485547913e-06
1.574550104896276247e-06
1.571744185697724337e-06
1.568914847868593209e-06
1.566410727888292133e-06
1.564506645960991149e-06
1.563351549061129561e-06
1.562930673032971485e-06
1.563052850226273601e-06
1.563371259516855868e-06
1.563440572706444258e-06
1.562805624599507855e-06
1.561107299768060337e-06
1.558182524146963701e-06
1.554130971465692027e-06
1.549325474671449169e-06
1.544357330717592121e-06
1.539927397681375782e-06
1.536710711351775363e-06
1.535229004106443352e-06
1.535760436609439175e-06
1.538303218037479491e-06
1.542595573619339894e-06
1.548182778567737017e-06
1.554514027106393755e-06
1.561047729841478515e-06
1.567343490754032765e-06
1.573122738432603152e-06
1.578287405798473121e-06
1.582895699152169557e-06
1.587103598102360272e-06
1.591088018241407618e-06
1.594970942046360678e-06
1.598762639927982346e-06
1.602336843068769357e-06
1.605442833498171590e-06
1.607750816332267496e-06
1.608919548582320684e-06
1.608670628268068689e-06
1.606853155842663133e-06
1.603485738359029438e-06
1.598768742217431827e-06
1.593066039729584830e-06
1.586860239766279026e-06
1.580688036890370088e-06
1.575063857100540520e-06
1.570401748503830465e-06
1.566947724640056941e-06
1.564736339841959884e-06
1.563584208941826145e-06
1.563127835068856344e-06
1.562903255903045914e-06
1.562452648592201644e-06
1.561432493933820172e-06
1.559694489131156795e-06
1.557317255042048535e-06
1.554582188954401028e-06
1.551904022868979251e-06
1.549738294323387608e-06
1.548490172258885886e-06
1.548443339384925285e-06
1.549718615771383205e-06
1.552264194266253661e-06
1.555874690448263058e-06
1.560233982906656160e-06
1.564975111704289342e-06
1.569747942824175376e-06
1.574282176900705446e-06
1.578431478991785420e-06
1.582186377879964207e-06
1.585650256805218203e-06
1.588982996577685464e-06
1.592327212364335780e-06
1.595738455450082896e-06
1.599140409256089413e-06
1.602318715315360439e-06
1.604954977237747891e-06
1.606689857420219563e-06
1.607195583970962771e-06
1.606236930037270822e-06
1.603706223598843415e-06
1.599629178361749634e-06
1.594149134150262215e-06
1.587502898944984656e-06
1.579999830743762193e-06
1.572008733006208926e-06
1.563948746414616039e-06
1.556275240796726180e-06
1.549452409859691641e-06
1.543910328631929709e-06
1.539992335001161826e-06
1.537904596106026366e-06
1.537680962470545527e-06
1.539172732809892030e-06
1.542066891687235406e-06
1.545930350768109672e-06
1.550273252705059600e-06
1.554621430240071299e-06
1.558585909582642854e-06
1.561915968913518824e-06
1.564523276287643874e-06
1.566469868894475178e-06
1.567921988135103435e-06
1.569081888980622628e-06
1.570116366104525857e-06
1.571101363431741429e-06
1.571997165905946346e-06
1.572660587980469290e-06
1.572891343481150130e-06
1.572500721114403182e-06
1.571383399217556523e-06
1.569570386220998641e-06
1.567245329320470897e-06
1.564717911159593809e-06
1.562362818920622403e-06
1.560544374697194891e-06
1.559550276126869343e-06
1.559552296246481958e-06
1.560600725791354634e-06
1.562647827234913615e-06
1.565587510606563575e-06
1.569295597050671383e-06
1.573657326483454707e-06
1.578574824638032394e-06
1.583954799152851155e-06
1.589683248043812363e-06
1.595597548571296426e-06
1.601466414242239956e-06
1.606985575744402737e-06
1.611792890234568421e-06
1.615502048359310792e-06
1.617749954870368423e-06
1.618249743443192357e-06
1.616839583931317424e-06
1.613517254895928139e-06
1.608452246529661694e-06
1.601971138966268071e-06
1.594517771463005918e-06
1.586595936363111227e-06
1.578706997835635582e-06
1.571296138767473116e-06
1.564718129452898393e-06
1.559227307297188807e-06
1.554988852067468022e-06
1.552102076563899104e-06
1.550623618634227082e-06
1.550580081715319623e-06
1.551965030584329825e-06
1.554722114530615194e-06
1.558721941018256601e-06
1.563743362339117811e-06
1.569469409426894082e-06
1.575504567971542704e-06
1.581414359613572357e-06
1.586781500609812278e-06
1.591266949065205421e-06
1.594661039277471024e-06
1.596911455708158145e-06
1.598121197228237601e-06
1.598518668140207440e-06
1.598409686540197806e-06
1.598124210721020641e-06
1.597968343209664404e-06
1.598186967836853572e-06
1.598937641236675103e-06
1.600274412477365838e-06
1.602141138999604569e-06
1.604375882714306075e-06
1.606728995237095370e-06
1.608896273703121302e-06
1.610565190968423168e-06
1.611467899407031801e-06
1.611431204692285584e-06
1.610412551938553979e-06
1.608513020588792234e-06
1.605963015961936084e-06
1.603082403329855978e-06
1.600222495896905099e-06
1.597701206921226363e-06
1.595744249689749228e-06
1.594444628533496325e-06
1.593750061038054752e-06
1.593483293018354072e-06
1.593393252493339670e-06
1.593226301700466663e-06
1.592799065407792914e-06
1.592051432567253066e-06
1.591063289501042674e-06
1.590030457811905930e-06
1.589209064818880769e-06
1.588846838723138928e-06
1.589121129261286633e-06
1.590097941726191706e-06
1.591718039304346186e-06
1.593809078177875006e-06
1.596118398692543548e-06
1.598359004714704339e-06
1.600260310505192231e-06
1.601614983626280997e-06
1.602314019419967432e-06
1.602364404315286571e-06
1.601886972651461120e-06
1.601095332268934249e-06
1.600259161719440283e-06
1.599656590817693615e-06
1.599521281752455055e-06
1.599990955265440266e-06
1.601065820604725945e-06
1.602587202402426485e-06
1.604247051258615602e-06
1.605635739380976227e-06
1.606326930768774136e-06
1.605985178909465815e-06
1.604468766296563219e-06
1.601894389972170993e-06
1.598637465722362286e-06
1.595261538722989445e-06
1.592394336452927350e-06
1.590585253854188936e-06
1.590182791879509860e-06
1.591261700911073186e-06
1.593614267051914498e-06
1.596804103965382574e-06
1.600267059876118571e-06
1.603433840704517866e-06
1.605844379762343934e-06
1.607226978198709134e-06
1.607526336053091700e-06
1.606880661964461428e-06
1.605562824285555518e-06
1.603908012585776284e-06
1.602248566673427698e-06
1.600868249824349102e-06
1.599978480543244795e-06
1.599712147257812505e-06
1.600128000541378640e-06
1.601219135766141168e-06
1.602920887404780949e-06
1.605115429532472497e-06
1.607632474959853002e-06
1.610248042008760704e-06
1.612686164244853963e-06
1.614630577214534415e-06
1.615753095642625318e-06
1.615761141362527580e-06
1.614458848606011174e-06
1.611807060860308449e-06
1.607962015068248261e-06
1.603274768399570555e-06
1.598244067075908213e-06
1.593430294242439944e-06
1.589350883168796727e-06
1.586383292528557160e-06
1.584699424212306556e-06
1.584247386703202685e-06
1.584785426326949129e-06
1.585960364189351613e-06
1.587410577633908208e-06
1.588864556328589185e-06
1.590204842089993466e-06
1.591476692722499488e-06
1.592839065653649778e-06
1.594475286513774049e-06
1.596493811158064373e-06
1.598851524946742459e-06
1.601324080832308893e-06
1.603533719143079962e-06
1.605028635363675811e-06
1.605392553905431105e-06
1.604352763421794357e-06
1.601854094373151883e-06
1.598077369460527114e-06
1.593400210577683228e-06
1.588317071939059994e-06
1.583345413852776291e-06
1.578943138551994249e-06
1.575452536365016332e-06
1.573074704872193592e-06
1.571870659020251407e-06
1.571782335945314296e-06
1.572666717081854156e-06
1.574336882386912652e-06
1.576603566025627923e-06
1.579310016281909059e-06
1.582353180260521155e-06
1.585686746320525005e-06
1.589306254679239107e-06
1.593221632801609495e-06
1.597425917479149217e-06
1.601869228782953464e-06
1.606444404185651958e-06
1.610986420136028606e-06
1.615283601369644049e-06
1.619096078308689775e-06
1.622176571533987715e-06
1.624290030302484887e-06
1.625231001564055790e-06
1.624839781319067236e-06
1.623019468394915413e-06
1.619755359476663866e-06
1.615135561656783564e-06
1.609367960507776376e-06
1.602785536887833863e-06
1.595831799479821590e-06
1.589022212776441911e-06
1.582885079099470782e-06
1.577893212990191793e-06
1.574402207718923001e-06
1.572610046110108148e-06
1.572546798396459609e-06
1.574094758709713590e-06
1.577031611742785957e-06
1.581084205407826857e-06
1.585979019882834019e-06
1.591477248669963863e-06
1.597386930408136228e-06
1.603551038845839308e-06
1.609817698574714885e-06
1.616004918432309858e-06
1.621875228557215558e-06
1.627133699912600507e-06
1.631455763871791411e-06
1.634540695979244736e-06
1.636176059240699846e-06
1.636292158278957850e-06
1.634986976798612938e-06
1.632511456052174569e-06
1.629218809438307092e-06
1.625494043821841586e-06
1.621685926197527716e-06
1.618061407118942583e-06
1.614793563325843017e-06
1.611982099186983744e-06
1.609694459543431707e-06
1.608009118269358741e-06
1.607042653151987421e-06
1.606948811525462555e-06
1.607888646353659541e-06
1.609982034062107726e-06
1.613258326874297770e-06
1.617624745322255229e-06
1.622864944905488017e-06
1.628669090544698797e-06
1.634684901630459713e-06
1.640571472487309144e-06
1.646037890863670167e-06
1.650856909926713348e-06
1.654856129776752318e-06
1.657899022708350031e-06
1.659870796110569698e-06
1.660678886699260533e-06
1.660268511196885637e-06
1.658645561954240515e-06
1.655895989227161167e-06
1.652193003539909138e-06
1.647788630100574118e-06
1.642991443677181841e-06
1.638135831817276992e-06
1.633549299108267657e-06
1.629523329305841629e-06
1.626290827601610308e-06
1.624010361203264013e-06
1.622755814068459495e-06
1.622510701921140803e-06
1.623168767864531665e-06
1.624544444014787859e-06
1.626395887740225919e-06
1.628458978336002310e-06
1.630485176883344093e-06
1.632273348121452361e-06
1.633687941560647199e-06
1.634662195095573873e-06
1.635191263315276882e-06
1.635322608885503165e-06
1.635148750125137517e-06
1.634802679543824247e-06
1.634452145056504218e-06
1.634287692356928670e-06
1.634501268752517119e-06
1.635256213597897178e-06
1.636653823183460592e-06
1.638704627607927648e-06
1.641312970797544516e-06
1.644281320863693319e-06
1.647336617561429997e-06
1.650175780247228286e-06
1.652522135735871089e-06
1.654180145081757794e-06
1.655074178068944430e-06
1.655259976668082552e-06
1.654905076983533173e-06
1.654244298895820929e-06
1.653524117601091695e-06
0.000000000000000000e+00
1.417127836015020114e-08
7.483178790786330287e-09
5.389391972755708396e-09
4.485739996935964462e-09
4.091547333829695996e-09
3.990656642842467906e-09
4.103959712114187735e-09
4.406055216706748091e-09
4.897210399524553139e-09
5.590129610135800443e-09
6.499090663009724561e-09
7.631006324970841640e-09
8.976083725421322206e-09
1.050815190042408158e-08
1.219379214953213237e-08
1.399599311480020455e-08
1.585859601300661461e-08
1.767611379651723756e-08
1.927376605574337980e-08
2.039932628860573199e-08
2.082383893934848376e-08
2.050330844551149788e-08
1.959760829865778074e-08
1.839977019326329106e-08
1.719556477642845364e-08
1.617546245073302125e-08
1.541960792907228256e-08
1.493842221759200751e-08
1.471712531012886690e-08
1.470938561894960939e-08
1.486225087066012362e-08
1.511670692481458773e-08
1.541013645025811509e-08
1.569546809793194383e-08
1.594753130769152842e-08
1.616437771746887793e-08
1.635499530805081327e-08
1.653364065026604754e-08
1.671916416916469374e-08
1.690714999808433105e-08
1.706617865552285363e-08
1.717400053955440108e-08
1.720250491693123034e-08
1.713621319583447777e-08
1.697750559966637766e-08
1.675040960585947546e-08
1.648552867742411672e-08
1.621425555714767102e-08
1.596838473416193692e-08
1.575933563989174802e-08
1.559592398664659019e-08
1.548038124208826584e-08
1.540633106715017346e-08
1.536869786863385529e-08
1.536968857391947305e-08
1.541355697640938066e-08
1.550509249981194900e-08
1.565043484280856620e-08
1.584639735018164078e-08
1.608877051195557952e-08
1.636532629022257073e-08
1.665376326346614261e-08
1.691863897644830008e-08
1.712846627818961728e-08
1.726686256050201085e-08
1.732491975396905546e-08
1.730718981667511578e-08
1.723495447592566815e-08
1.714547835415087019e-08
1.706155632326929872e-08
1.699208396754038178e-08
1.695083491403818411e-08
1.693420189692350798e-08
1.693365544325870447e-08
1.693804742044815398e-08
1.693310666372705092e-08
1.691211477796234647e-08
1.686677400916851840e-08
1.680275012026799600e-08
1.672564728108276527e-08
1.664484401733856696e-08
1.657457500727013809e-08
1.652681817085359427e-08
1.651218846943128049e-08
1.653792469896634823e-08
1.661122472835758060e-08
1.673296063858773638e-08
1.690471146169174764e-08
1.712190790341385858e-08
1.737465656181746680e-08
1.763649387987465947e-08
1.788305125008657869e-08
1.809598502897377499e-08
1.824634524919662410e-08
1.832400612242834003e-08
1.832956444248188808e-08
1.827447700924460219e-08
1.818595833055021173e-08
1.809376405345379486e-08
1.801472820154968208e-08
1.795979240103931606e-08
1.793639851707023736e-08
1.793424825044039513e-08
1.793858786437780972e-08
1.793657204884554751e-08
1.791490226476465915e-08
1.786572783623745440e-08
1.779068650899246369e-08
1.770160070526896387e-08
1.761413494231313359e-08
1.753960956195398475e-08
1.748501501618817494e-08
1.745692096611115481e-08
1.745618755800753218e-08
1.747860667242247591e-08
1.752401750482006670e-08
1.759696465409181251e-08
1.769884847544580679e-08
1.782161840327968824e-08
1.796023058071295134e-08
1.811689021062730957e-08
1.827926564416188223e-08
1.842865229600549432e-08
1.854035211696935284e-08
1.860514592239877252e-08
1.862421690236335083e-08
1.859489357803500754e-08
1.853010502517481665e-08
1.844826996658081554e-08
1.836816438632694822e-08
1.831552428710034559e-08
1.830905945717096302e-08
1.835665257826182780e-08
1.845917834099327020e-08
1.860328414701179181e-08
1.877155694607481077e-08
1.894607907953065485e-08
1.911341727887657937e-08
1.926124471001954261e-08
1.938204822601194498e-08
1.947731530446164271e-08
1.954668585173809462e-08
1.959089074234081437e-08
1.960965193772060204e-08
1.959296577081072964e-08
1.953537726870006338e-08
1.944020576526885011e-08
1.930319348365667267e-08
1.912707012102571421e-08
1.893500274959315009e-08
1.875463772960530715e-08
1.861414852737785829e-08
1.853727228569124938e-08
1.852824557319112043e-08
1.858828904200253436e-08
1.871010355123199540e-08
1.887453909749675849e-08
1.906510942685618953e-08
1.925934532368195577e-08
1.944406074525746314e-08
1.960808851911143171e-08
1.975640421208418710e-08
1.991228838548041187e-08
2.007198346315090601e-08
2.023719535785282564e-08
2.041919037601845599e-08
2.060448629424886954e-08
2.076937535015703058e-08
2.090508349168368435e-08
2.098782317404981121e-08
2.099131209392214261e-08
2.093082168667710648e-08
2.081699629843213957e-08
2.066066441794509550e-08
2.049329110120557149e-08
2.034720262890318140e-08
2.023248252485300421e-08
2.014977842075461399e-08
2.009879278836890122e-08
2.007418699477183307e-08
2.006869095179846849e-08
2.007310092829690698e-08
2.008512240135464076e-08
2.010084988817500573e-08
2.012745238279545137e-08
2.017942793253876470e-08
2.026369529069128574e-08
2.038166517859383228e-08
2.052514036469545359e-08
2.068928060150688248e-08
2.086470122046808060e-08
2.103080642815741600e-08
2.116725809577755542e-08
2.126899089712699872e-08
2.134733481289569614e-08
2.141241782003355105e-08
2.147241316567078829e-08
2.152946419010277685e-08
2.159704052602188059e-08
2.168237631925009531e-08
2.177147984678548197e-08
2.186186625610994514e-08
2.195288084775832136e-08
2.204905802901347883e-08
2.215693906593377739e-08
2.228017862499577255e-08
2.243177066804351815e-08
2.263035898964414551e-08
2.288085989689165532e-08
2.317093597830485143e-08
2.347536353119832300e-08
2.376377767534877749e-08
2.401648012096873468e-08
2.420102757048434119e-08
2.427530342065498586e-08
2.424289852362479098e-08
2.414163735726890068e-08
2.400087352624430541e-08
2.385785398059722546e-08
2.374131788960920635e-08
2.368497716392610028e-08
2.371331498075672481e-08
2.382119451430461580e-08
2.399181747399614188e-08
2.419871469298006610e-08
2.440426223651807079e-08
2.458416354011081953e-08
2.473392010267891805e-08
2.484376712367501510e-08
2.492316750765322361e-08
2.499270017232408312e-08
2.507154620573580143e-08
2.516583399937085157e-08
2.528036449254136282e-08
2.541960050377521131e-08
2.558042548141258632e-08
2.574322622567619272e-08
2.588107272032300406e-08
2.599273539626098307e-08
2.608189607818568869e-08
2.615001295271289356e-08
2.621886896231757807e-08
2.630718703589794317e-08
2.641607390421860971e-08
2.656043339279364563e-08
2.673684620682129569e-08
2.694504100378930172e-08
2.718725168297308566e-08
2.744538168539394865e-08
2.770281111004247654e-08
2.793858130357294721e-08
2.814071535067994387e-08
2.831128341955501840e-08
2.844413468909724805e-08
2.853788273349461543e-08
2.860585319473327921e-08
2.865943542920883788e-08
2.873294026383545096e-08
2.885285291675745311e-08
2.904361245305923642e-08
2.931875149269431557e-08
2.967030491025433297e-08
3.010230177852880078e-08
3.057416544993935804e-08
3.103582604097649424e-08
3.144026611669557798e-08
3.173768922822040768e-08
3.188405049625792826e-08
3.187145347560570121e-08
3.171623635007930609e-08
3.146622583111500209e-08
3.117253250229031305e-08
3.087498817252576810e-08
3.063616532028419437e-08
3.049585666534666738e-08
3.047327764170812743e-08
3.058117405731169534e-08
3.081724451805731054e-08
3.117740707575234938e-08
3.166194546554335158e-08
3.227789160223095055e-08
3.302692171437243360e-08
3.389108584112433608e-08
3.486374990394324779e-08
3.589698662503593096e-08
3.692548766633916848e-08
3.787993405001632064e-08
3.867704526384756747e-08
3.923334943558227274e-08
3.950913400719427730e-08
3.953018125523313463e-08
3.936869782828386573e-08
3.909334990650802753e-08
3.879549285277896960e-08
3.856078625273693139e-08
3.845799051260259090e-08
3.852837300126831512e-08
3.875582537015148573e-08
3.910971379667407441e-08
3.952264082647985193e-08
3.992082523480899876e-08
4.024111569042898593e-08
4.037911963746217502e-08
4.030015843137160667e-08
4.008583825231297034e-08
3.980586744677103512e-08
3.954183316785839257e-08
3.939544231364905923e-08
3.944953771103456199e-08
3.972494141189459040e-08
4.021729529160263305e-08
4.090587877580463974e-08
4.172565744905968428e-08
4.258609663775517278e-08
4.337914473869675875e-08
4.396279470175595263e-08
4.424749130495623316e-08
4.421165358128269064e-08
4.389115928636109391e-08
4.333090405792426392e-08
4.260718877572850210e-08
4.183613668483597986e-08
4.107401706796832899e-08
4.040676612905834438e-08
3.989308054094143623e-08
3.958030622433379682e-08
3.945679638750371151e-08
3.947801101964173260e-08
3.964534907664320454e-08
3.993520050346971758e-08
4.031925475084403150e-08
4.076743725607854164e-08
4.126279912999164742e-08
4.179399351424453303e-08
4.233251547214047296e-08
4.287757731597894018e-08
4.341070429122884888e-08
4.390879172150314343e-08
4.435804647163349111e-08
4.470041601963978585e-08
4.488767739915156191e-08
4.490609831835750201e-08
4.476806462854486970e-08
4.449779711430706046e-08
4.413240112968889013e-08
4.369255145868035031e-08
4.327371617028268923e-08
4.294007522064856240e-08
4.270816105122359226e-08
4.261243198009369018e-08
4.263200853067433063e-08
4.273696349647586061e-08
4.289721461518549666e-08
4.308266790541258792e-08
4.328091687631924567e-08
4.352436781164141696e-08
4.381432787777741706e-08
4.418249561741177866e-08
4.467534693412638942e-08
4.531660902702659707e-08
4.612248424265233066e-08
4.707462296387749771e-08
4.814431844312876677e-08
4.922377289850979110e-08
5.018047173933689480e-08
5.093721482392292069e-08
5.144996437186055570e-08
5.172666464558266730e-08
5.178576130573047863e-08
5.166654577715672529e-08
5.148063181651873857e-08
5.130582831961094966e-08
5.116349971431297919e-08
5.110317806879148458e-08
5.112818474884764621e-08
5.119448187685850546e-08
5.128590613705187302e-08
5.130996450912647342e-08
5.122929745759904164e-08
5.103813642612728774e-08
5.071381191795013490e-08
5.028560876369216314e-08
4.979766210709429810e-08
4.931456408555718519e-08
4.888296649718727419e-08
4.853190171735902457e-08
4.827461599827265217e-08
4.811880372230259016e-08
4.805556686287352640e-08
4.805948885813491260e-08
4.813588679020885369e-08
4.831144933420509052e-08
4.859367228282580282e-08
4.897964571690884267e-08
4.948213446155328455e-08
5.006993591073417269e-08
5.070574235121868584e-08
5.138548669214009790e-08
5.208146491376997566e-08
5.273155300283447507e-08
5.330399149109933907e-08
5.381851856797190659e-08
5.425582875083615428e-08
5.459070011051195114e-08
5.485849483347259092e-08
5.506433466944676233e-08
5.519109097156006832e-08
5.524380073097532244e-08
5.516310093197614535e-08
5.495525549099251777e-08
5.469690538498137427e-08
5.439617054138271704e-08
5.408817033995336028e-08
5.379743479156689518e-08
5.351777816129679019e-08
5.324046433634257037e-08
5.293329498189365794e-08
5.253044011833217944e-08
5.200134543418485793e-08
5.138697865847183442e-08
5.070216390510914123e-08
5.001543042646330748e-08
4.941487982026227963e-08
4.895782318919487444e-08
4.868997278546949307e-08
4.861512728327226870e-08
4.869187235414895104e-08
4.887467251292498400e-08
4.911611725519678175e-08
4.932338131457036476e-08
4.941058089243259966e-08
4.935864848913970843e-08
4.917223374592994655e-08
4.891702886426639129e-08
4.867026944438231777e-08
4.851101872685363220e-08
4.850665919940146806e-08
4.868368826603492440e-08
4.903396167455733742e-08
4.948472366419222711e-08
4.996801875305034731e-08
5.041212051429873877e-08
5.072998159986146948e-08
5.087280798722101907e-08
5.084147137898685280e-08
5.066108032690764627e-08
5.037610980295875806e-08
5.002534078038081349e-08
4.967782298476567209e-08
4.936992764026162148e-08
4.907939768324230844e-08
4.880397686092480086e-08
4.853563916022594283e-08
4.826592185881974970e-08
4.801279154936918884e-08
4.777156944251628040e-08
4.754511545119029750e-08
4.735844442106162875e-08
4.722512184397907241e-08
4.714637921648640366e-08
4.709866674769262193e-08
4.706067091898077385e-08
4.702537056086551767e-08
4.698487189663408038e-08
4.694282025656555948e-08
4.690950768232613949e-08
4.688974350106200160e-08
4.689897510842615037e-08
4.696611982154001505e-08
4.711982942341909411e-08
4.736664902871832171e-08
4.767646082448924869e-08
4.802301676230273715e-08
4.838375081795653433e-08
4.872642695159813806e-08
4.904292507375102346e-08
4.933592909885171591e-08
4.959632732425534066e-08
4.982136401506161244e-08
5.002826338064504996e-08
5.024823969332134341e-08
5.050180264651124530e-08
5.079788983874659963e-08
5.113082855793151113e-08
5.149662151109278114e-08
5.193646911288493777e-08
5.247610927084974125e-08
5.313163443161592645e-08
5.391709570065851325e-08
5.479461908472499626e-08
5.569509965895022618e-08
5.652410705511757354e-08
5.715389007097826547e-08
5.742123430871321158e-08
5.716134482256511208e-08
5.631969603734720443e-08
5.493997603763221130e-08
5.314877568225434010e-08
5.114785282270140467e-08
4.910504876552068114e-08
4.729058718491175299e-08
4.587904549227352727e-08
4.488264391213644318e-08
4.432784267290604258e-08
4.419693285477069924e-08
4.445568431359219357e-08
4.504567565647942998e-08
4.588475849966659431e-08
4.689406825487325747e-08
4.798903443031816609e-08
4.908756108333932509e-08
5.012372013487277441e-08
5.104636156134202054e-08
5.181997116057866400e-08
5.243081593623422387e-08
5.286814183035294543e-08
5.312816848068892609e-08
5.321873268031574918e-08
5.315605382317780948e-08
5.296429463414098802e-08
5.269102179254330638e-08
5.239140454721775965e-08
5.211066696761759852e-08
5.187412741283998326e-08
5.169933665711282106e-08
5.160394222970530798e-08
5.158114761760288437e-08
5.160965392694956828e-08
5.166241398365024176e-08
5.170317831199323751e-08
5.170896770068759352e-08
5.168192716154781021e-08
5.163459888058428265e-08
5.158727667711156619e-08
5.156518266824469098e-08
5.158775190951035733e-08
5.166499278444815490e-08
5.180362573886823759e-08
5.200008509156255403e-08
5.224189061841918183e-08
5.251181629365269242e-08
5.279708744545285100e-08
5.308585024409239760e-08
5.337193990679141300e-08
5.365064489917368239e-08
5.389678229394831808e-08
5.409465627024940731e-08
5.422344686017153845e-08
5.426249993173841583e-08
5.420545778827164267e-08
5.405430956724202804e-08
5.382498046652127022e-08
5.355030944447905906e-08
5.328864345596889684e-08
5.308978558626183903e-08
5.301169154715643291e-08
5.308627873482861591e-08
5.331805670123648076e-08
5.369529466932915373e-08
5.417218459547988766e-08
5.469253234174924837e-08
5.517738803620039778e-08
5.552131310812371784e-08
5.564422801956585068e-08
5.551180148661264655e-08
5.512603812964147528e-08
5.452121540130778063e-08
5.377232970370023123e-08
5.297674397338081467e-08
5.220925195450772862e-08
5.155213490503757193e-08
5.106396104493925757e-08
5.076295232756045266e-08
5.064965749287648130e-08
5.069970519678741847e-08
5.086121914037779257e-08
5.106509203972240800e-08
5.124846142232855766e-08
5.135510551882515951e-08
5.134473826989793978e-08
5.120621247843140315e-08
5.095853538172773317e-08
5.063170258485464808e-08
5.027854492948900070e-08
4.996165621941782060e-08
4.972741055117837854e-08
4.961704818589493507e-08
4.964843572835421337e-08
4.982025291207878411e-08
5.012883204821872477e-08
5.054505127782898385e-08
5.104007142151028791e-08
5.159171927690948601e-08
5.216888684007952033e-08
5.274271715366354607e-08
5.327677109313177317e-08
5.375137369962257175e-08
5.415477294937098915e-08
5.446493135543963446e-08
5.466292726029382464e-08
5.473860019653077766e-08
5.468005225187756256e-08
5.449592608326901977e-08
5.420404178798423903e-08
5.381913521274334976e-08
5.338187024417512018e-08
5.292219312802513329e-08
5.246971193492994979e-08
5.206285810253244702e-08
5.172600111244560873e-08
5.147111533421793754e-08
5.130420575179820389e-08
5.122352720959265222e-08
5.122336439100777764e-08
5.129772820863134171e-08
5.144074670340127487e-08
5.165468845277552755e-08
5.192674285669770189e-08
5.222848306750159214e-08
5.253591819313111714e-08
5.283321435559501527e-08
5.309374266067866714e-08
5.328713425449479680e-08
5.339380033714660582e-08
5.340535897975946553e-08
5.332770962287029941e-08
5.318139711207183158e-08
5.298307809168854093e-08
5.275495075128365685e-08
5.251563294151171724e-08
5.226985279668481587e-08
5.202944334548260498e-08
5.180524938019729259e-08
5.160768569588971508e-08
5.143425197927873865e-08
5.129279698027920646e-08
5.120201843676846616e-08
5.118233680933847486e-08
5.125442550203393642e-08
5.143740496897985288e-08
5.174759883384852750e-08
5.218967092541161918e-08
5.274348932933077566e-08
5.337120840744546810e-08
5.402114693396529324e-08
5.463373185101338172e-08
5.514039176540243493e-08
5.546155677017253044e-08
5.556145638414813268e-08
5.542845108452277737e-08
5.506722682598205955e-08
5.451830749102555618e-08
5.384514188779814031e-08
5.311671539631342513e-08
5.240612243791686628e-08
5.177703519160843035e-08
5.127569867730794460e-08
5.094653418834056495e-08
5.080453710362913946e-08
5.085762727931379429e-08
5.110861208127213630e-08
5.152040623526282321e-08
5.204963455062759982e-08
5.264555152807546425e-08
5.325420990006710157e-08
5.382584761951465915e-08
5.430731353398927838e-08
5.466081645329791695e-08
5.486628123947458752e-08
5.491767915925484273e-08
5.483172760998874532e-08
5.463340477467634887e-08
5.434093161197851632e-08
5.398287328145763024e-08
5.359057729836255876e-08
5.319722537803231190e-08
5.283016562941045674e-08
5.250355800714072223e-08
5.223546832864556863e-08
5.204006094321101127e-08
5.192972584808888382e-08
5.191173467669431366e-08
5.198895826584308684e-08
5.214651396921955817e-08
5.237631383140547638e-08
5.266008404134219918e-08
5.295858118557135304e-08
5.324694437112994981e-08
5.349388598663256856e-08
5.367178785537943195e-08
5.377446075623299064e-08
5.381413831842363239e-08
5.379923333634066559e-08
5.374496706805195236e-08
5.366652784777636243e-08
5.355949523949196063e-08
5.342393080043353554e-08
5.324647675754570838e-08
5.300405715191961840e-08
5.267990201484364468e-08
5.228610818082015707e-08
5.184138214413439877e-08
5.136294163867698947e-08
5.088340509044713745e-08
5.043837293938320666e-08
5.005700301153338636e-08
4.976166673404119913e-08
4.957374907229192656e-08
4.949653766418668233e-08
4.951991747505536400e-08
4.962532583841932731e-08
4.980765872585390107e-08
5.005199920147589224e-08
5.033752859530477307e-08
5.064619648358363505e-08
5.095195772803277376e-08
5.125316814007231950e-08
5.154356970797032029e-08
5.180004248296565386e-08
5.201006988567486759e-08
5.216891979822726565e-08
5.228539261875510021e-08
5.236786296616727614e-08
5.241489044544245203e-08
5.244305601774508198e-08
5.246520534089338871e-08
5.248497807763877135e-08
5.251122361986264268e-08
5.254124665958020120e-08
5.256341551494427244e-08
5.257019413738156002e-08
5.255313058789606405e-08
5.250397961079330902e-08
5.242984446619957247e-08
5.234313996944200187e-08
5.226418056661583620e-08
5.221260540943995955e-08
5.220334449440420253e-08
5.225350805877152787e-08
5.235260908533701114e-08
5.248979422724085695e-08
5.264644688658819834e-08
5.278273555150621099e-08
5.285706021632054225e-08
5.281792733433146481e-08
5.263950297370884899e-08
5.232462846061572351e-08
5.189333793837241930e-08
5.138965501475778039e-08
5.086348481787781414e-08
5.037152584163440937e-08
4.996856344628853616e-08
4.968420415203482606e-08
4.953321340157004449e-08
4.950519906749641547e-08
4.959076771636425061e-08
4.977166954721403615e-08
5.000456589310572325e-08
5.025998652947057785e-08
5.051139635785144410e-08
5.075929755602673487e-08
5.102390214260333961e-08
5.130168600018113028e-08
5.159305733661303643e-08
5.189998150265819511e-08
5.221827397913291929e-08
5.253604625919911240e-08
5.281016999634548528e-08
5.299349283990388266e-08
5.302874696370606757e-08
5.286611556794576741e-08
5.249110790261765902e-08
5.189878916456422381e-08
5.112539879186463660e-08
5.025269483474152159e-08
4.935632224262302433e-08
4.851586282223642646e-08
4.780605448208028072e-08
4.728195749928151504e-08
4.698586158964014207e-08
4.694338341362621108e-08
4.715945619013588654e-08
4.761135841769094194e-08
4.826428923973882945e-08
4.907398246580934562e-08
4.998908088367197696e-08
5.094605049694026183e-08
5.188221010672119000e-08
5.274368414283364805e-08
5.349778208880009895e-08
5.413602567242071883e-08
5.464044601497488884e-08
5.500245066212040355e-08
5.522796961725655610e-08
5.532495158533454952e-08
5.529441662177913858e-08
5.512717499371029144e-08
5.481401868824186055e-08
5.437210570556533175e-08
5.383118150412956756e-08
5.324242880381717278e-08
5.264517592773942316e-08
5.207657493943583789e-08
5.157506596009237170e-08
5.116927325647032426e-08
5.088925655446171445e-08
5.072791603075850168e-08
5.067256753101398494e-08
5.070243919333707409e-08
5.078920984316223448e-08
5.090300238027559709e-08
5.102121459837733930e-08
5.112691104375327504e-08
5.120606565192185885e-08
5.126074918156985779e-08
5.130355728386794668e-08
5.135118568597903286e-08
5.140923898266171274e-08
5.148796844714015695e-08
5.158723738460635761e-08
5.170066745534508386e-08
5.182069079426666425e-08
5.193563299386976593e-08
5.204331214329152979e-08
5.213202334737399261e-08
5.220845654452974128e-08
5.228731593093344147e-08
5.236957238934881326e-08
5.246594266052548007e-08
5.258425509898994943e-08
5.273046730918210987e-08
5.290548958847499856e-08
5.311222724747826699e-08
5.334934993997859274e-08
5.359404413661882829e-08
5.381690314023836498e-08
5.398994316756228844e-08
5.408970544136882313e-08
5.409448126929093043e-08
5.398569286352867458e-08
5.373886666229239392e-08
5.338262065414260122e-08
5.294485357923269264e-08
5.244122189923885070e-08
5.191840965896361150e-08
5.139268216897771308e-08
5.089732834676748771e-08
5.045813262967228561e-08
5.007639420638662955e-08
4.977903930833499566e-08
4.958027601475924460e-08
4.947846128036012951e-08
4.947545788982910965e-08
4.957258615355998306e-08
4.975789823772452995e-08
5.001997450389915806e-08
5.033649600801696915e-08
5.068167924576992868e-08
5.103051948251557189e-08
5.134694512258495283e-08
5.160556418241146248e-08
5.179805740541012527e-08
5.191787912534203623e-08
5.195578943720767040e-08
5.191592595642297658e-08
5.181918035529010068e-08
5.168707618474393012e-08
5.154873053627300377e-08
5.142674496910597141e-08
5.132591472457927164e-08
5.125824650745014674e-08
5.122359932805620178e-08
5.121698300350654353e-08
5.123291323346661423e-08
5.125327556225896234e-08
5.127294113888318445e-08
5.129948259877585206e-08
5.132655605026579155e-08
5.134504832355060102e-08
5.135699410904631949e-08
5.137072505927480208e-08
5.139809905177042529e-08
5.143325763914752432e-08
5.146216016571508013e-08
5.148573161815412205e-08
5.149410616152828152e-08
5.147578112550371060e-08
5.143377758323873115e-08
5.136374750430886303e-08
5.126656350575379215e-08
5.116658814410461537e-08
5.109325483942534852e-08
5.105899406972178879e-08
5.108236480776928156e-08
5.117735951396714587e-08
5.135416213126409679e-08
5.161710724645443607e-08
5.194331716502966163e-08
5.231757536486179044e-08
5.271492217738096210e-08
5.311543259375126432e-08
5.351310340471958885e-08
5.389789227201048550e-08
5.426841921610494306e-08
5.463361200765367733e-08
5.499460474868092421e-08
5.533750599986898481e-08
5.564434036764198598e-08
5.587830999756306507e-08
5.601247653354656145e-08
5.601756046318138321e-08
5.588386507924473580e-08
5.563525484463754780e-08
5.528452177731157879e-08
5.487083801267174203e-08
5.444822704973512287e-08
5.405128597893870832e-08
5.371212487006909149e-08
5.343886677194768178e-08
5.322425729161092445e-08
5.306158533539103246e-08
5.291428626365221165e-08
5.275457411917590259e-08
5.256196659014723041e-08
5.231587508262698530e-08
5.201210751326674187e-08
5.166110974099440816e-08
5.128678243878888588e-08
5.092339068741165698e-08
5.060746661497616882e-08
5.037259941298032183e-08
5.024957645874377367e-08
5.026171164038062591e-08
5.042454161828111771e-08
5.073576834773563602e-08
5.118795594756786056e-08
5.176527350234513659e-08
5.244037495449708782e-08
5.316998396618721950e-08
5.389877565172020865e-08
5.458711983853140917e-08
5.520415319393599690e-08
5.573266797702504547e-08
5.616526700123749139e-08
5.650417760642476935e-08
5.677076063107852463e-08
5.697648538940327968e-08
5.711477196105805632e-08
5.719534775137450399e-08
5.719443260287869912e-08
5.706213986360721780e-08
5.677751932104918685e-08
5.634042275292449889e-08
5.576420481490962748e-08
5.507283276284448868e-08
5.431003354359690857e-08
5.353112571326473455e-08
5.280373873279052008e-08
5.218737444521054531e-08
5.172025102990354514e-08
5.141840989910220551e-08
5.128023842168461569e-08
5.130084756927354398e-08
5.145959396431408024e-08
5.172249214352597042e-08
5.206550471638839058e-08
5.247143476024694395e-08
5.291867568483189955e-08
5.338651563116303496e-08
5.385942118738727707e-08
5.432479331084449700e-08
5.474892425415952000e-08
5.510246703530551047e-08
5.536425439582319485e-08
5.551640445010968382e-08
5.557213294964249729e-08
5.556578515574264142e-08
5.552701810929035563e-08
5.549393838645549388e-08
5.551537267240070444e-08
5.562993180269923322e-08
5.586457957864041248e-08
5.620708673653350493e-08
5.662431148275568938e-08
5.707895410550238364e-08
5.753651320736063490e-08
5.797714150166682259e-08
5.837602849051639105e-08
5.871390950009197071e-08
5.898559253159087501e-08
5.918960363289115159e-08
5.928840777103522748e-08
5.921136735499483128e-08
5.888358301630768957e-08
5.823033708892372657e-08
5.723049122503743500e-08
5.590123935294644525e-08
5.430338886964289487e-08
