1.000000000000000021e-02
2.000000000000000042e-02
2.999999999999999889e-02
4.000000000000000083e-02
5.000000000000000278e-02
5.999999999999999778e-02
7.000000000000000666e-02
8.000000000000000167e-02
9.000000000000001055e-02
1.000000000000000056e-01
1.099999999999999867e-01
1.199999999999999956e-01
1.300000000000000044e-01
1.400000000000000133e-01
1.499999999999999944e-01
1.600000000000000033e-01
1.700000000000000122e-01
1.800000000000000211e-01
1.900000000000000022e-01
2.000000000000000111e-01
2.100000000000000200e-01
2.199999999999999734e-01
2.299999999999999822e-01
2.399999999999999911e-01
2.500000000000000000e-01
2.600000000000000089e-01
2.700000000000000178e-01
2.800000000000000266e-01
2.900000000000000355e-01
2.999999999999999889e-01
3.099999999999999978e-01
3.200000000000000067e-01
3.300000000000000155e-01
3.400000000000000244e-01
3.500000000000000333e-01
3.600000000000000422e-01
3.699999999999999956e-01
3.800000000000000044e-01
3.900000000000000133e-01
4.000000000000000222e-01
4.100000000000000311e-01
4.200000000000000400e-01
4.300000000000000488e-01
4.399999999999999467e-01
4.499999999999999556e-01
4.599999999999999645e-01
4.699999999999999734e-01
4.799999999999999822e-01
4.899999999999999911e-01
5.000000000000000000e-01
5.100000000000000089e-01
5.200000000000000178e-01
5.300000000000000266e-01
5.400000000000000355e-01
5.500000000000000444e-01
5.600000000000000533e-01
5.700000000000000622e-01
5.800000000000000711e-01
5.900000000000000799e-01
5.999999999999999778e-01
6.099999999999999867e-01
6.199999999999999956e-01
6.300000000000000044e-01
6.400000000000000133e-01
6.500000000000000222e-01
6.600000000000000311e-01
6.700000000000000400e-01
6.800000000000000488e-01
6.900000000000000577e-01
7.000000000000000666e-01
7.100000000000000755e-01
7.200000000000000844e-01
7.299999999999999822e-01
7.399999999999999911e-01
7.500000000000000000e-01
7.600000000000000089e-01
7.700000000000000178e-01
7.800000000000000266e-01
7.900000000000000355e-01
8.000000000000000444e-01
8.100000000000000533e-01
8.200000000000000622e-01
8.300000000000000711e-01
8.400000000000000799e-01
8.500000000000000888e-01
8.600000000000000977e-01
8.700000000000001066e-01
8.799999999999998934e-01
8.899999999999999023e-01
8.999999999999999112e-01
9.099999999999999201e-01
9.199999999999999289e-01
9.299999999999999378e-01
9.399999999999999467e-01
9.499999999999999556e-01
9.599999999999999645e-01
9.699999999999999734e-01
9.799999999999999822e-01
9.899999999999999911e-01
1.000000000000000000e+00
1.010000000000000009e+00
1.020000000000000018e+00
1.030000000000000027e+00
1.040000000000000036e+00
1.050000000000000044e+00
1.060000000000000053e+00
1.070000000000000062e+00
1.080000000000000071e+00
1.090000000000000080e+00
1.100000000000000089e+00
1.110000000000000098e+00
1.120000000000000107e+00
1.130000000000000115e+00
1.140000000000000124e+00
1.150000000000000133e+00
1.160000000000000142e+00
1.170000000000000151e+00
1.180000000000000160e+00
1.190000000000000169e+00
1.199999999999999956e+00
1.209999999999999964e+00
1.219999999999999973e+00
1.229999999999999982e+00
1.239999999999999991e+00
1.250000000000000000e+00
1.260000000000000009e+00
1.270000000000000018e+00
1.280000000000000027e+00
1.290000000000000036e+00
1.300000000000000044e+00
1.310000000000000053e+00
1.320000000000000062e+00
1.330000000000000071e+00
1.340000000000000080e+00
1.350000000000000089e+00
1.360000000000000098e+00
1.370000000000000107e+00
1.380000000000000115e+00
1.390000000000000124e+00
1.400000000000000133e+00
1.410000000000000142e+00
1.420000000000000151e+00
1.430000000000000160e+00
1.440000000000000169e+00
1.449999999999999956e+00
1.459999999999999964e+00
1.469999999999999973e+00
1.479999999999999982e+00
1.489999999999999991e+00
1.500000000000000000e+00
1.510000000000000009e+00
1.520000000000000018e+00
1.530000000000000027e+00
1.540000000000000036e+00
1.550000000000000044e+00
1.560000000000000053e+00
1.570000000000000062e+00
1.580000000000000071e+00
1.590000000000000080e+00
1.600000000000000089e+00
1.610000000000000098e+00
1.620000000000000107e+00
1.630000000000000115e+00
1.640000000000000124e+00
1.650000000000000133e+00
1.660000000000000142e+00
1.670000000000000151e+00
1.680000000000000160e+00
1.690000000000000169e+00
1.700000000000000178e+00
1.710000000000000187e+00
1.720000000000000195e+00
1.730000000000000204e+00
1.740000000000000213e+00
1.750000000000000222e+00
1.759999999999999787e+00
1.770000000000000018e+00
1.779999999999999805e+00
1.790000000000000036e+00
1.799999999999999822e+00
1.810000000000000053e+00
1.819999999999999840e+00
1.830000000000000071e+00
1.839999999999999858e+00
1.850000000000000089e+00
1.859999999999999876e+00
1.870000000000000107e+00
1.879999999999999893e+00
1.890000000000000124e+00
1.899999999999999911e+00
1.910000000000000142e+00
1.919999999999999929e+00
1.930000000000000160e+00
1.939999999999999947e+00
1.950000000000000178e+00
1.959999999999999964e+00
1.970000000000000195e+00
1.979999999999999982e+00
1.990000000000000213e+00
2.000000000000000000e+00
2.010000000000000231e+00
2.020000000000000018e+00
2.030000000000000249e+00
2.040000000000000036e+00
2.050000000000000266e+00
2.060000000000000053e+00
2.070000000000000284e+00
2.080000000000000071e+00
2.089999999999999858e+00
2.100000000000000089e+00
2.109999999999999876e+00
2.120000000000000107e+00
2.129999999999999893e+00
2.140000000000000124e+00
2.149999999999999911e+00
2.160000000000000142e+00
2.169999999999999929e+00
2.180000000000000160e+00
2.189999999999999947e+00
2.200000000000000178e+00
2.209999999999999964e+00
2.220000000000000195e+00
2.229999999999999982e+00
2.240000000000000213e+00
2.250000000000000000e+00
2.260000000000000231e+00
2.270000000000000018e+00
2.280000000000000249e+00
2.290000000000000036e+00
2.300000000000000266e+00
2.310000000000000053e+00
2.320000000000000284e+00
2.330000000000000071e+00
2.340000000000000302e+00
2.350000000000000089e+00
2.360000000000000320e+00
2.370000000000000107e+00
2.380000000000000338e+00
2.390000000000000124e+00
2.399999999999999911e+00
2.410000000000000142e+00
2.419999999999999929e+00
2.429999999999999716e+00
2.439999999999999947e+00
2.450000000000000178e+00
2.459999999999999964e+00
2.469999999999999751e+00
2.479999999999999982e+00
2.490000000000000213e+00
2.500000000000000000e+00
2.509999999999999787e+00
2.520000000000000018e+00
2.530000000000000249e+00
2.540000000000000036e+00
2.549999999999999822e+00
2.560000000000000053e+00
2.570000000000000284e+00
2.580000000000000071e+00
2.589999999999999858e+00
2.600000000000000089e+00
2.610000000000000320e+00
2.620000000000000107e+00
2.629999999999999893e+00
2.640000000000000124e+00
2.650000000000000355e+00
2.660000000000000142e+00
2.669999999999999929e+00
2.680000000000000160e+00
2.690000000000000391e+00
2.700000000000000178e+00
2.709999999999999964e+00
2.720000000000000195e+00
2.730000000000000426e+00
2.740000000000000213e+00
2.750000000000000000e+00
2.760000000000000231e+00
2.770000000000000462e+00
2.780000000000000249e+00
2.790000000000000036e+00
2.800000000000000266e+00
2.810000000000000497e+00
2.820000000000000284e+00
2.830000000000000071e+00
2.840000000000000302e+00
2.850000000000000533e+00
2.860000000000000320e+00
2.870000000000000107e+00
2.880000000000000338e+00
2.889999999999999680e+00
2.899999999999999911e+00
2.909999999999999698e+00
2.919999999999999929e+00
2.929999999999999716e+00
2.939999999999999947e+00
2.949999999999999734e+00
2.959999999999999964e+00
2.969999999999999751e+00
2.979999999999999982e+00
2.989999999999999769e+00
3.000000000000000000e+00
3.009999999999999787e+00
3.020000000000000018e+00
3.029999999999999805e+00
3.040000000000000036e+00
3.049999999999999822e+00
3.060000000000000053e+00
3.069999999999999840e+00
3.080000000000000071e+00
3.089999999999999858e+00
3.100000000000000089e+00
3.109999999999999876e+00
3.120000000000000107e+00
3.129999999999999893e+00
3.140000000000000124e+00
3.149999999999999911e+00
3.160000000000000142e+00
3.169999999999999929e+00
3.180000000000000160e+00
3.189999999999999947e+00
3.200000000000000178e+00
3.209999999999999964e+00
3.220000000000000195e+00
3.229999999999999982e+00
3.240000000000000213e+00
3.250000000000000000e+00
3.260000000000000231e+00
3.270000000000000018e+00
3.280000000000000249e+00
3.290000000000000036e+00
3.300000000000000266e+00
3.310000000000000053e+00
3.320000000000000284e+00
3.330000000000000071e+00
3.340000000000000302e+00
3.350000000000000089e+00
3.360000000000000320e+00
3.370000000000000107e+00
3.380000000000000338e+00
3.390000000000000124e+00
3.400000000000000355e+00
3.410000000000000142e+00
3.420000000000000373e+00
3.430000000000000160e+00
3.440000000000000391e+00
3.450000000000000178e+00
3.460000000000000409e+00
3.470000000000000195e+00
3.480000000000000426e+00
3.490000000000000213e+00
3.500000000000000444e+00
3.510000000000000231e+00
3.519999999999999574e+00
3.529999999999999805e+00
3.540000000000000036e+00
3.549999999999999822e+00
3.559999999999999609e+00
3.569999999999999840e+00
3.580000000000000071e+00
3.589999999999999858e+00
3.599999999999999645e+00
3.609999999999999876e+00
3.620000000000000107e+00
3.629999999999999893e+00
3.639999999999999680e+00
3.649999999999999911e+00
3.660000000000000142e+00
3.669999999999999929e+00
3.679999999999999716e+00
3.689999999999999947e+00
3.700000000000000178e+00
3.709999999999999964e+00
3.719999999999999751e+00
3.729999999999999982e+00
3.740000000000000213e+00
3.750000000000000000e+00
3.759999999999999787e+00
3.770000000000000018e+00
3.780000000000000249e+00
3.790000000000000036e+00
3.799999999999999822e+00
3.810000000000000053e+00
3.820000000000000284e+00
3.830000000000000071e+00
3.839999999999999858e+00
3.850000000000000089e+00
3.860000000000000320e+00
3.870000000000000107e+00
3.879999999999999893e+00
3.890000000000000124e+00
3.900000000000000355e+00
3.910000000000000142e+00
3.919999999999999929e+00
3.930000000000000160e+00
3.940000000000000391e+00
3.950000000000000178e+00
3.959999999999999964e+00
3.970000000000000195e+00
3.980000000000000426e+00
3.990000000000000213e+00
4.000000000000000000e+00
4.009999999999999787e+00
4.020000000000000462e+00
4.030000000000000249e+00
4.040000000000000036e+00
4.050000000000000711e+00
4.060000000000000497e+00
4.070000000000000284e+00
4.080000000000000071e+00
4.089999999999999858e+00
4.100000000000000533e+00
4.110000000000000320e+00
4.120000000000000107e+00
4.130000000000000782e+00
4.140000000000000568e+00
4.150000000000000355e+00
4.160000000000000142e+00
4.169999999999999929e+00
4.179999999999999716e+00
4.189999999999999503e+00
4.200000000000000178e+00
4.209999999999999964e+00
4.219999999999999751e+00
4.229999999999999538e+00
4.240000000000000213e+00
4.250000000000000000e+00
4.259999999999999787e+00
4.269999999999999574e+00
4.280000000000000249e+00
4.290000000000000036e+00
4.299999999999999822e+00
4.309999999999999609e+00
4.320000000000000284e+00
4.330000000000000071e+00
4.339999999999999858e+00
4.349999999999999645e+00
4.360000000000000320e+00
4.370000000000000107e+00
4.379999999999999893e+00
4.389999999999999680e+00
4.400000000000000355e+00
4.410000000000000142e+00
4.419999999999999929e+00
4.429999999999999716e+00
4.440000000000000391e+00
4.450000000000000178e+00
4.459999999999999964e+00
4.469999999999999751e+00
4.480000000000000426e+00
4.490000000000000213e+00
4.500000000000000000e+00
4.509999999999999787e+00
4.520000000000000462e+00
4.530000000000000249e+00
4.540000000000000036e+00
4.549999999999999822e+00
4.560000000000000497e+00
4.570000000000000284e+00
4.580000000000000071e+00
4.589999999999999858e+00
4.600000000000000533e+00
4.610000000000000320e+00
4.620000000000000107e+00
4.629999999999999893e+00
4.640000000000000568e+00
4.650000000000000355e+00
4.660000000000000142e+00
4.669999999999999929e+00
4.680000000000000604e+00
4.690000000000000391e+00
4.700000000000000178e+00
4.709999999999999964e+00
4.720000000000000639e+00
4.730000000000000426e+00
4.740000000000000213e+00
4.750000000000000000e+00
4.760000000000000675e+00
4.770000000000000462e+00
4.780000000000000249e+00
4.790000000000000036e+00
4.799999999999999822e+00
4.809999999999999609e+00
4.820000000000000284e+00
4.830000000000000071e+00
4.839999999999999858e+00
4.849999999999999645e+00
4.859999999999999432e+00
4.870000000000000107e+00
4.879999999999999893e+00
4.889999999999999680e+00
4.900000000000000355e+00
4.910000000000000142e+00
4.919999999999999929e+00
4.929999999999999716e+00
4.939999999999999503e+00
4.950000000000000178e+00
4.959999999999999964e+00
4.969999999999999751e+00
4.980000000000000426e+00
4.990000000000000213e+00
5.000000000000000000e+00
5.009999999999999787e+00
5.019999999999999574e+00
5.030000000000000249e+00
5.040000000000000036e+00
5.049999999999999822e+00
5.060000000000000497e+00
5.070000000000000284e+00
5.080000000000000071e+00
5.089999999999999858e+00
5.099999999999999645e+00
5.110000000000000320e+00
5.120000000000000107e+00
5.129999999999999893e+00
5.140000000000000568e+00
5.150000000000000355e+00
5.160000000000000142e+00
5.169999999999999929e+00
5.179999999999999716e+00
5.190000000000000391e+00
5.200000000000000178e+00
5.209999999999999964e+00
5.220000000000000639e+00
5.230000000000000426e+00
5.240000000000000213e+00
5.250000000000000000e+00
5.259999999999999787e+00
5.270000000000000462e+00
5.280000000000000249e+00
5.290000000000000036e+00
5.300000000000000711e+00
5.310000000000000497e+00
5.320000000000000284e+00
5.330000000000000071e+00
5.339999999999999858e+00
5.350000000000000533e+00
5.360000000000000320e+00
5.370000000000000107e+00
5.380000000000000782e+00
5.390000000000000568e+00
5.400000000000000355e+00
5.410000000000000142e+00
5.419999999999999929e+00
5.430000000000000604e+00
5.440000000000000391e+00
5.450000000000000178e+00
5.460000000000000853e+00
5.470000000000000639e+00
5.480000000000000426e+00
5.490000000000000213e+00
5.500000000000000000e+00
5.510000000000000675e+00
5.520000000000000462e+00
5.530000000000000249e+00
5.540000000000000924e+00
5.550000000000000711e+00
5.560000000000000497e+00
5.570000000000000284e+00
5.580000000000000071e+00
5.590000000000000746e+00
5.600000000000000533e+00
5.610000000000000320e+00
5.620000000000000995e+00
5.630000000000000782e+00
5.640000000000000568e+00
5.650000000000000355e+00
5.660000000000000142e+00
5.670000000000000817e+00
5.680000000000000604e+00
5.690000000000000391e+00
5.700000000000001066e+00
5.710000000000000853e+00
5.720000000000000639e+00
5.730000000000000426e+00
5.740000000000000213e+00
5.750000000000000888e+00
5.760000000000000675e+00
5.769999999999999574e+00
5.779999999999999361e+00
5.789999999999999147e+00
5.799999999999999822e+00
5.809999999999999609e+00
5.819999999999999396e+00
5.830000000000000071e+00
5.839999999999999858e+00
5.849999999999999645e+00
5.859999999999999432e+00
5.869999999999999218e+00
5.879999999999999893e+00
5.889999999999999680e+00
5.899999999999999467e+00
5.910000000000000142e+00
5.919999999999999929e+00
5.929999999999999716e+00
5.939999999999999503e+00
5.949999999999999289e+00
5.959999999999999964e+00
5.969999999999999751e+00
5.979999999999999538e+00
5.990000000000000213e+00
6.000000000000000000e+00
6.009999999999999787e+00
6.019999999999999574e+00
6.029999999999999361e+00
6.040000000000000036e+00
6.049999999999999822e+00
6.059999999999999609e+00
6.070000000000000284e+00
6.080000000000000071e+00
6.089999999999999858e+00
6.099999999999999645e+00
6.109999999999999432e+00
6.120000000000000107e+00
6.129999999999999893e+00
6.139999999999999680e+00
6.150000000000000355e+00
6.160000000000000142e+00
6.169999999999999929e+00
6.179999999999999716e+00
6.189999999999999503e+00
6.200000000000000178e+00
6.209999999999999964e+00
6.219999999999999751e+00
6.230000000000000426e+00
6.240000000000000213e+00
6.250000000000000000e+00
6.259999999999999787e+00
6.269999999999999574e+00
6.280000000000000249e+00
6.290000000000000036e+00
6.299999999999999822e+00
6.310000000000000497e+00
6.320000000000000284e+00
6.330000000000000071e+00
6.339999999999999858e+00
6.349999999999999645e+00
6.360000000000000320e+00
6.370000000000000107e+00
6.379999999999999893e+00
6.390000000000000568e+00
6.400000000000000355e+00
6.410000000000000142e+00
6.419999999999999929e+00
6.429999999999999716e+00
6.440000000000000391e+00
6.450000000000000178e+00
6.459999999999999964e+00
6.470000000000000639e+00
6.480000000000000426e+00
6.490000000000000213e+00
6.500000000000000000e+00
6.509999999999999787e+00
6.520000000000000462e+00
6.530000000000000249e+00
6.540000000000000036e+00
6.550000000000000711e+00
6.560000000000000497e+00
6.570000000000000284e+00
6.580000000000000071e+00
6.589999999999999858e+00
6.600000000000000533e+00
6.610000000000000320e+00
6.620000000000000107e+00
6.630000000000000782e+00
6.640000000000000568e+00
6.650000000000000355e+00
6.660000000000000142e+00
6.669999999999999929e+00
6.680000000000000604e+00
6.690000000000000391e+00
6.700000000000000178e+00
6.710000000000000853e+00
6.720000000000000639e+00
6.730000000000000426e+00
6.740000000000000213e+00
6.750000000000000000e+00
6.760000000000000675e+00
6.770000000000000462e+00
6.780000000000000249e+00
6.790000000000000924e+00
6.800000000000000711e+00
6.810000000000000497e+00
6.820000000000000284e+00
6.830000000000000071e+00
6.840000000000000746e+00
6.850000000000000533e+00
6.860000000000000320e+00
6.870000000000000995e+00
6.880000000000000782e+00
6.890000000000000568e+00
6.900000000000000355e+00
6.910000000000000142e+00
6.920000000000000817e+00
6.930000000000000604e+00
6.940000000000000391e+00
6.950000000000001066e+00
6.960000000000000853e+00
6.970000000000000639e+00
6.980000000000000426e+00
6.990000000000000213e+00
7.000000000000000888e+00
7.010000000000000675e+00
7.020000000000000462e+00
7.030000000000001137e+00
7.039999999999999147e+00
7.049999999999999822e+00
7.059999999999999609e+00
7.069999999999999396e+00
7.080000000000000071e+00
7.089999999999999858e+00
7.099999999999999645e+00
7.109999999999999432e+00
7.119999999999999218e+00
7.129999999999999893e+00
7.139999999999999680e+00
7.149999999999999467e+00
7.160000000000000142e+00
7.169999999999999929e+00
7.179999999999999716e+00
7.189999999999999503e+00
7.199999999999999289e+00
7.209999999999999964e+00
7.219999999999999751e+00
7.229999999999999538e+00
7.240000000000000213e+00
7.250000000000000000e+00
7.259999999999999787e+00
7.269999999999999574e+00
7.279999999999999361e+00
7.290000000000000036e+00
7.299999999999999822e+00
7.309999999999999609e+00
7.320000000000000284e+00
7.330000000000000071e+00
7.339999999999999858e+00
7.349999999999999645e+00
7.359999999999999432e+00
7.370000000000000107e+00
7.379999999999999893e+00
7.389999999999999680e+00
7.400000000000000355e+00
7.410000000000000142e+00
7.419999999999999929e+00
7.429999999999999716e+00
7.439999999999999503e+00
7.450000000000000178e+00
7.459999999999999964e+00
7.469999999999999751e+00
7.480000000000000426e+00
7.490000000000000213e+00
7.500000000000000000e+00
7.509999999999999787e+00
7.519999999999999574e+00
7.530000000000000249e+00
7.540000000000000036e+00
7.549999999999999822e+00
7.560000000000000497e+00
7.570000000000000284e+00
7.580000000000000071e+00
7.589999999999999858e+00
7.599999999999999645e+00
7.610000000000000320e+00
7.620000000000000107e+00
7.629999999999999893e+00
7.640000000000000568e+00
7.650000000000000355e+00
7.660000000000000142e+00
7.669999999999999929e+00
7.679999999999999716e+00
7.690000000000000391e+00
7.700000000000000178e+00
7.709999999999999964e+00
7.720000000000000639e+00
7.730000000000000426e+00
7.740000000000000213e+00
7.750000000000000000e+00
7.759999999999999787e+00
7.770000000000000462e+00
7.780000000000000249e+00
7.790000000000000036e+00
7.800000000000000711e+00
7.810000000000000497e+00
7.820000000000000284e+00
7.830000000000000071e+00
7.839999999999999858e+00
7.850000000000000533e+00
7.860000000000000320e+00
7.870000000000000107e+00
7.880000000000000782e+00
7.890000000000000568e+00
7.900000000000000355e+00
7.910000000000000142e+00
7.919999999999999929e+00
7.930000000000000604e+00
7.940000000000000391e+00
7.950000000000000178e+00
7.960000000000000853e+00
7.970000000000000639e+00
7.980000000000000426e+00
7.990000000000000213e+00
8.000000000000000000e+00
8.009999999999999787e+00
8.019999999999999574e+00
8.030000000000001137e+00
8.040000000000000924e+00
8.050000000000000711e+00
8.060000000000000497e+00
8.070000000000000284e+00
8.080000000000000071e+00
8.089999999999999858e+00
8.100000000000001421e+00
8.110000000000001208e+00
8.120000000000000995e+00
8.130000000000000782e+00
8.140000000000000568e+00
8.150000000000000355e+00
8.160000000000000142e+00
8.169999999999999929e+00
8.179999999999999716e+00
8.190000000000001279e+00
8.200000000000001066e+00
8.210000000000000853e+00
8.220000000000000639e+00
8.230000000000000426e+00
8.240000000000000213e+00
8.250000000000000000e+00
8.260000000000001563e+00
8.270000000000001350e+00
8.280000000000001137e+00
8.290000000000000924e+00
8.300000000000000711e+00
8.310000000000000497e+00
8.320000000000000284e+00
8.330000000000000071e+00
8.339999999999999858e+00
8.349999999999999645e+00
8.359999999999999432e+00
8.369999999999999218e+00
8.379999999999999005e+00
8.390000000000000568e+00
8.400000000000000355e+00
8.410000000000000142e+00
8.419999999999999929e+00
8.429999999999999716e+00
8.439999999999999503e+00
8.449999999999999289e+00
8.459999999999999076e+00
8.469999999999998863e+00
8.480000000000000426e+00
8.490000000000000213e+00
8.500000000000000000e+00
8.509999999999999787e+00
8.519999999999999574e+00
8.529999999999999361e+00
8.539999999999999147e+00
8.550000000000000711e+00
8.560000000000000497e+00
8.570000000000000284e+00
8.580000000000000071e+00
8.589999999999999858e+00
8.599999999999999645e+00
8.609999999999999432e+00
8.619999999999999218e+00
8.629999999999999005e+00
8.640000000000000568e+00
8.650000000000000355e+00
8.660000000000000142e+00
8.669999999999999929e+00
8.679999999999999716e+00
8.689999999999999503e+00
8.699999999999999289e+00
8.710000000000000853e+00
8.720000000000000639e+00
8.730000000000000426e+00
8.740000000000000213e+00
8.750000000000000000e+00
8.759999999999999787e+00
8.769999999999999574e+00
8.779999999999999361e+00
8.789999999999999147e+00
8.800000000000000711e+00
8.810000000000000497e+00
8.820000000000000284e+00
8.830000000000000071e+00
8.839999999999999858e+00
8.849999999999999645e+00
8.859999999999999432e+00
8.870000000000000995e+00
8.880000000000000782e+00
8.890000000000000568e+00
8.900000000000000355e+00
8.910000000000000142e+00
8.919999999999999929e+00
8.929999999999999716e+00
8.939999999999999503e+00
8.949999999999999289e+00
8.960000000000000853e+00
8.970000000000000639e+00
8.980000000000000426e+00
8.990000000000000213e+00
9.000000000000000000e+00
9.009999999999999787e+00
9.019999999999999574e+00
9.030000000000001137e+00
9.040000000000000924e+00
9.050000000000000711e+00
9.060000000000000497e+00
9.070000000000000284e+00
9.080000000000000071e+00
9.089999999999999858e+00
9.099999999999999645e+00
9.109999999999999432e+00
9.120000000000000995e+00
9.130000000000000782e+00
9.140000000000000568e+00
9.150000000000000355e+00
9.160000000000000142e+00
9.169999999999999929e+00
9.179999999999999716e+00
9.190000000000001279e+00
9.200000000000001066e+00
9.210000000000000853e+00
9.220000000000000639e+00
9.230000000000000426e+00
9.240000000000000213e+00
9.250000000000000000e+00
9.259999999999999787e+00
9.269999999999999574e+00
9.280000000000001137e+00
9.290000000000000924e+00
9.300000000000000711e+00
9.310000000000000497e+00
9.320000000000000284e+00
9.330000000000000071e+00
9.339999999999999858e+00
9.350000000000001421e+00
9.360000000000001208e+00
9.370000000000000995e+00
9.380000000000000782e+00
9.390000000000000568e+00
9.400000000000000355e+00
9.410000000000000142e+00
9.419999999999999929e+00
9.429999999999999716e+00
9.440000000000001279e+00
9.450000000000001066e+00
9.460000000000000853e+00
9.470000000000000639e+00
9.480000000000000426e+00
9.490000000000000213e+00
9.500000000000000000e+00
9.510000000000001563e+00
9.520000000000001350e+00
9.530000000000001137e+00
9.540000000000000924e+00
9.550000000000000711e+00
9.560000000000000497e+00
9.570000000000000284e+00
9.580000000000000071e+00
9.589999999999999858e+00
9.599999999999999645e+00
9.609999999999999432e+00
9.619999999999999218e+00
9.629999999999999005e+00
9.640000000000000568e+00
9.650000000000000355e+00
9.660000000000000142e+00
9.669999999999999929e+00
9.679999999999999716e+00
9.689999999999999503e+00
9.699999999999999289e+00
9.709999999999999076e+00
9.719999999999998863e+00
9.730000000000000426e+00
9.740000000000000213e+00
9.750000000000000000e+00
9.759999999999999787e+00
9.769999999999999574e+00
9.779999999999999361e+00
9.789999999999999147e+00
9.800000000000000711e+00
9.810000000000000497e+00
9.820000000000000284e+00
9.830000000000000071e+00
9.839999999999999858e+00
9.849999999999999645e+00
9.859999999999999432e+00
9.869999999999999218e+00
9.879999999999999005e+00
9.890000000000000568e+00
9.900000000000000355e+00
9.910000000000000142e+00
9.919999999999999929e+00
9.929999999999999716e+00
9.939999999999999503e+00
9.949999999999999289e+00
9.960000000000000853e+00
9.970000000000000639e+00
9.980000000000000426e+00
9.990000000000000213e+00
6.523485066277911265e+20
6.192494645152947896e+20
5.248397478909834035e+20
3.829333677783626547e+20
2.149141782215954596e+20
4.556956779827932365e+19
-1.023359883845483069e+20
-2.133052579300519772e+20
-2.812458060313134039e+20
-3.078664799391836406e+20
-2.996755725892787241e+20
-2.655101089711218688e+20
-2.145429295391947162e+20
-1.552331084818084332e+20
-9.495644137792883917e+19
-3.987671258579315098e+19
5.670590136182679552e+18
3.964785299127823565e+19
6.202347201516589056e+19
7.421359980540374221e+19
7.875124630167106355e+19
7.912828750601660006e+19
7.890940615895574118e+19
7.974616977043403571e+19
7.981223482024104755e+19
7.445222226617570099e+19
5.877705725174104883e+19
3.062111648046459290e+19
-7.971698069922713600e+18
-5.061875580707881779e+19
-8.860514503880142029e+19
-1.135410299367295877e+20
-1.211970783646133289e+20
-1.133773171002162217e+20
-9.649333294413745357e+19
-7.737294084257012122e+19
-5.966450880908821299e+19
-4.294561391383469261e+19
-2.478571589193763226e+19
-3.471561884344553472e+18
2.044799872835878093e+19
4.419112054952459469e+19
6.398929024015466496e+19
7.629335661080743117e+19
7.952136287520332186e+19
7.458169872360151450e+19
6.478396024657844634e+19
5.506423683392348160e+19
5.094720021456837018e+19
5.670081713496747213e+19
7.291123347068017869e+19
9.530242370215208550e+19
1.151746694211555328e+20
1.226863270144824115e+20
1.106442725974155264e+20
7.756408903329554432e+19
2.940620641027020390e+19
-2.178313106435943629e+19
-6.256748906118217728e+19
-8.399665067690752410e+19
-8.468464209432461312e+19
-7.016771249953303757e+19
-4.920943552332239667e+19
-3.015622170138231603e+19
-1.827603711643833549e+19
-1.535403562183630438e+19
-2.072759771785193882e+19
-3.290859041907964314e+19
-5.036415343081757082e+19
-7.095109276530864128e+19
-9.147162702978611610e+19
-1.074147426571066081e+20
-1.134276420390721126e+20
-1.049944256871796081e+20
-8.007154052988141568e+19
-4.016874913165077709e+19
9.176706374468465664e+18
5.978484297842010522e+19
1.032039135069355213e+20
1.335590835852678595e+20
1.490575687109756846e+20
1.520376636250927268e+20
1.478854923022730199e+20
1.422882907418655457e+20
1.382155405393908859e+20
1.347764058549294203e+20
1.286338239402872177e+20
1.166524573300933427e+20
9.829317763052099994e+19
7.552980420735734579e+19
5.072884348553558426e+19
2.444823984587902566e+19
-5.167858809392495616e+18
-4.013162666777881805e+19
-7.965066959934123213e+19
-1.190438238593057260e+20
-1.521298921388010701e+20
-1.739645715779973612e+20
-1.823329051791528755e+20
-1.780449624263137362e+20
-1.642724499749221827e+20
-1.455106803641898107e+20
-1.254753292588976538e+20
-1.051826866621508485e+20
-8.253798721552080896e+19
-5.362185603625272934e+19
-1.580582718652624282e+19
2.969194559760565043e+19
7.642159312378876723e+19
1.150178216473807913e+20
1.372457002225570775e+20
1.393299227036201943e+20
1.220844367291941028e+20
8.955687762514345984e+19
4.718051238403035955e+19
1.183264239774400512e+18
-4.207192815443850854e+19
-7.710843995540850278e+19
-1.000325014385152655e+20
-1.091767576091261174e+20
-1.046638260321733181e+20
-8.833635008169210675e+19
-6.363750881815959962e+19
-3.516350034820097638e+19
-7.647515158240894976e+18
1.535364989580870656e+19
3.170232083733000192e+19
4.061406214745230541e+19
4.210398527080443904e+19
3.688149316387065856e+19
2.671826534158331904e+19
1.548630627371287962e+19
8.683823257888811008e+18
1.092352680296875622e+19
2.281009412085434368e+19
3.947799784414587290e+19
5.229586956666100122e+19
5.236414791925565850e+19
3.424814733161979494e+19
-7.225421805660231680e+17
-4.410269569511763149e+19
-8.426394245863112704e+19
-1.121072763846630277e+20
-1.244857153446672630e+20
-1.239270126794635674e+20
-1.153294361372541583e+20
-1.028367390904999772e+20
-8.854200313114252083e+19
-7.349815443788111872e+19
-5.881013073392484352e+19
-4.638942309688597709e+19
-3.824190873462410445e+19
-3.479299981583378432e+19
-3.481883474250366566e+19
-3.583515128254341530e+19
-3.509194829631133696e+19
-3.111159539419496038e+19
-2.488121961982667571e+19
-1.921594102529054310e+19
-1.677564408156767437e+19
-1.780693104316229427e+19
-1.941693423743709594e+19
-1.813706501255615078e+19
-1.250505454171459379e+19
-4.682713460680952832e+18
1.501837369275102208e+18
4.178519620940834816e+18
5.749929538071450624e+18
1.119533803851801805e+19
2.456472052211073843e+19
4.559009620470763520e+19
6.906112560873673523e+19
8.696925123298148352e+19
9.275227977545288909e+19
8.479699330637768294e+19
6.749692382393937101e+19
4.948684819126457958e+19
3.898882165563282227e+19
3.948948154093678592e+19
4.814371557523372442e+19
5.793588291406041088e+19
6.250990276137020621e+19
5.937534717744024781e+19
5.030756637014174106e+19
3.862790236185146982e+19
2.680508874440487731e+19
1.639585747464811930e+19
9.352934587059367936e+18
7.991122928441895936e+18
1.257033109289332736e+19
1.957968691843937485e+19
2.383633209920164659e+19
2.241377084449973453e+19
1.593950894808047616e+19
7.168138598591987712e+18
-5.505398359517248000e+17
-4.175895238997665792e+18
-2.719668198565815296e+18
2.068044758808066048e+18
6.227339195817732096e+18
6.026603793123036160e+18
2.979148989255004160e+17
-8.931213076260373504e+18
-1.807781199410920448e+19
-2.412270056859108557e+19
-2.602830264077121536e+19
-2.461098407259137229e+19
-2.240501722507915264e+19
-2.284482961592858624e+19
-2.925866573669518950e+19
-4.267862969142371942e+19
-6.007293946842962330e+19
-7.510304344889991168e+19
-8.084163507333975245e+19
-7.318892867618042675e+19
-5.276416025840708813e+19
-2.413474049930568499e+19
5.426322298524372992e+18
2.759832311499573658e+19
3.526874078276530176e+19
2.481717802081221427e+19
-1.836100851103979776e+18
-3.733758717337609830e+19
-7.105840884102284083e+19
-9.229944437787502182e+19
-9.361742895024806298e+19
-7.331600322237600563e+19
-3.665786125559606477e+19
5.502715112667915264e+18
4.139438908275089408e+19
6.387300650211093709e+19
7.248871219514505626e+19
7.131395948407175578e+19
6.480583594340488806e+19
5.485730079165499802e+19
4.163762643165757440e+19
2.640105642415856026e+19
1.346140900879220531e+19
8.672137560002697216e+18
1.511513924335460352e+19
3.091648958305582285e+19
5.097667469953320550e+19
7.134033489744200499e+19
9.090223971556212736e+19
1.106744512318000005e+20
1.306655849415884145e+20
1.479262227828955218e+20
1.567037652814920090e+20
1.508127242516731658e+20
1.269523842593658307e+20
8.680789068801708851e+19
3.659427228448309248e+19
-1.538687035220963942e+19
-6.190347083388957491e+19
-9.815227700787852083e+19
-1.212230950112478167e+20
-1.294452128531352781e+20
-1.226349048599764337e+20
-1.031690857955101573e+20
-7.598917501491635814e+19
-4.761500868817024614e+19
-2.437920671280377037e+19
-1.046360456199464755e+19
-7.097767257907342336e+18
-1.231552267435523277e+19
-2.185787146603273421e+19
-3.110768808448718848e+19
-3.676260973086528307e+19
-3.749165193110129050e+19
-3.389539827814815744e+19
-2.713917426146482586e+19
-1.788306539746328371e+19
-6.218257703450670080e+18
7.043941638439325696e+18
1.991454870847654298e+19
2.945715318834060902e+19
3.281343473599941837e+19
2.844584519118036173e+19
1.706015802745665126e+19
1.669686609224017920e+18
-1.278526949220512358e+19
-2.110441723528755610e+19
-1.974712609705792717e+19
-8.648866752736652288e+18
8.496306817376553984e+18
2.584938187742986240e+19
3.798072160922244710e+19
4.202462774946339226e+19
3.838142905118965760e+19
3.046877324652460032e+19
2.324232775746489549e+19
2.046054869344296141e+19
2.226950975355117568e+19
2.594669383965184000e+19
2.891474375710833459e+19
3.124961193307968307e+19
3.593938044012349440e+19
4.597144783061182054e+19
6.145948744146027315e+19
7.971511810720727040e+19
9.751316466020935270e+19
1.127130897386152919e+20
1.230680136466290606e+20
1.249964242791698596e+20
1.140777655959256105e+20
8.758712036824888115e+19
4.690536955851618714e+19
-1.733794033373743104e+18
-4.850485183680759398e+19
-8.303151828530751078e+19
-9.842352886210822144e+19
-9.402640038406753485e+19
-7.439156365588601242e+19
-4.706271482022400819e+19
-1.930969579249083597e+19
3.436891807608960000e+18
1.815587177554420122e+19
2.360684905930191667e+19
2.068145923773982720e+19
1.298642730463655936e+19
6.597444726745909248e+18
7.990066403449545728e+18
2.158399527473754112e+19
4.740138693022560256e+19
8.045774961147405926e+19
1.122813264881801298e+20
1.339493099372350833e+20
1.400074852868649452e+20
1.303008419052544819e+20
1.090003998014782505e+20
8.201209883695775744e+19
5.499431914773511373e+19
3.319515081849129370e+19
2.102863178115174400e+19
2.118867650624952320e+19
3.256231720208181658e+19
4.971072629507544678e+19
6.412578148720640000e+19
6.825437549336583373e+19
5.929713088188162048e+19
3.934220519121367859e+19
1.225279047380927693e+19
-2.063061516653091226e+19
-5.968016116269503283e+19
-1.034355766180185539e+20
-1.455212814333064151e+20
-1.752515283574379315e+20
-1.823945207107752428e+20
-1.615490018195487457e+20
-1.149554487839010324e+20
-5.177767926267179827e+19
1.516327809174118400e+19
7.324466194950126797e+19
1.142749075187577979e+20
1.363329354205744824e+20
1.425911503680231342e+20
1.382963547092807844e+20
1.285639308526560870e+20
1.172623791990532342e+20
1.062956535739745731e+20
9.566823209775700378e+19
8.502750022081183744e+19
7.466682352529779917e+19
6.522535038207156224e+19
5.616982732677588582e+19
4.491097047311504179e+19
2.826278403493602918e+19
4.870598109188527104e+18
-2.385863000583467008e+19
-5.500193561620049101e+19
-8.513043919620792320e+19
-1.103049991243075748e+20
-1.265160544465883955e+20
-1.311825365051392655e+20
-1.246303952540582543e+20
-1.102112502053013914e+20
-9.209472752224413286e+19
-7.283938195411268403e+19
-5.330739448418348237e+19
-3.420549238738814157e+19
-1.747767956239412019e+19
-6.064712155886970880e+18
-1.888260409123168256e+18
-4.742139478341353472e+18
-1.232558724111674163e+19
-2.210057388197835571e+19
-3.238320534092943360e+19
-4.275823043025046733e+19
-5.328368135258612531e+19
-6.385893359218796134e+19
-7.524502672853966848e+19
-8.887284778398262886e+19
-1.056612733126637814e+20
-1.240555901637707694e+20
-1.391196989805188547e+20
-1.440554480007209452e+20
-1.334325697393036493e+20
-1.064207185586510070e+20
-6.757593043026019123e+19
-2.591159417029440717e+19
7.882334123475219456e+18
2.565436252713464627e+19
2.599708763957727232e+19
1.595105763666498355e+19
7.997385403957280768e+18
1.348019842841687654e+19
3.622024553663676416e+19
7.022502626069889024e+19
1.024574226170658324e+20
1.193706500799655281e+20
1.128713942785144914e+20
8.337200458359619584e+19
3.842275187986580275e+19
-1.063765920051962470e+19
-5.219673403485723034e+19
-7.732917637972115456e+19
-8.248153885104947200e+19
-6.989008848755250790e+19
-4.633023186024257126e+19
-2.047540828648559411e+19
1.518124662619054080e+17
1.116422122522928947e+19
1.141211636159327437e+19
2.279663595287456256e+18
-1.291549877991706419e+19
-2.939266574833528013e+19
-4.173124138065219584e+19
-4.583889763566444544e+19
-4.065350801045018214e+19
-2.862800772687191654e+19
-1.511389775898921370e+19
-5.945353578126319616e+18
-6.529474174657665024e+18
-2.052771762765241958e+19
-4.846009252054371533e+19
-8.653966656512824115e+19
-1.271679739875376497e+20
-1.611866395700330496e+20
-1.809557732649604219e+20
-1.825638503380264878e+20
-1.657888949119408865e+20
-1.331204688628253164e+20
-8.852983231636691354e+19
-3.715324278130953421e+19
1.473984585755738522e+19
6.019790082579528909e+19
9.292775679595442995e+19
1.086271073313744159e+20
1.068491300227424420e+20
9.169898563538282086e+19
7.033771711635842662e+19
5.041924646041229722e+19
3.758686246706318541e+19
3.358161746557433856e+19
3.589579231026214502e+19
3.869710498209399603e+19
3.605648778928205414e+19
2.504772912919136666e+19
7.048281033527108608e+18
-1.323186436949953536e+19
-2.975441266465266483e+19
-3.774754354959961293e+19
-3.588407283666217370e+19
-2.669855056387769549e+19
-1.554259056955876762e+19
-7.439680797177950208e+18
-4.995894821050180608e+18
-7.407450653634991104e+18
-1.160878024835289702e+19
-1.356156561920925491e+19
-1.089743682299288371e+19
-4.029413199976558080e+18
4.546030582198218752e+18
1.208196320179697664e+19
1.806814104775847936e+19
2.527590782658893824e+19
3.790742714659655680e+19
5.761097447268963942e+19
8.027824323006174003e+19
9.683844557441459814e+19
9.740395392521656730e+19
7.683831229515438490e+19
3.799449203951267840e+19
-8.722985592393835520e+18
-4.918768273215821414e+19
-7.172184829182368154e+19
-7.158793332586444390e+19
-5.044770347905953792e+19
-1.388194803259681382e+19
2.989577379775601050e+19
7.112382797625501286e+19
1.003041510781807493e+20
1.110447628354441544e+20
1.020160939759320760e+20
7.660129302903844045e+19
4.116744985975372186e+19
3.313441961938831360e+18
-2.951976322664291123e+19
-5.047694492210420122e+19
-5.369288026690179891e+19
-3.615639163213614694e+19
-5.487730528909312000e+17
4.360198689251337011e+19
8.254783121078601318e+19
1.030271572617381806e+20
9.733868167567368192e+19
6.633689033902309376e+19
1.948364495629711770e+19
-2.917077066469978112e+19
-6.700995825417280717e+19
-8.724949180107879219e+19
-9.043992474550360474e+19
-8.223995991489344307e+19
-6.959602968169740698e+19
-5.772261392535686349e+19
-4.934579058668493210e+19
-4.513085354613459354e+19
-4.425610121416950579e+19
-4.503767632143195341e+19
-4.549594315479315251e+19
-4.374267402140894003e+19
-3.786251134383620915e+19
-2.569602590518342451e+19
-5.518494122420217856e+18
2.262532818812304589e+19
5.622211372162215936e+19
8.993822705071502131e+19
1.161003266183037092e+20
1.270668108807289242e+20
1.190218246693796413e+20
9.478167061225712845e+19
6.332815803328186778e+19
3.624167725956810752e+19
2.287674505546364928e+19
2.620605798925632717e+19
4.159312134567636173e+19
5.882781493916388557e+19
6.787953657459435110e+19
6.380396100153858458e+19
4.843978597344043008e+19
2.761448167848510669e+19
6.987336282601783296e+18
-1.158149013840374374e+19
-2.896018088167190118e+19
-4.555631453572281139e+19
-5.926989548160126976e+19
-6.610856894896241869e+19
-6.270739168712719565e+19
-4.841181942960857088e+19
-2.640563256371663667e+19
-2.849476399827008000e+18
1.526592661433923994e+19
2.390005114568517222e+19
2.456292843587849830e+19
2.305548272943180186e+19
2.549632529024058573e+19
3.467357831578003046e+19
4.842774439666343936e+19
6.136648799558858342e+19
6.777963942159727821e+19
6.444397147286682829e+19
5.205518432361504768e+19
3.490020678385825382e+19
1.823384510993895014e+19
6.020143795222557696e+18
-5.057031324483114240e+17
-2.661089073890520064e+18
-2.963845279083429376e+18
-3.428787278318983168e+18
-4.894228544160687104e+18
-7.007555142136070144e+18
-8.690716919731614720e+18
-8.247650618233965568e+18
-4.254874647086080512e+18
3.832902159252789248e+18
1.436583806545928397e+19
2.359893810678884762e+19
2.707125210412897485e+19
2.245809631069170483e+19
1.125024188331477606e+19
-1.814535809703364608e+18
-1.202389310527494349e+19
-1.822219277160448410e+19
-2.342657086026720461e+19
-3.230846075009720730e+19
-4.726422441523493274e+19
-6.668374627106124595e+19
-8.677948916786036736e+19
-1.046845896750403912e+20
-1.187762877214047764e+20
-1.283817211311470510e+20
-1.336987162088302019e+20
-1.361973918719230771e+20
-1.366741709689946276e+20
-1.329460326847224709e+20
-1.200221988738773156e+20
-9.333306434413930086e+19
-5.323924476630785229e+19
-6.816652830790194176e+18
3.496635087697028301e+19
6.403124866885388698e+19
7.964257804470753690e+19
8.706692530770516378e+19
9.244026007237779456e+19
9.866188841334456320e+19
1.040583183422047355e+20
1.040068819391231427e+20
9.314293475077973606e+19
6.836430689729703117e+19
3.099598596365169869e+19
-1.275531644963017933e+19
-5.358781581216974438e+19
-8.266271053856936755e+19
-9.457986131394225766e+19
-8.912600102482400051e+19
-7.065975799075579494e+19
-4.543826452835555738e+19
-1.842190633692500173e+19
7.965307387140440064e+18
3.308480702134788096e+19
5.715074866046468096e+19
7.954124383141285069e+19
9.813720683744934298e+19
1.096676859614018437e+20
1.109763563375393178e+20
1.004081737646483538e+20
7.864493299979195187e+19
4.918559602786925773e+19
1.757991008964633600e+19
-9.843772828955217920e+18
-2.830697383705251021e+19
-3.628538029498043187e+19
-3.545667298902073344e+19
-2.941995407091181158e+19
-2.157753619931168768e+19
-1.385129694981532058e+19
-6.731966133330916352e+18
-7.139260407500318720e+17
3.165316651086631936e+18
4.566917564264986624e+18
4.436745870731915264e+18
3.842060377247406080e+18
2.511236403427102720e+18
-1.760918079522074112e+18
-1.185340971167745024e+19
-2.899770774388480410e+19
-5.148717987380429619e+19
-7.508917343420574925e+19
-9.496805074611350733e+19
-1.074997951794425364e+20
-1.110733233335561257e+20
-1.053923256455261880e+20
-9.092934082156976538e+19
-6.938609402261794816e+19
-4.402183223470660813e+19
-1.904547653639470694e+19
2.054942916628653056e+18
1.730892301892577075e+19
2.569893851649370931e+19
2.679508162766053376e+19
2.071677154939506688e+19
8.846897105160662016e+18
-6.616077740542748672e+18
-2.302642493462285517e+19
-3.746931578587179418e+19
-4.654154827782524109e+19
-4.657465932097480294e+19
-3.458708919549278618e+19
-1.111718200626647859e+19
1.863894930750260019e+19
4.661304201732254106e+19
6.531130430238901043e+19
7.142208495159279616e+19
6.663864499527018086e+19
5.672150947442653594e+19
4.848261414085559910e+19
4.706840987326377165e+19
5.392365908786516787e+19
6.635746035414396928e+19
7.878410553913448858e+19
8.556370463131702067e+19
8.399180798333504717e+19
7.622085632357959270e+19
6.785737921190992282e+19
6.421954407364621926e+19
6.590845557378551808e+19
6.804422587996090368e+19
6.334152270899461325e+19
4.753718275518228070e+19
2.092088788392810496e+19
-1.269845012777331302e+19
-4.870335309322480845e+19
-8.284998382951292928e+19
-1.115122865564382986e+20
-1.316199251366133596e+20
-1.414462427430264668e+20
-1.413983951929982976e+20
-1.343335540664899830e+20
-1.243247651527653949e+20
-1.156782858167223091e+20
-1.120676723308708168e+20
-1.154751683447281910e+20
-1.245040260191004099e+20
-1.341847705358143160e+20
-1.375556151219028787e+20
-1.286103431324257976e+20
-1.047012911274778952e+20
-6.764383833206921626e+19
-2.314762055381392179e+19
2.115780643722987930e+19
5.849874475434114253e+19
8.527987372170810163e+19
1.015398753644174868e+20
1.101059111289190154e+20
1.151660646660756603e+20
1.206942525855558533e+20
1.290440776642512650e+20
1.401238551479228662e+20
1.514733114496676004e+20
1.593224807370274243e+20
1.593198214317636321e+20
1.471744836103629046e+20
1.196888541128258683e+20
7.662296684119754342e+19
2.276513870165063680e+19
-3.186006470949164646e+19
-7.459685587236323328e+19
-9.539653955146522624e+19
-9.128387859622997197e+19
-6.768975180178304205e+19
-3.560116164274643354e+19
-6.528143332378736640e+18
1.197221223236240179e+19
1.829219327508433306e+19
1.598341582052284211e+19
1.065910525061217690e+19
6.658331906127327232e+18
4.840942100162538496e+18
2.917215421486274560e+18
-2.609035926452271104e+18
-1.366875809130400358e+19
-2.931452954574793523e+19
-4.633973971931892122e+19
-6.060683187851938202e+19
-6.857208958362658406e+19
-6.805749646590464819e+19
-5.897905940521305702e+19
-4.301435788359507149e+19
-2.326441728357258445e+19
-2.837154418868688896e+18
1.560213735947815117e+19
2.968034394403672064e+19
3.745259262202189414e+19
3.835778044733509632e+19
3.392384748212838810e+19
2.723951725364192870e+19
2.165888463315284787e+19
1.940156897625691750e+19
2.097772371212871270e+19
2.513723267996180070e+19
2.963687012451425485e+19
3.270530775005067674e+19
3.469477412797091430e+19
3.724808159743851725e+19
4.138538836924027699e+19
4.630637438304567296e+19
5.027717105071480013e+19
5.252665041077040742e+19
5.313674520955944141e+19
5.193623177989897421e+19
4.816432443678592205e+19
4.061290680329544499e+19
2.753666241070287258e+19
7.436956639403173888e+18
-1.992164755154832589e+19
-5.116928406730091725e+19
-7.951683537030579814e+19
-9.724276423581578035e+19
-9.904790867770068173e+19
-8.422091823065532006e+19
-5.636173705960044134e+19
-2.203159747154332877e+19
1.074416370578502656e+19
3.415487326131680051e+19
4.303938681379776102e+19
3.666798122469818368e+19
1.901926585819612365e+19
-2.159681721802185728e+18
-1.901479597716408320e+19
-2.719310284620167578e+19
-2.731534827909778227e+19
-2.234140535982119731e+19
-1.475453447637620531e+19
-5.460360111117945856e+18
5.021897125442710528e+18
1.621165242932552090e+19
2.864569232559081882e+19
4.434644572452069376e+19
6.537226964187419443e+19
9.219363512739748250e+19
1.226987265980831007e+20
1.522117943985991844e+20
1.747083467502013645e+20
1.847877250757203395e+20
1.786026175529421373e+20
1.542399965915913585e+20
1.128761829669193482e+20
5.903204278958795162e+19
8.287656944186936320e+17
-5.194646109281052262e+19
-9.066877859526108774e+19
-1.103472102118194872e+20
-1.102132080033714995e+20
-9.322173597028050534e+19
-6.508038023359385600e+19
-3.334214904716525978e+19
-5.570109928689766400e+18
1.249771239443727770e+19
1.816382515019931853e+19
1.158529807711882035e+19
-4.122016441270760448e+18
-2.337971280053288960e+19
-3.928909486347493376e+19
-4.573238602952863744e+19
-3.982437105765710234e+19
-2.296539771792440934e+19
-5.823459143079751680e+17
1.925155682942194483e+19
2.838621668118073344e+19
2.228264933537381581e+19
2.768653174580837376e+18
-2.275133528328564326e+19
-4.575348747076918477e+19
-6.121856521489688986e+19
-6.893909527187545293e+19
-7.127933145689624576e+19
-7.016728043909969510e+19
-6.580717002555154432e+19
-5.741355277863149568e+19
-4.457496151069569843e+19
-2.821344079452696166e+19
-1.061384782374525338e+19
5.006555444345917440e+18
1.583791854031425946e+19
2.014898845486495334e+19
1.757273549220393370e+19
9.055127999633175552e+18
-2.634108619236179968e+18
-1.331398833412179968e+19
-1.855394222453809152e+19
-1.552058699532250931e+19
-4.465422276416308736e+18
1.147905664797284557e+19
2.757482655008308429e+19
3.895011555041127629e+19
4.151145015232399770e+19
3.318919686838553805e+19
1.465504715173634458e+19
-9.806005765515581440e+18
-3.306670069212160000e+19
-4.685298850853649613e+19
-4.469744405421960397e+19
-2.522670007407677030e+19
7.158813497107806208e+18
4.363868661476013670e+19
7.475199176809177088e+19
9.418876242322400870e+19
1.003721270355766968e+20
9.489278927989176730e+19
8.018417512846558822e+19
5.947045769985748992e+19
3.706445999299339059e+19
1.830570428702799258e+19
7.732866457888827392e+18
6.334652111488059392e+18
1.057305698786968781e+19
1.406400196051582566e+19
1.098253475109468774e+19
-1.417768425663673600e+18
-2.241145230498988851e+19
-4.924281610314232627e+19
-7.874107000447048090e+19
-1.077859266599013089e+20
-1.332198216748568740e+20
-1.515192878970697482e+20
-1.594787573126210847e+20
-1.551216546821977539e+20
-1.385358059223002808e+20
-1.124455174344332902e+20
-8.127060387079824998e+19
-4.987258351337535898e+19
-2.208467013293107610e+19
4.092114725884966400e+16
1.677718326059752243e+19
3.032685163106633318e+19
4.377026513785403802e+19
5.838439272378236928e+19
7.212790937444977869e+19
8.048822383284479590e+19
7.928121602307768320e+19
6.783782899678501274e+19
5.002625815776495206e+19
3.212710104898954035e+19
1.994243608948934656e+19
1.646827550913322189e+19
2.040303490104434278e+19
2.664591158365935206e+19
2.779705072686638694e+19
1.782426661058444083e+19
-4.666843186596597760e+18
-3.552936009423378842e+19
-6.789915408219271987e+19
-9.529498219378750259e+19
-1.134096667443834225e+20
-1.196478552841086239e+20
-1.126635727675349402e+20
-9.208035554684346368e+19
-5.869468374241219379e+19
-1.576782003830196019e+19
3.148256048077737574e+19
7.617320847687689830e+19
1.113142132356692214e+20
1.323121489644252201e+20
1.386119688371360399e+20
1.327425138787341926e+20
1.185656410934394225e+20
9.932198393417015296e+19
7.701916297036452659e+19
5.307269403143605453e+19
2.932651214127230976e+19
8.345758469647746048e+18
-6.727747630334127104e+18
-1.280208195263451546e+19
-7.984111343571554304e+18
6.792551406082603008e+18
2.641333839206544998e+19
4.238363522069078016e+19
4.635097676317949133e+19
3.454700536007943782e+19
1.008409954490989363e+19
-1.882007719114091315e+19
-4.354279142040231936e+19
-5.898557049006969651e+19
-6.482172391956851098e+19
-6.382654348827684864e+19
-5.933695553537415578e+19
-5.364248093234724864e+19
-4.761400590601622323e+19
-4.121489140698623181e+19
-3.443941916044275302e+19
-2.800992202456456397e+19
-2.353919601815811277e+19
-2.216690060188112486e+19
-2.301423310134355558e+19
-2.225485835330011546e+19
-1.516955721467773747e+19
8.190840782443033600e+17
2.384594767383702323e+19
4.836334434605735936e+19
6.719941671488211354e+19
7.558688794874106675e+19
7.395639076159633818e+19
6.787194183894873702e+19
6.446820696719590195e+19
6.799521781945085952e+19
7.754398827374131610e+19
8.923937091891906150e+19
9.963201835847856947e+19
1.070282344421266883e+20
1.112362760378191544e+20
1.122109581154082652e+20
1.099050795520049152e+20
1.047202462292041564e+20
9.743967417892690330e+19
8.956336934043775795e+19
8.247394770885843354e+19
7.652184085831093453e+19
7.073045275352942182e+19
6.275290729020438938e+19
5.010548919365024973e+19
3.143074770907052442e+19
7.313694857610608640e+18
-1.991664473765763482e+19
-4.720024144413818061e+19
-7.163636999262203904e+19
-9.059914958030564557e+19
-1.021112494163621970e+20
-1.054212289200237609e+20
-1.016199127652651172e+20
-9.297869510503692698e+19
-8.238317181576239514e+19
-7.245856620812790170e+19
-6.503261935741028762e+19
-6.113411010108601139e+19
-6.005798963308181094e+19
-5.934373209618587648e+19
-5.580916582395010253e+19
-4.768737721086555750e+19
-3.684898673036272026e+19
-2.871650361489071309e+19
4.055005211893136622e+21
3.120385792952946917e+21
3.802237204085858107e+21
3.080711222921445507e+21
2.257749077829615616e+21
1.576226645103167406e+21
1.682111668770412954e+21
1.407043174304067879e+21
1.324715082159241560e+21
7.494142880152624824e+20
4.289981070038584525e+20
-6.111077138262046802e+20
7.829971536189587456e+18
4.907821182485738291e+20
5.407988462858304225e+20
1.034728941084538307e+20
-9.381554797603192832e+18
1.145284184183322706e+20
1.007967056193805877e+21
1.224911729050490241e+21
9.034015467555667313e+20
7.436969009689982403e+20
1.734313216388404085e+21
7.475852735379710935e+20
9.933693642484419133e+20
7.522129223048652390e+20
9.657040157577345761e+20
1.830236043480171282e+21
1.666283229795779084e+21
9.609257037968252600e+20
1.060333069864349467e+21
1.394647354589182951e+21
7.718533283500554977e+20
1.078539776969028927e+21
1.130265431225707528e+21
1.368682611733681930e+21
1.078570768125891969e+21
1.281074333716060307e+21
8.256047723158249144e+20
7.670542813057536492e+20
9.045548348001988116e+20
1.493879092144232202e+21
1.425765109224628552e+21
6.435869050500284416e+20
1.621717572725631877e+21
1.422674554404577739e+21
1.701668335234253324e+21
1.769051297175136371e+21
1.781160800476563767e+21
2.184685055478289400e+21
9.994272222406948946e+20
1.294503509738035085e+21
6.944792970567069204e+20
5.915716137405151969e+20
4.167477557045672018e+20
8.535847796261372559e+20
1.760682981645774488e+21
2.502113477953775993e+21
2.581874768708081025e+21
2.200764124664583684e+21
2.057615757234487165e+21
1.323532942665893020e+21
1.543880027359645008e+21
1.775418580843416781e+21
1.388059046681799295e+21
1.082582905662172299e+21
7.966984903360124027e+20
6.845591104287659786e+20
1.005658857093040439e+21
1.169217305638263063e+21
7.176127644924075049e+20
2.860912861668882514e+20
1.042836792320848822e+21
2.755721098862694236e+20
-3.318659710416228188e+20
-2.054936104560272343e+20
2.339452739347126682e+19
7.413496083234800271e+20
1.787026994438688735e+21
1.868909096731748073e+21
1.607385104217058312e+21
2.011147596723948356e+21
1.706480752606236901e+21
1.735897594548795212e+21
2.149553491919327199e+21
1.637866250222815937e+21
1.255215407495794131e+21
1.380937615319804936e+21
5.057543978062310277e+20
1.255730087820382962e+21
6.292804480182087844e+20
1.037690114378483892e+21
1.539749091907351871e+21
1.294993990112344277e+21
1.737591550661317624e+21
1.393245538650888864e+21
1.613472291253559230e+21
1.065560249589924102e+21
1.184099104879221408e+21
5.332221770797678592e+20
3.051050402867335660e+20
1.051949366941413540e+21
4.551564636215249469e+20
3.116613888016625172e+20
-2.497046011796898447e+20
-5.226905294215441285e+20
3.477556927359132631e+20
4.656865189067992596e+20
8.472294692774981140e+20
3.391640732711927153e+20
7.311402826385252680e+20
1.194099255436986286e+21
1.682178014816008929e+21
1.730078505658742735e+21
2.047652393457085841e+21
1.573931600828220572e+21
1.278238487397892358e+21
1.264347441342940447e+21
1.957067806692578689e+21
1.716883612202977722e+21
1.599183071469002293e+21
1.639303988539467760e+21
8.513486728375094477e+20
1.504274777926891733e+21
1.142059376511566217e+21
1.209993153961336504e+21
7.233066051052471583e+20
1.337157562366794138e+21
1.186876155322852966e+21
1.631844522133729313e+21
2.142335757594809860e+21
2.223432892886298919e+21
2.523180879535178514e+21
2.349971697756402614e+21
2.386905311528410415e+21
1.633680309214221697e+21
1.215802483357071180e+21
1.037186472576186057e+21
1.119363988854688186e+21
4.462777101495723622e+20
-4.949139633038048625e+20
4.046321107287555441e+20
4.445441010328099881e+20
2.184232765967134884e+20
4.209465890568184791e+20
5.360692205663866061e+20
4.656805022601209446e+19
2.690277968162072822e+20
6.168761711979355177e+20
7.061380478976634388e+20
3.193229613775726838e+20
6.135091176320217907e+20
7.904580644992398131e+20
1.066337746064009855e+21
7.347480149490915082e+20
8.757451189248180879e+20
9.321572955433132360e+20
1.427611092353202258e+21
1.500826077473854718e+21
1.078282349230740734e+21
2.135455932936156611e+20
1.622386124908270715e+20
-4.050875704712353546e+20
2.733954215660738314e+20
4.633952107240452260e+20
5.022261789553600758e+20
8.157479886404263608e+20
1.026339789144110137e+21
1.016767746803484328e+21
1.391499067002709869e+21
1.344145783822380696e+21
1.572868723867025146e+21
2.057772444924636037e+21
2.847806517473328497e+21
1.715993745582282768e+21
1.374487658886095438e+21
1.519015913866464854e+21
7.789795085419617976e+20
7.118683489587146260e+20
7.838144540541106258e+20
1.140094053184945783e+21
1.461099364486620381e+21
1.806551679300035150e+21
1.463559366887214154e+21
1.773320318008913035e+21
1.456693313804703891e+21
2.430540406190191411e+19
1.077055779811671146e+21
8.027853715762105549e+20
7.510601165753968230e+20
7.376161579822428979e+20
8.643653243779332178e+20
8.236492497529235046e+20
5.471563616187370701e+20
1.717208476214917857e+21
1.137207338303037112e+21
1.220239838387315409e+21
4.870686511118753464e+20
7.743275895344269885e+20
1.699972967941506335e+20
-1.723063894099802194e+20
-2.227910300597705769e+20
1.515798994653229875e+20
5.678456428465173299e+19
3.466923335143150060e+20
6.078250523485074883e+20
5.890357534461106586e+20
6.937632208504844452e+20
8.623528479287567974e+20
1.077125095049025028e+21
9.791716745709858324e+20
6.220261369431342449e+20
3.484298304419161702e+19
5.025512653467481539e+20
8.593058455373763052e+20
1.338115700592283222e+21
2.079258487270664045e+21
2.525360247618882503e+21
2.254116287305891185e+21
2.312347328498020385e+21
2.232494827737255510e+21
2.016306761398233334e+21
2.190119965772490998e+21
1.993981747708873933e+21
1.216026505018509099e+21
1.157096285686168814e+21
3.392597253056521830e+20
2.082174020511250514e+20
-2.206321417827091743e+20
1.428856613557795553e+20
5.209325927832360059e+20
-5.574513138546298061e+19
8.455106842531085681e+20
9.244750189497774244e+20
1.566564364329274049e+21
1.495650171491182445e+21
6.621427456825129697e+20
5.350754607808664044e+20
1.450333560509562880e+20
1.195689444581291590e+21
9.103395193894501089e+20
1.097579656996978688e+21
1.122824256328963195e+21
1.109594315040267174e+21
1.273204018443957830e+21
1.167749288414140170e+21
1.643298713616905142e+21
1.567269681427671679e+21
1.752942585422718960e+21
1.536694153562090897e+21
1.403248876680111981e+21
6.548748865985702789e+20
1.253829795338231218e+21
6.229775539667856261e+20
6.191279594205777756e+20
8.761209961617083597e+20
9.037735046715906458e+20
7.117154816886833152e+20
7.122281877789411901e+20
5.719285545160534917e+20
9.945721568517056102e+20
7.251095059419344404e+20
7.712219261264566682e+20
1.128745467785989063e+21
1.512747290286272545e+21
2.036950370053309596e+21
1.962927161436023030e+21
1.891727474330158760e+21
1.834450567100647866e+21
1.713981238849560379e+21
1.319925608176672571e+21
1.378048435142774489e+21
1.011725091578532856e+21
2.887779390347553014e+20
-7.769597987450886554e+19
7.654691989983592448e+18
-6.895958912036084122e+20
-5.353244490029072384e+19
-5.792785310607820718e+20
-5.440117332334440612e+20
9.162955847992145347e+20
6.260714033019659223e+20
1.357186443481859490e+21
1.980609254534162678e+21
1.970875854057166078e+21
2.769501312893583360e+21
2.321575294829179437e+21
2.200587516282406961e+21
1.919971374992461922e+21
1.338029940193923957e+21
3.245673114546837914e+20
5.401940610316637307e+20
-9.714059205893580390e+19
-1.799262113292867338e+20
2.669270978733004554e+20
-1.645833945636782735e+20
6.248626619861256110e+20
5.911930203209413427e+20
3.730177726019723592e+20
9.787712953617156669e+20
3.070549683154295194e+20
1.146388732218599014e+19
4.721069453100449792e+19
2.060271597982276649e+20
8.686363169130838753e+20
1.130645562589049782e+21
1.870664661027153510e+21
2.466704134679115596e+21
2.348857514026422239e+21
1.918712095853347078e+21
2.414150199634420564e+21
2.389343686748658467e+21
2.431425958829501710e+21
2.587748180766524178e+21
2.489731298440666677e+21
2.370671717154042151e+21
2.383096803868790489e+21
2.142521277914739114e+21
2.041896264895278612e+21
1.586241364659225494e+21
1.264802103445568881e+21
8.104073777011354501e+20
5.114587445329206968e+20
-4.666453026111120998e+19
-2.408303815325258875e+20
1.320347612541983130e+19
1.043713448824463688e+20
1.924317019052116541e+20
6.868771442806688317e+20
1.133791209383566246e+21
1.574720202298879902e+21
1.634236999944365933e+21
1.596269668491929321e+21
2.173947214759536361e+21
2.179083704322215641e+21
2.196399422403738862e+21
1.915370078351747187e+21
2.088945121698563228e+21
1.415527105778897912e+21
1.468697866524652732e+21
4.251950551971712205e+20
8.034184248018809651e+20
-6.063515459325735731e+19
7.591613908209127916e+20
2.887926855279407268e+20
-2.009822424773521572e+20
7.465442184852678902e+20
1.322855188932434330e+20
1.162994344518274253e+19
1.438559063805746217e+20
1.192185310850454651e+20
6.377483110674386125e+20
4.723382305960147026e+20
4.268564177391871590e+20
1.122678306712036835e+21
7.544475132282724680e+20
1.682663387111624802e+21
1.450518939994293273e+21
1.307732616103342375e+21
4.292126982931145032e+20
1.383433469001822372e+21
1.700001939866739802e+21
2.002678369730351333e+21
2.065261662753249034e+21
2.556350652063783322e+21
1.972163810313885450e+21
1.951374150021377163e+21
1.928427856027780645e+21
2.069460780175711011e+21
1.767566167784204272e+21
1.352621975255042228e+21
1.357220932648261648e+21
7.945791777092193485e+20
3.555510554092571197e+20
5.163008025527876321e+20
7.058121600310181888e+20
1.047166987892093354e+21
1.319831076457588720e+21
1.367184687850728718e+21
1.796340663134608949e+21
1.910412871792133669e+21
1.707522842775921885e+21
1.827688142787460465e+21
1.877510400743741325e+21
1.831216279785918431e+21
9.366552243449741967e+20
1.388979423461406409e+21
1.684077601737576284e+21
1.471221248794185171e+21
7.896502330050761196e+20
2.730944132466784338e+20
4.965265429890659779e+20
-4.955173814255893873e+20
-3.130462471870962729e+20
-6.237471825600750551e+20
-5.976868909956611441e+20
-2.946782727534658191e+20
-2.548533134161346560e+19
2.545188788469644657e+20
3.990015920847024292e+20
8.889025928119504077e+20
1.077013966158970225e+21
1.769887105796892787e+21
2.151911252377250824e+21
2.289905047879374864e+21
2.128652227797133033e+21
2.129340650799511896e+21
1.902483737108537147e+21
1.736550628887892066e+21
8.043741107825064018e+20
9.643737584207302492e+20
7.094208321545169797e+20
5.362841266638605517e+20
1.249819971398827770e+21
1.221078110305154761e+21
8.531898697076787118e+20
7.938756862446529413e+20
5.790532644982415688e+20
5.965654427526276055e+20
1.029680030212876665e+21
8.176368755480870257e+20
9.003612944937024225e+20
1.803445119312675734e+21
1.657526920110741127e+21
1.905139994734442316e+21
1.735998007591009518e+21
2.227444591771546288e+21
2.031896451230453465e+21
2.161464461809195942e+21
1.761862714786521809e+21
8.659221153969833247e+20
1.307238017895113949e+21
1.083854732516030153e+21
6.784480620035199468e+20
5.029886029525376041e+20
-1.863865719347237356e+20
-7.537957194539718410e+20
3.155964183133028352e+20
1.320836035514214646e+20
1.788182427283687997e+20
7.440080523615430246e+20
1.109863297200506798e+21
7.586354235509770813e+20
8.004031392665126830e+20
1.079378877007297249e+21
9.838809352284017787e+20
1.112019199401018786e+21
1.082429990103286809e+21
1.637277299223170122e+21
1.064474625618640634e+21
1.084938039137709064e+21
1.290313328320376209e+21
1.506812683722824876e+21
1.453438680954210091e+21
1.406356469755685110e+21
1.294100969024196182e+21
1.009717668398898348e+21
8.435799868164632740e+20
4.889529033954888253e+20
5.987964100089059738e+19
4.572912078028800000e+19
-4.806536806485354086e+20
-2.362454261144066458e+20
5.999035425219621683e+20
7.384746785548061901e+20
4.094047001463750656e+20
8.635425637181088072e+20
7.685243892767381258e+20
7.787101737799395574e+20
1.199152759114746036e+21
1.160887034946389017e+21
8.476105309805514588e+20
1.978691883998247911e+21
1.686455115091007242e+21
1.443686167135085658e+21
7.980593750058844815e+20
1.197368648584958837e+21
8.872702168753661542e+20
6.475382207834834862e+20
5.001338236132225188e+20
-1.646567711808275087e+20
-2.554997500857800458e+20
-4.072559329431036887e+20
-1.600336398132906557e+20
-1.418922991645087498e+20
-1.401171350440829256e+20
-4.049771132367562342e+20
1.769999934140008366e+20
-7.448381638621895066e+19
8.094915365594642514e+20
1.459408954004120535e+21
1.400424173622649684e+21
1.540319237450338664e+21
9.100925532122424279e+20
1.069343833259046339e+21
1.235055694316123980e+21
1.483007119781508678e+21
1.809707037877688336e+21
2.463004205848954143e+21
1.766597748883403571e+21
1.903851534615782097e+21
1.664019715727229452e+21
2.033446256811614142e+21
1.583820171640328684e+21
1.070227705062905348e+21
8.120160430560137708e+20
1.006430089493958623e+21
7.501101237500158935e+20
8.751237308676361421e+20
5.359100465293337559e+20
4.739283140970094264e+20
-3.680264478733526630e+19
2.017981334368446054e+20
3.072797604929265992e+20
5.647441875390557061e+20
2.310732849924234281e+20
1.535303274647194173e+20
7.835087699675657011e+19
4.241565573551111537e+20
5.655879334842503004e+20
3.648376591454232904e+20
3.726052390121378939e+20
8.184197120945983324e+20
4.498803785197504430e+20
5.824815761391553085e+20
5.792888632595951124e+20
4.408348080690629181e+20
1.149863669586391466e+21
9.651101324705949286e+20
3.292412421610206659e+20
5.578093808780375491e+20
9.413698685129069691e+20
7.972065054543996518e+20
8.354383997029643715e+20
7.490172095184240640e+20
8.863681610285003571e+20
6.864166511328708526e+20
6.218796290850821243e+20
4.609057792389797642e+20
4.148305841966316257e+20
3.980420888745832612e+20
6.932969617606311936e+20
6.896300181719288381e+20
3.763033492285921690e+20
7.452890834323216794e+20
8.267444423140940186e+20
9.701949791360537068e+20
9.006427716952061379e+20
8.936290101371370209e+20
1.124102185625900286e+21
6.755688988380537815e+20
7.873775175381779743e+20
5.045760674748170240e+20
4.498639217555553649e+20
3.239780184696763187e+20
5.254020530813701980e+20
1.013021059101384245e+21
1.413736992735961809e+21
1.590136864041378775e+21
1.232675689161717449e+21
1.045158519332451385e+21
5.524244654462704026e+20
8.030822709229424476e+20
8.922657569817797591e+20
6.646843277514081567e+20
6.776738300309966684e+20
5.892519405132856689e+20
6.464906809593760317e+20
9.070588101107541606e+20
7.948621717471431229e+20
6.639021951242668605e+20
3.956158406748840919e+20
6.544440715781508956e+20
5.582375656830334403e+20
-4.375082264791351296e+19
1.841449332233868411e+20
1.394434199617882030e+20
6.202633576390055690e+20
1.025284072958549033e+21
9.570850794126243267e+20
1.022298170673137189e+21
1.227735111118568292e+21
8.124894831132163441e+20
8.874535647600349020e+20
1.074611635687249674e+21
9.999888928103318159e+20
6.412849651503270461e+20
8.496443323580248228e+20
5.048940351286369321e+20
9.031075905179945533e+20
5.593965563640503337e+20
8.971101747007025316e+20
9.591800626467422863e+20
7.855211772806535578e+20
1.093511319480770232e+21
9.102259584054444687e+20
1.107885150428148531e+21
7.894939661734038733e+20
7.260139711089554227e+20
7.795491951902415913e+20
7.192436317143548559e+20
7.335107830582230385e+20
5.673035435301677302e+20
1.845294793148931768e+20
1.939589993280055542e+20
-1.578701725905274798e+20
5.642649975804269691e+20
5.299140608287771197e+20
7.730385524416713851e+20
4.525467927866066862e+20
4.282317915236450959e+20
5.980714573765929861e+20
9.893340912609363231e+20
9.029151837167592407e+20
1.171550566932715405e+21
7.054335205127550403e+20
7.248262539826346066e+20
8.191733183435285463e+20
1.225898637251850535e+21
1.083360845933081264e+21
9.544883725630953226e+20
1.025207796525510427e+21
5.416869932528912302e+20
8.318062162896108913e+20
5.189885199642693468e+20
6.877132844071942881e+20
3.725013914187947049e+20
7.921754817546525082e+20
6.900370811191107256e+20
1.176297077216236274e+21
1.502502956829694231e+21
1.414924701631472730e+21
1.575686768262742278e+21
1.651156209873796989e+21
1.485992130272796082e+21
1.132558938101004632e+21
9.635036269001509437e+20
7.695482135783166444e+20
8.111181860741348065e+20
4.149728740759515955e+20
-1.269222784520222147e+20
1.357993033984146145e+20
3.698101647522073149e+20
1.956374010339293921e+20
4.765080970996838564e+20
4.520426610058497884e+20
4.473706951686676808e+20
3.099022922526752768e+20
4.408081399374434796e+20
6.001434263856087040e+20
2.394769505636476518e+20
1.875505682906024509e+20
4.694563800823963320e+20
4.209827347241925345e+20
1.806580359522229944e+20
4.866085678757560975e+20
7.085506527106925855e+20
9.735533882944394363e+20
9.081879875721017426e+20
8.230467056083968983e+20
6.242377146629703598e+20
4.259601946101122335e+20
2.289184014765496730e+20
6.743048858563153756e+20
6.812317056675537224e+20
5.916863157950574756e+20
7.196068216930146714e+20
7.659211595407886909e+20
5.734729154600516977e+20
1.057426359212438454e+21
7.062755942575300936e+20
9.009246601570083144e+20
1.041000991803819688e+21
1.463758493179816444e+21
7.394007976111987753e+20
7.207644367282189107e+20
6.192629243311533588e+20
3.743317307045183488e+20
5.296862631034963886e+20
4.976118386213739561e+20
7.110954324987037614e+20
9.192200140931035300e+20
1.256664041933284311e+21
1.072477822696814543e+21
1.296875889347658777e+21
8.647618988362002596e+20
2.866167783876712202e+20
7.563039548287714591e+20
5.385776192175892070e+20
3.807716778372036035e+20
9.284155993287242547e+19
3.586579167909804769e+20
4.398766608799770870e+20
4.646090590058467820e+20
1.075554968547362865e+21
7.610586980570544210e+20
6.677474123257059738e+20
2.718666163209224847e+20
6.398227584916274545e+20
1.642387939572423066e+20
1.797393048151051469e+20
1.241665568602744422e+20
2.745628370852873503e+20
2.479280756008020869e+20
4.468267067227640955e+20
3.459407500188875489e+20
4.277678332928694682e+20
5.773932640406790472e+20
5.586726861923449569e+20
3.835445098230128312e+20
5.102957649708208620e+20
4.280359998151972618e+20
2.483488852694196552e+20
5.632483958445666468e+20
7.875791712563620741e+20
1.059470986296439079e+21
1.277930338818847670e+21
1.624249711056943841e+21
1.611066585198731723e+21
1.640788913000330297e+21
1.668790130330176586e+21
1.368460600167672840e+21
1.598645711263590515e+21
1.461777678319549940e+21
1.042393737630404575e+21
8.771519155173316362e+20
3.851611401002523034e+20
2.802960023832556995e+20
2.468526761535015485e+20
4.034957145140101120e+20
4.989138015900055634e+20
1.333144416837928223e+20
5.903943262558832558e+20
8.489113308591544074e+20
1.068843091745084277e+21
1.067465002195359891e+21
4.807741833562533396e+20
5.575006866788298260e+20
2.098275439207335854e+20
6.527975096652356649e+20
6.728740813597636035e+20
7.284830995234034811e+20
6.832491004942341898e+20
6.857117651461105254e+20
7.706932337019191296e+20
5.357559531186170102e+20
9.353479497621019034e+20
9.949223223699575931e+20
1.135000502868119650e+21
1.008086174425258394e+21
8.030271298822335365e+20
6.321687520423119421e+20
9.470839274911532319e+20
4.325785072077048381e+20
7.139584876255494799e+20
7.102993863980215173e+20
8.182375239198189814e+20
8.519637418727859814e+20
8.081263926913206845e+20
4.662737208585245164e+20
7.167439521538532966e+20
4.600684197018484081e+20
2.722163337838911816e+20
5.833886563678814208e+20
9.219240610188146770e+20
9.596138785629588685e+20
1.091808602160023732e+21
1.118388794926445887e+21
1.189767788156527051e+21
9.465805021337322783e+20
7.322176380633245286e+20
8.003977122403267379e+20
8.184489888164809277e+20
3.080812223310101217e+20
2.205617689760293192e+20
4.555328004895748915e+19
-1.093455575454570250e+20
2.701818468385035387e+20
7.859952915478636134e+19
-1.165703531645024338e+20
6.609935528795339489e+20
5.734719382537916908e+20
1.007791751636126269e+21
1.116189401676641206e+21
1.282083320835413639e+21
1.841592105017836306e+21
1.419700515460935057e+21
1.361988222868659372e+21
1.013420273403854586e+21
9.376573367971343237e+20
4.410201705575339786e+20
4.470061180207979561e+20
2.166510901030257951e+20
4.557127573711303475e+19
1.709331711472015770e+20
7.346661586749305651e+19
5.803997015182158070e+20
2.827577292011056660e+20
3.946635274633567273e+20
3.773201686140676997e+20
-2.183856765481863086e+20
9.632791810188876186e+19
1.212732643280253092e+20
9.464543152558414234e+19
6.115183944758795960e+20
8.357721323155646054e+20
1.074031200608433734e+21
1.461427993554167267e+21
1.386307280747559387e+21
1.181923667724338201e+21
1.589271523305562571e+21
1.520589597253883134e+21
1.444282091819107353e+21
1.718836430830563230e+21
1.509367305759107318e+21
1.522947864987843953e+21
1.641390486589622190e+21
1.356039751272459403e+21
1.291555153450597614e+21
1.066368938867439960e+21
7.834659001466376684e+20
5.786356108660823818e+20
4.298171906133317386e+20
8.052112213854807654e+19
2.413268514191179776e+19
1.213132905788819374e+20
1.946065274266871398e+19
2.261280661160297759e+20
5.914246978383569224e+20
5.804774880290065613e+20
8.459502670997597716e+20
9.998474256851895583e+20
9.099470753773408748e+20
1.102787305680897311e+21
1.053542964940058395e+21
1.370134307724523995e+21
1.127081864761935135e+21
1.145503177734197608e+21
7.148456242702733804e+20
9.161702095971281797e+20
4.168291491401674260e+20
7.525396341191102956e+20
2.986648561319831142e+20
6.894963651376389816e+20
5.033883209130720625e+20
2.602413798291836764e+20
6.081339688451561226e+20
2.991002171154397921e+20
5.198973469658584187e+20
4.269274492655380726e+20
3.109429157255897416e+20
4.811070986816743014e+20
4.013108836391221985e+20
2.280875091078991053e+20
8.213800374073808650e+20
4.068017901836257198e+20
7.825205495667233915e+20
7.024171461988822548e+20
5.352451564462648852e+20
2.669608481966113423e+20
4.254595669106360320e+20
8.799043292753234493e+20
1.090589469622654730e+21
1.379946438625327055e+21
1.501482730379806769e+21
1.368486163627261297e+21
1.329247320832619839e+21
1.168005393295253438e+21
1.078461997001083978e+21
1.075048451885083132e+21
9.701876356267408097e+20
9.490711041133500170e+20
6.140668537140548731e+20
3.483079068387576381e+20
3.010012202890512302e+20
1.546148757635910861e+20
2.527914293081575260e+20
4.629991104618430464e+20
4.232772154017196278e+20
8.489548482744460247e+20
1.157737926694384173e+21
1.148884490358095872e+21
1.086733201461236204e+21
1.307241522471054082e+21
1.073160682008221843e+21
9.320029656173374341e+20
1.055381618902362489e+21
1.225490397333708341e+21
1.197405060905377464e+21
5.826567740828617277e+20
2.800773551695509586e+20
3.112747882909332931e+20
-3.293700047018079027e+20
-3.122310038667961303e+20
-4.411829245904882237e+20
-5.995716833842969969e+20
-2.431031780857222267e+20
-8.058073913271674470e+19
-9.418869421931233280e+18
2.542153954785765622e+20
4.645182449041539072e+20
5.042307250351872410e+20
8.729525072552536310e+20
1.179501776133305663e+21
1.266649646089652666e+21
1.357888111339013931e+21
1.464019639080419590e+21
1.318810756011805114e+21
1.188466436172226232e+21
9.127553647445666693e+20
1.000064182874066125e+21
8.645775756272724869e+20
6.156270457985213399e+20
7.882036344808684913e+20
9.905574113726284431e+20
6.237931969939222036e+20
7.075762973114640630e+20
6.079656101263043461e+20
2.967286465702804849e+20
6.250822741973773844e+20
5.518150694845819126e+20
5.759782584154324992e+20
9.537621961840042967e+20
7.186540775137314079e+20
9.264751876762459177e+20
9.021062631504226550e+20
1.337080138749332947e+21
1.225852962277186077e+21
1.308689549523932938e+21
1.053363064682546463e+21
7.477996965160487485e+20
9.796858503123603292e+20
1.001345543675926544e+21
6.399254564038298829e+20
5.975136699480916623e+20
4.553521693652628275e+19
-3.192766697519049605e+20
2.985363465169545462e+20
1.716314677382280643e+20
2.550499354222914437e+20
3.425185637486622147e+20
5.753991966223446835e+20
2.842311238823916339e+20
3.758314239816588329e+20
5.039627379072009503e+20
4.986031068942182646e+20
6.998364352513436549e+20
4.785424210983072563e+20
7.168808801178862223e+20
5.154789554759936246e+20
7.492319007086194196e+20
8.036473787753074524e+20
9.883960266522686915e+20
1.060330261073849483e+21
8.864099420899828040e+20
8.865004439400370668e+20
8.544045627869988127e+20
5.413492679012536812e+20
3.519408812004034478e+20
4.342068600043995136e+19
2.257339140466980946e+20
-1.940539445686881485e+20
1.130173444828797338e+20
4.357431284456436531e+20
4.663683083805078323e+20
4.875930968166320046e+20
6.796176235385763922e+20
8.198886790339693117e+20
9.032122373956247224e+20
1.214999000251543585e+21
1.149395917140704362e+21
6.888659478622471455e+20
1.314421477144396825e+21
1.304629199546309673e+21
1.169887883593766666e+21
9.055902225941628191e+20
9.418721688059264369e+20
1.037123626190201946e+21
8.211312335682860483e+20
5.694642450103512596e+20
2.279058525126320456e+20
1.921979048000277709e+19
-2.242069166187798856e+20
6.685876387105577370e+19
1.452341859358940856e+20
-2.805959934519950705e+20
-4.795780344934815498e+20
2.191738437206445916e+20
4.400856914364203008e+19
4.943615372827778089e+20
1.025159568751134245e+21
1.028729479232873300e+21
1.025440183842106245e+21
6.870697147915619533e+20
8.880952079449933742e+20
9.348540411440917381e+20
1.062313586783271518e+21
1.388456300557184795e+21
1.726969455041994293e+21
1.641042388956389310e+21
