1.000000000000000021e-02
2.000000000000000042e-02
2.999999999999999889e-02
4.000000000000000083e-02
5.000000000000000278e-02
5.999999999999999778e-02
7.000000000000000666e-02
8.000000000000000167e-02
9.000000000000001055e-02
1.000000000000000056e-01
1.099999999999999867e-01
1.199999999999999956e-01
1.300000000000000044e-01
1.400000000000000133e-01
1.499999999999999944e-01
1.600000000000000033e-01
1.700000000000000122e-01
1.800000000000000211e-01
1.900000000000000022e-01
2.000000000000000111e-01
2.100000000000000200e-01
2.199999999999999734e-01
2.299999999999999822e-01
2.399999999999999911e-01
2.500000000000000000e-01
2.600000000000000089e-01
2.700000000000000178e-01
2.800000000000000266e-01
2.900000000000000355e-01
2.999999999999999889e-01
3.099999999999999978e-01
3.200000000000000067e-01
3.300000000000000155e-01
3.400000000000000244e-01
3.500000000000000333e-01
3.600000000000000422e-01
3.699999999999999956e-01
3.800000000000000044e-01
3.900000000000000133e-01
4.000000000000000222e-01
4.100000000000000311e-01
4.200000000000000400e-01
4.300000000000000488e-01
4.399999999999999467e-01
4.499999999999999556e-01
4.599999999999999645e-01
4.699999999999999734e-01
4.799999999999999822e-01
4.899999999999999911e-01
5.000000000000000000e-01
5.100000000000000089e-01
5.200000000000000178e-01
5.300000000000000266e-01
5.400000000000000355e-01
5.500000000000000444e-01
5.600000000000000533e-01
5.700000000000000622e-01
5.800000000000000711e-01
5.900000000000000799e-01
5.999999999999999778e-01
6.099999999999999867e-01
6.199999999999999956e-01
6.300000000000000044e-01
6.400000000000000133e-01
6.500000000000000222e-01
6.600000000000000311e-01
6.700000000000000400e-01
6.800000000000000488e-01
6.900000000000000577e-01
7.000000000000000666e-01
7.100000000000000755e-01
7.200000000000000844e-01
7.299999999999999822e-01
7.399999999999999911e-01
7.500000000000000000e-01
7.600000000000000089e-01
7.700000000000000178e-01
7.800000000000000266e-01
7.900000000000000355e-01
8.000000000000000444e-01
8.100000000000000533e-01
8.200000000000000622e-01
8.300000000000000711e-01
8.400000000000000799e-01
8.500000000000000888e-01
8.600000000000000977e-01
8.700000000000001066e-01
8.799999999999998934e-01
8.899999999999999023e-01
8.999999999999999112e-01
9.099999999999999201e-01
9.199999999999999289e-01
9.299999999999999378e-01
9.399999999999999467e-01
9.499999999999999556e-01
9.599999999999999645e-01
9.699999999999999734e-01
9.799999999999999822e-01
9.899999999999999911e-01
1.000000000000000000e+00
1.010000000000000009e+00
1.020000000000000018e+00
1.030000000000000027e+00
1.040000000000000036e+00
1.050000000000000044e+00
1.060000000000000053e+00
1.070000000000000062e+00
1.080000000000000071e+00
1.090000000000000080e+00
1.100000000000000089e+00
1.110000000000000098e+00
1.120000000000000107e+00
1.130000000000000115e+00
1.140000000000000124e+00
1.150000000000000133e+00
1.160000000000000142e+00
1.170000000000000151e+00
1.180000000000000160e+00
1.190000000000000169e+00
1.199999999999999956e+00
1.209999999999999964e+00
1.219999999999999973e+00
1.229999999999999982e+00
1.239999999999999991e+00
1.250000000000000000e+00
1.260000000000000009e+00
1.270000000000000018e+00
1.280000000000000027e+00
1.290000000000000036e+00
1.300000000000000044e+00
1.310000000000000053e+00
1.320000000000000062e+00
1.330000000000000071e+00
1.340000000000000080e+00
1.350000000000000089e+00
1.360000000000000098e+00
1.370000000000000107e+00
1.380000000000000115e+00
1.390000000000000124e+00
1.400000000000000133e+00
1.410000000000000142e+00
1.420000000000000151e+00
1.430000000000000160e+00
1.440000000000000169e+00
1.449999999999999956e+00
1.459999999999999964e+00
1.469999999999999973e+00
1.479999999999999982e+00
1.489999999999999991e+00
1.500000000000000000e+00
1.510000000000000009e+00
1.520000000000000018e+00
1.530000000000000027e+00
1.540000000000000036e+00
1.550000000000000044e+00
1.560000000000000053e+00
1.570000000000000062e+00
1.580000000000000071e+00
1.590000000000000080e+00
1.600000000000000089e+00
1.610000000000000098e+00
1.620000000000000107e+00
1.630000000000000115e+00
1.640000000000000124e+00
1.650000000000000133e+00
1.660000000000000142e+00
1.670000000000000151e+00
1.680000000000000160e+00
1.690000000000000169e+00
1.700000000000000178e+00
1.710000000000000187e+00
1.720000000000000195e+00
1.730000000000000204e+00
1.740000000000000213e+00
1.750000000000000222e+00
1.759999999999999787e+00
1.770000000000000018e+00
1.779999999999999805e+00
1.790000000000000036e+00
1.799999999999999822e+00
1.810000000000000053e+00
1.819999999999999840e+00
1.830000000000000071e+00
1.839999999999999858e+00
1.850000000000000089e+00
1.859999999999999876e+00
1.870000000000000107e+00
1.879999999999999893e+00
1.890000000000000124e+00
1.899999999999999911e+00
1.910000000000000142e+00
1.919999999999999929e+00
1.930000000000000160e+00
1.939999999999999947e+00
1.950000000000000178e+00
1.959999999999999964e+00
1.970000000000000195e+00
1.979999999999999982e+00
1.990000000000000213e+00
2.000000000000000000e+00
2.010000000000000231e+00
2.020000000000000018e+00
2.030000000000000249e+00
2.040000000000000036e+00
2.050000000000000266e+00
2.060000000000000053e+00
2.070000000000000284e+00
2.080000000000000071e+00
2.089999999999999858e+00
2.100000000000000089e+00
2.109999999999999876e+00
2.120000000000000107e+00
2.129999999999999893e+00
2.140000000000000124e+00
2.149999999999999911e+00
2.160000000000000142e+00
2.169999999999999929e+00
2.180000000000000160e+00
2.189999999999999947e+00
2.200000000000000178e+00
2.209999999999999964e+00
2.220000000000000195e+00
2.229999999999999982e+00
2.240000000000000213e+00
2.250000000000000000e+00
2.260000000000000231e+00
2.270000000000000018e+00
2.280000000000000249e+00
2.290000000000000036e+00
2.300000000000000266e+00
2.310000000000000053e+00
2.320000000000000284e+00
2.330000000000000071e+00
2.340000000000000302e+00
2.350000000000000089e+00
2.360000000000000320e+00
2.370000000000000107e+00
2.380000000000000338e+00
2.390000000000000124e+00
2.399999999999999911e+00
2.410000000000000142e+00
2.419999999999999929e+00
2.429999999999999716e+00
2.439999999999999947e+00
2.450000000000000178e+00
2.459999999999999964e+00
2.469999999999999751e+00
2.479999999999999982e+00
2.490000000000000213e+00
2.500000000000000000e+00
2.509999999999999787e+00
2.520000000000000018e+00
2.530000000000000249e+00
2.540000000000000036e+00
2.549999999999999822e+00
2.560000000000000053e+00
2.570000000000000284e+00
2.580000000000000071e+00
2.589999999999999858e+00
2.600000000000000089e+00
2.610000000000000320e+00
2.620000000000000107e+00
2.629999999999999893e+00
2.640000000000000124e+00
2.650000000000000355e+00
2.660000000000000142e+00
2.669999999999999929e+00
2.680000000000000160e+00
2.690000000000000391e+00
2.700000000000000178e+00
2.709999999999999964e+00
2.720000000000000195e+00
2.730000000000000426e+00
2.740000000000000213e+00
2.750000000000000000e+00
2.760000000000000231e+00
2.770000000000000462e+00
2.780000000000000249e+00
2.790000000000000036e+00
2.800000000000000266e+00
2.810000000000000497e+00
2.820000000000000284e+00
2.830000000000000071e+00
2.840000000000000302e+00
2.850000000000000533e+00
2.860000000000000320e+00
2.870000000000000107e+00
2.880000000000000338e+00
2.889999999999999680e+00
2.899999999999999911e+00
2.909999999999999698e+00
2.919999999999999929e+00
2.929999999999999716e+00
2.939999999999999947e+00
2.949999999999999734e+00
2.959999999999999964e+00
2.969999999999999751e+00
2.979999999999999982e+00
2.989999999999999769e+00
3.000000000000000000e+00
3.009999999999999787e+00
3.020000000000000018e+00
3.029999999999999805e+00
3.040000000000000036e+00
3.049999999999999822e+00
3.060000000000000053e+00
3.069999999999999840e+00
3.080000000000000071e+00
3.089999999999999858e+00
3.100000000000000089e+00
3.109999999999999876e+00
3.120000000000000107e+00
3.129999999999999893e+00
3.140000000000000124e+00
3.149999999999999911e+00
3.160000000000000142e+00
3.169999999999999929e+00
3.180000000000000160e+00
3.189999999999999947e+00
3.200000000000000178e+00
3.209999999999999964e+00
3.220000000000000195e+00
3.229999999999999982e+00
3.240000000000000213e+00
3.250000000000000000e+00
3.260000000000000231e+00
3.270000000000000018e+00
3.280000000000000249e+00
3.290000000000000036e+00
3.300000000000000266e+00
3.310000000000000053e+00
3.320000000000000284e+00
3.330000000000000071e+00
3.340000000000000302e+00
3.350000000000000089e+00
3.360000000000000320e+00
3.370000000000000107e+00
3.380000000000000338e+00
3.390000000000000124e+00
3.400000000000000355e+00
3.410000000000000142e+00
3.420000000000000373e+00
3.430000000000000160e+00
3.440000000000000391e+00
3.450000000000000178e+00
3.460000000000000409e+00
3.470000000000000195e+00
3.480000000000000426e+00
3.490000000000000213e+00
3.500000000000000444e+00
3.510000000000000231e+00
3.519999999999999574e+00
3.529999999999999805e+00
3.540000000000000036e+00
3.549999999999999822e+00
3.559999999999999609e+00
3.569999999999999840e+00
3.580000000000000071e+00
3.589999999999999858e+00
3.599999999999999645e+00
3.609999999999999876e+00
3.620000000000000107e+00
3.629999999999999893e+00
3.639999999999999680e+00
3.649999999999999911e+00
3.660000000000000142e+00
3.669999999999999929e+00
3.679999999999999716e+00
3.689999999999999947e+00
3.700000000000000178e+00
3.709999999999999964e+00
3.719999999999999751e+00
3.729999999999999982e+00
3.740000000000000213e+00
3.750000000000000000e+00
3.759999999999999787e+00
3.770000000000000018e+00
3.780000000000000249e+00
3.790000000000000036e+00
3.799999999999999822e+00
3.810000000000000053e+00
3.820000000000000284e+00
3.830000000000000071e+00
3.839999999999999858e+00
3.850000000000000089e+00
3.860000000000000320e+00
3.870000000000000107e+00
3.879999999999999893e+00
3.890000000000000124e+00
3.900000000000000355e+00
3.910000000000000142e+00
3.919999999999999929e+00
3.930000000000000160e+00
3.940000000000000391e+00
3.950000000000000178e+00
3.959999999999999964e+00
3.970000000000000195e+00
3.980000000000000426e+00
3.990000000000000213e+00
4.000000000000000000e+00
4.009999999999999787e+00
4.020000000000000462e+00
4.030000000000000249e+00
4.040000000000000036e+00
4.050000000000000711e+00
4.060000000000000497e+00
4.070000000000000284e+00
4.080000000000000071e+00
4.089999999999999858e+00
4.100000000000000533e+00
4.110000000000000320e+00
4.120000000000000107e+00
4.130000000000000782e+00
4.140000000000000568e+00
4.150000000000000355e+00
4.160000000000000142e+00
4.169999999999999929e+00
4.179999999999999716e+00
4.189999999999999503e+00
4.200000000000000178e+00
4.209999999999999964e+00
4.219999999999999751e+00
4.229999999999999538e+00
4.240000000000000213e+00
4.250000000000000000e+00
4.259999999999999787e+00
4.269999999999999574e+00
4.280000000000000249e+00
4.290000000000000036e+00
4.299999999999999822e+00
4.309999999999999609e+00
4.320000000000000284e+00
4.330000000000000071e+00
4.339999999999999858e+00
4.349999999999999645e+00
4.360000000000000320e+00
4.370000000000000107e+00
4.379999999999999893e+00
4.389999999999999680e+00
4.400000000000000355e+00
4.410000000000000142e+00
4.419999999999999929e+00
4.429999999999999716e+00
4.440000000000000391e+00
4.450000000000000178e+00
4.459999999999999964e+00
4.469999999999999751e+00
4.480000000000000426e+00
4.490000000000000213e+00
4.500000000000000000e+00
4.509999999999999787e+00
4.520000000000000462e+00
4.530000000000000249e+00
4.540000000000000036e+00
4.549999999999999822e+00
4.560000000000000497e+00
4.570000000000000284e+00
4.580000000000000071e+00
4.589999999999999858e+00
4.600000000000000533e+00
4.610000000000000320e+00
4.620000000000000107e+00
4.629999999999999893e+00
4.640000000000000568e+00
4.650000000000000355e+00
4.660000000000000142e+00
4.669999999999999929e+00
4.680000000000000604e+00
4.690000000000000391e+00
4.700000000000000178e+00
4.709999999999999964e+00
4.720000000000000639e+00
4.730000000000000426e+00
4.740000000000000213e+00
4.750000000000000000e+00
4.760000000000000675e+00
4.770000000000000462e+00
4.780000000000000249e+00
4.790000000000000036e+00
4.799999999999999822e+00
4.809999999999999609e+00
4.820000000000000284e+00
4.830000000000000071e+00
4.839999999999999858e+00
4.849999999999999645e+00
4.859999999999999432e+00
4.870000000000000107e+00
4.879999999999999893e+00
4.889999999999999680e+00
4.900000000000000355e+00
4.910000000000000142e+00
4.919999999999999929e+00
4.929999999999999716e+00
4.939999999999999503e+00
4.950000000000000178e+00
4.959999999999999964e+00
4.969999999999999751e+00
4.980000000000000426e+00
4.990000000000000213e+00
5.000000000000000000e+00
5.009999999999999787e+00
5.019999999999999574e+00
5.030000000000000249e+00
5.040000000000000036e+00
5.049999999999999822e+00
5.060000000000000497e+00
5.070000000000000284e+00
5.080000000000000071e+00
5.089999999999999858e+00
5.099999999999999645e+00
5.110000000000000320e+00
5.120000000000000107e+00
5.129999999999999893e+00
5.140000000000000568e+00
5.150000000000000355e+00
5.160000000000000142e+00
5.169999999999999929e+00
5.179999999999999716e+00
5.190000000000000391e+00
5.200000000000000178e+00
5.209999999999999964e+00
5.220000000000000639e+00
5.230000000000000426e+00
5.240000000000000213e+00
5.250000000000000000e+00
5.259999999999999787e+00
5.270000000000000462e+00
5.280000000000000249e+00
5.290000000000000036e+00
5.300000000000000711e+00
5.310000000000000497e+00
5.320000000000000284e+00
5.330000000000000071e+00
5.339999999999999858e+00
5.350000000000000533e+00
5.360000000000000320e+00
5.370000000000000107e+00
5.380000000000000782e+00
5.390000000000000568e+00
5.400000000000000355e+00
5.410000000000000142e+00
5.419999999999999929e+00
5.430000000000000604e+00
5.440000000000000391e+00
5.450000000000000178e+00
5.460000000000000853e+00
5.470000000000000639e+00
5.480000000000000426e+00
5.490000000000000213e+00
5.500000000000000000e+00
5.510000000000000675e+00
5.520000000000000462e+00
5.530000000000000249e+00
5.540000000000000924e+00
5.550000000000000711e+00
5.560000000000000497e+00
5.570000000000000284e+00
5.580000000000000071e+00
5.590000000000000746e+00
5.600000000000000533e+00
5.610000000000000320e+00
5.620000000000000995e+00
5.630000000000000782e+00
5.640000000000000568e+00
5.650000000000000355e+00
5.660000000000000142e+00
5.670000000000000817e+00
5.680000000000000604e+00
5.690000000000000391e+00
5.700000000000001066e+00
5.710000000000000853e+00
5.720000000000000639e+00
5.730000000000000426e+00
5.740000000000000213e+00
5.750000000000000888e+00
5.760000000000000675e+00
5.769999999999999574e+00
5.779999999999999361e+00
5.789999999999999147e+00
5.799999999999999822e+00
5.809999999999999609e+00
5.819999999999999396e+00
5.830000000000000071e+00
5.839999999999999858e+00
5.849999999999999645e+00
5.859999999999999432e+00
5.869999999999999218e+00
5.879999999999999893e+00
5.889999999999999680e+00
5.899999999999999467e+00
5.910000000000000142e+00
5.919999999999999929e+00
5.929999999999999716e+00
5.939999999999999503e+00
5.949999999999999289e+00
5.959999999999999964e+00
5.969999999999999751e+00
5.979999999999999538e+00
5.990000000000000213e+00
6.000000000000000000e+00
6.009999999999999787e+00
6.019999999999999574e+00
6.029999999999999361e+00
6.040000000000000036e+00
6.049999999999999822e+00
6.059999999999999609e+00
6.070000000000000284e+00
6.080000000000000071e+00
6.089999999999999858e+00
6.099999999999999645e+00
6.109999999999999432e+00
6.120000000000000107e+00
6.129999999999999893e+00
6.139999999999999680e+00
6.150000000000000355e+00
6.160000000000000142e+00
6.169999999999999929e+00
6.179999999999999716e+00
6.189999999999999503e+00
6.200000000000000178e+00
6.209999999999999964e+00
6.219999999999999751e+00
6.230000000000000426e+00
6.240000000000000213e+00
6.250000000000000000e+00
6.259999999999999787e+00
6.269999999999999574e+00
6.280000000000000249e+00
6.290000000000000036e+00
6.299999999999999822e+00
6.310000000000000497e+00
6.320000000000000284e+00
6.330000000000000071e+00
6.339999999999999858e+00
6.349999999999999645e+00
6.360000000000000320e+00
6.370000000000000107e+00
6.379999999999999893e+00
6.390000000000000568e+00
6.400000000000000355e+00
6.410000000000000142e+00
6.419999999999999929e+00
6.429999999999999716e+00
6.440000000000000391e+00
6.450000000000000178e+00
6.459999999999999964e+00
6.470000000000000639e+00
6.480000000000000426e+00
6.490000000000000213e+00
6.500000000000000000e+00
6.509999999999999787e+00
6.520000000000000462e+00
6.530000000000000249e+00
6.540000000000000036e+00
6.550000000000000711e+00
6.560000000000000497e+00
6.570000000000000284e+00
6.580000000000000071e+00
6.589999999999999858e+00
6.600000000000000533e+00
6.610000000000000320e+00
6.620000000000000107e+00
6.630000000000000782e+00
6.640000000000000568e+00
6.650000000000000355e+00
6.660000000000000142e+00
6.669999999999999929e+00
6.680000000000000604e+00
6.690000000000000391e+00
6.700000000000000178e+00
6.710000000000000853e+00
6.720000000000000639e+00
6.730000000000000426e+00
6.740000000000000213e+00
6.750000000000000000e+00
6.760000000000000675e+00
6.770000000000000462e+00
6.780000000000000249e+00
6.790000000000000924e+00
6.800000000000000711e+00
6.810000000000000497e+00
6.820000000000000284e+00
6.830000000000000071e+00
6.840000000000000746e+00
6.850000000000000533e+00
6.860000000000000320e+00
6.870000000000000995e+00
6.880000000000000782e+00
6.890000000000000568e+00
6.900000000000000355e+00
6.910000000000000142e+00
6.920000000000000817e+00
6.930000000000000604e+00
6.940000000000000391e+00
6.950000000000001066e+00
6.960000000000000853e+00
6.970000000000000639e+00
6.980000000000000426e+00
6.990000000000000213e+00
7.000000000000000888e+00
7.010000000000000675e+00
7.020000000000000462e+00
7.030000000000001137e+00
7.039999999999999147e+00
7.049999999999999822e+00
7.059999999999999609e+00
7.069999999999999396e+00
7.080000000000000071e+00
7.089999999999999858e+00
7.099999999999999645e+00
7.109999999999999432e+00
7.119999999999999218e+00
7.129999999999999893e+00
7.139999999999999680e+00
7.149999999999999467e+00
7.160000000000000142e+00
7.169999999999999929e+00
7.179999999999999716e+00
7.189999999999999503e+00
7.199999999999999289e+00
7.209999999999999964e+00
7.219999999999999751e+00
7.229999999999999538e+00
7.240000000000000213e+00
7.250000000000000000e+00
7.259999999999999787e+00
7.269999999999999574e+00
7.279999999999999361e+00
7.290000000000000036e+00
7.299999999999999822e+00
7.309999999999999609e+00
7.320000000000000284e+00
7.330000000000000071e+00
7.339999999999999858e+00
7.349999999999999645e+00
7.359999999999999432e+00
7.370000000000000107e+00
7.379999999999999893e+00
7.389999999999999680e+00
7.400000000000000355e+00
7.410000000000000142e+00
7.419999999999999929e+00
7.429999999999999716e+00
7.439999999999999503e+00
7.450000000000000178e+00
7.459999999999999964e+00
7.469999999999999751e+00
7.480000000000000426e+00
7.490000000000000213e+00
7.500000000000000000e+00
7.509999999999999787e+00
7.519999999999999574e+00
7.530000000000000249e+00
7.540000000000000036e+00
7.549999999999999822e+00
7.560000000000000497e+00
7.570000000000000284e+00
7.580000000000000071e+00
7.589999999999999858e+00
7.599999999999999645e+00
7.610000000000000320e+00
7.620000000000000107e+00
7.629999999999999893e+00
7.640000000000000568e+00
7.650000000000000355e+00
7.660000000000000142e+00
7.669999999999999929e+00
7.679999999999999716e+00
7.690000000000000391e+00
7.700000000000000178e+00
7.709999999999999964e+00
7.720000000000000639e+00
7.730000000000000426e+00
7.740000000000000213e+00
7.750000000000000000e+00
7.759999999999999787e+00
7.770000000000000462e+00
7.780000000000000249e+00
7.790000000000000036e+00
7.800000000000000711e+00
7.810000000000000497e+00
7.820000000000000284e+00
7.830000000000000071e+00
7.839999999999999858e+00
7.850000000000000533e+00
7.860000000000000320e+00
7.870000000000000107e+00
7.880000000000000782e+00
7.890000000000000568e+00
7.900000000000000355e+00
7.910000000000000142e+00
7.919999999999999929e+00
7.930000000000000604e+00
7.940000000000000391e+00
7.950000000000000178e+00
7.960000000000000853e+00
7.970000000000000639e+00
7.980000000000000426e+00
7.990000000000000213e+00
8.000000000000000000e+00
8.009999999999999787e+00
8.019999999999999574e+00
8.030000000000001137e+00
8.040000000000000924e+00
8.050000000000000711e+00
8.060000000000000497e+00
8.070000000000000284e+00
8.080000000000000071e+00
8.089999999999999858e+00
8.100000000000001421e+00
8.110000000000001208e+00
8.120000000000000995e+00
8.130000000000000782e+00
8.140000000000000568e+00
8.150000000000000355e+00
8.160000000000000142e+00
8.169999999999999929e+00
8.179999999999999716e+00
8.190000000000001279e+00
8.200000000000001066e+00
8.210000000000000853e+00
8.220000000000000639e+00
8.230000000000000426e+00
8.240000000000000213e+00
8.250000000000000000e+00
8.260000000000001563e+00
8.270000000000001350e+00
8.280000000000001137e+00
8.290000000000000924e+00
8.300000000000000711e+00
8.310000000000000497e+00
8.320000000000000284e+00
8.330000000000000071e+00
8.339999999999999858e+00
8.349999999999999645e+00
8.359999999999999432e+00
8.369999999999999218e+00
8.379999999999999005e+00
8.390000000000000568e+00
8.400000000000000355e+00
8.410000000000000142e+00
8.419999999999999929e+00
8.429999999999999716e+00
8.439999999999999503e+00
8.449999999999999289e+00
8.459999999999999076e+00
8.469999999999998863e+00
8.480000000000000426e+00
8.490000000000000213e+00
8.500000000000000000e+00
8.509999999999999787e+00
8.519999999999999574e+00
8.529999999999999361e+00
8.539999999999999147e+00
8.550000000000000711e+00
8.560000000000000497e+00
8.570000000000000284e+00
8.580000000000000071e+00
8.589999999999999858e+00
8.599999999999999645e+00
8.609999999999999432e+00
8.619999999999999218e+00
8.629999999999999005e+00
8.640000000000000568e+00
8.650000000000000355e+00
8.660000000000000142e+00
8.669999999999999929e+00
8.679999999999999716e+00
8.689999999999999503e+00
8.699999999999999289e+00
8.710000000000000853e+00
8.720000000000000639e+00
8.730000000000000426e+00
8.740000000000000213e+00
8.750000000000000000e+00
8.759999999999999787e+00
8.769999999999999574e+00
8.779999999999999361e+00
8.789999999999999147e+00
8.800000000000000711e+00
8.810000000000000497e+00
8.820000000000000284e+00
8.830000000000000071e+00
8.839999999999999858e+00
8.849999999999999645e+00
8.859999999999999432e+00
8.870000000000000995e+00
8.880000000000000782e+00
8.890000000000000568e+00
8.900000000000000355e+00
8.910000000000000142e+00
8.919999999999999929e+00
8.929999999999999716e+00
8.939999999999999503e+00
8.949999999999999289e+00
8.960000000000000853e+00
8.970000000000000639e+00
8.980000000000000426e+00
8.990000000000000213e+00
9.000000000000000000e+00
9.009999999999999787e+00
9.019999999999999574e+00
9.030000000000001137e+00
9.040000000000000924e+00
9.050000000000000711e+00
9.060000000000000497e+00
9.070000000000000284e+00
9.080000000000000071e+00
9.089999999999999858e+00
9.099999999999999645e+00
9.109999999999999432e+00
9.120000000000000995e+00
9.130000000000000782e+00
9.140000000000000568e+00
9.150000000000000355e+00
9.160000000000000142e+00
9.169999999999999929e+00
9.179999999999999716e+00
9.190000000000001279e+00
9.200000000000001066e+00
9.210000000000000853e+00
9.220000000000000639e+00
9.230000000000000426e+00
9.240000000000000213e+00
9.250000000000000000e+00
9.259999999999999787e+00
9.269999999999999574e+00
9.280000000000001137e+00
9.290000000000000924e+00
9.300000000000000711e+00
9.310000000000000497e+00
9.320000000000000284e+00
9.330000000000000071e+00
9.339999999999999858e+00
9.350000000000001421e+00
9.360000000000001208e+00
9.370000000000000995e+00
9.380000000000000782e+00
9.390000000000000568e+00
9.400000000000000355e+00
9.410000000000000142e+00
9.419999999999999929e+00
9.429999999999999716e+00
9.440000000000001279e+00
9.450000000000001066e+00
9.460000000000000853e+00
9.470000000000000639e+00
9.480000000000000426e+00
9.490000000000000213e+00
9.500000000000000000e+00
9.510000000000001563e+00
9.520000000000001350e+00
9.530000000000001137e+00
9.540000000000000924e+00
9.550000000000000711e+00
9.560000000000000497e+00
9.570000000000000284e+00
9.580000000000000071e+00
9.589999999999999858e+00
9.599999999999999645e+00
9.609999999999999432e+00
9.619999999999999218e+00
9.629999999999999005e+00
9.640000000000000568e+00
9.650000000000000355e+00
9.660000000000000142e+00
9.669999999999999929e+00
9.679999999999999716e+00
9.689999999999999503e+00
9.699999999999999289e+00
9.709999999999999076e+00
9.719999999999998863e+00
9.730000000000000426e+00
9.740000000000000213e+00
9.750000000000000000e+00
9.759999999999999787e+00
9.769999999999999574e+00
9.779999999999999361e+00
9.789999999999999147e+00
9.800000000000000711e+00
9.810000000000000497e+00
9.820000000000000284e+00
9.830000000000000071e+00
9.839999999999999858e+00
9.849999999999999645e+00
9.859999999999999432e+00
9.869999999999999218e+00
9.879999999999999005e+00
9.890000000000000568e+00
9.900000000000000355e+00
9.910000000000000142e+00
9.919999999999999929e+00
9.929999999999999716e+00
9.939999999999999503e+00
9.949999999999999289e+00
9.960000000000000853e+00
9.970000000000000639e+00
9.980000000000000426e+00
9.990000000000000213e+00
6.523485066277910528e+18
6.192494645152948224e+18
5.248397478909832192e+18
3.829333677783626240e+18
2.149141782215954176e+18
4.556956779827932160e+17
-1.023359883845483136e+18
-2.133052579300519168e+18
-2.812458060313133568e+18
-3.078664799391838720e+18
-2.996755725892787712e+18
-2.655101089711219712e+18
-2.145429295391948032e+18
-1.552331084818082816e+18
-9.495644137792880640e+17
-3.987671258579313920e+17
5.670590136182678400e+16
3.964785299127824000e+17
6.202347201516587520e+17
7.421359980540377600e+17
7.875124630167106560e+17
7.912828750601662720e+17
7.890940615895576320e+17
7.974616977043407360e+17
7.981223482024113920e+17
7.445222226617573120e+17
5.877705725174096640e+17
3.062111648046462720e+17
-7.971698069922710400e+16
-5.061875580707883520e+17
-8.860514503880145920e+17
-1.135410299367296256e+18
-1.211970783646134016e+18
-1.133773171002162560e+18
-9.649333294413745920e+17
-7.737294084257008640e+17
-5.966450880908819200e+17
-4.294561391383470080e+17
-2.478571589193765120e+17
-3.471561884344556800e+16
2.044799872835877760e+17
4.419112054952458880e+17
6.398929024015463680e+17
7.629335661080744960e+17
7.952136287520332800e+17
7.458169872360152320e+17
6.478396024657844480e+17
5.506423683392348160e+17
5.094720021456836480e+17
5.670081713496745600e+17
7.291123347068017920e+17
9.530242370215212800e+17
1.151746694211555072e+18
1.226863270144823040e+18
1.106442725974155648e+18
7.756408903329550080e+17
2.940620641027022080e+17
-2.178313106435941760e+17
-6.256748906118214400e+17
-8.399665067690753280e+17
-8.468464209432459520e+17
-7.016771249953308160e+17
-4.920943552332241280e+17
-3.015622170138231680e+17
-1.827603711643833600e+17
-1.535403562183627520e+17
-2.072759771785193600e+17
-3.290859041907964160e+17
-5.036415343081758720e+17
-7.095109276530862080e+17
-9.147162702978606080e+17
-1.074147426571065216e+18
-1.134276420390720640e+18
-1.049944256871796224e+18
-8.007154052988136960e+17
-4.016874913165076480e+17
9.176706374468467200e+16
5.978484297842008320e+17
1.032039135069354752e+18
1.335590835852677888e+18
1.490575687109757440e+18
1.520376636250928128e+18
1.478854923022731008e+18
1.422882907418655488e+18
1.382155405393907712e+18
1.347764058549293568e+18
1.286338239402872064e+18
1.166524573300933888e+18
9.829317763052092160e+17
7.552980420735736320e+17
5.072884348553552640e+17
2.444823984587900800e+17
-5.167858809392492800e+16
-4.013162666777880960e+17
-7.965066959934122240e+17
-1.190438238593057536e+18
-1.521298921388009984e+18
-1.739645715779974144e+18
-1.823329051791528704e+18
-1.780449624263138304e+18
-1.642724499749223168e+18
-1.455106803641897472e+18
-1.254753292588976640e+18
-1.051826866621508480e+18
-8.253798721552084480e+17
-5.362185603625273600e+17
-1.580582718652624640e+17
2.969194559760568320e+17
7.642159312378874880e+17
1.150178216473808512e+18
1.372457002225571328e+18
1.393299227036202752e+18
1.220844367291940608e+18
8.955687762514347520e+17
4.718051238403036800e+17
1.183264239774401600e+16
-4.207192815443847680e+17
-7.710843995540851200e+17
-1.000325014385152640e+18
-1.091767576091261312e+18
-1.046638260321732992e+18
-8.833635008169212160e+17
-6.363750881815957760e+17
-3.516350034820093440e+17
-7.647515158240899200e+16
1.535364989580871680e+17
3.170232083732999040e+17
4.061406214745234560e+17
4.210398527080444800e+17
3.688149316387065600e+17
2.671826534158327680e+17
1.548630627371288320e+17
8.683823257888800000e+16
1.092352680296876160e+17
2.281009412085438080e+17
3.947799784414585600e+17
5.229586956666103040e+17
5.236414791925564800e+17
3.424814733161984000e+17
-7.225421805660304000e+15
-4.410269569511765120e+17
-8.426394245863111680e+17
-1.121072763846630016e+18
-1.244857153446673664e+18
-1.239270126794635776e+18
-1.153294361372541440e+18
-1.028367390904999040e+18
-8.854200313114257920e+17
-7.349815443788115200e+17
-5.881013073392478720e+17
-4.638942309688608640e+17
-3.824190873462411520e+17
-3.479299981583377920e+17
-3.481883474250363520e+17
-3.583515128254341760e+17
-3.509194829631135360e+17
-3.111159539419495040e+17
-2.488121961982665920e+17
-1.921594102529050240e+17
-1.677564408156765440e+17
-1.780693104316231680e+17
-1.941693423743708160e+17
-1.813706501255619200e+17
-1.250505454171461120e+17
-4.682713460680944000e+16
1.501837369275091200e+16
4.178519620940854400e+16
5.749929538071478400e+16
1.119533803851800480e+17
2.456472052211072640e+17
4.559009620470760320e+17
6.906112560873672960e+17
8.696925123298155520e+17
9.275227977545295360e+17
8.479699330637777920e+17
6.749692382393934080e+17
4.948684819126455040e+17
3.898882165563282560e+17
3.948948154093679360e+17
4.814371557523370240e+17
5.793588291406039040e+17
6.250990276137021440e+17
5.937534717744025600e+17
5.030756637014175360e+17
3.862790236185147520e+17
2.680508874440488320e+17
1.639585747464810880e+17
9.352934587059369600e+16
7.991122928441892800e+16
1.257033109289333760e+17
1.957968691843937920e+17
2.383633209920164480e+17
2.241377084449966720e+17
1.593950894808050240e+17
7.168138598592018400e+16
-5.505398359517192000e+15
-4.175895238997667200e+16
-2.719668198565812800e+16
2.068044758808056400e+16
6.227339195817748000e+16
6.026603793122984800e+16
2.979148989255040000e+15
-8.931213076260419200e+16
-1.807781199410917120e+17
-2.412270056859109120e+17
-2.602830264077123200e+17
-2.461098407259137920e+17
-2.240501722507915840e+17
-2.284482961592855040e+17
-2.925866573669524480e+17
-4.267862969142371840e+17
-6.007293946842961920e+17
-7.510304344889987840e+17
-8.084163507333969920e+17
-7.318892867618039040e+17
-5.276416025840709120e+17
-2.413474049930568320e+17
5.426322298524353600e+16
2.759832311499568000e+17
3.526874078276526720e+17
2.481717802081223360e+17
-1.836100851103991200e+16
-3.733758717337610240e+17
-7.105840884102283520e+17
-9.229944437787505920e+17
-9.361742895024808960e+17
-7.331600322237601280e+17
-3.665786125559603840e+17
5.502715112667894400e+16
4.139438908275088640e+17
6.387300650211095040e+17
7.248871219514508800e+17
7.131395948407178240e+17
6.480583594340487680e+17
5.485730079165501440e+17
4.163762643165753600e+17
2.640105642415857280e+17
1.346140900879219840e+17
8.672137560002675200e+16
1.511513924335463040e+17
3.091648958305580800e+17
5.097667469953326080e+17
7.134033489744198400e+17
9.090223971556213760e+17
1.106744512318000896e+18
1.306655849415884032e+18
1.479262227828955392e+18
1.567037652814920192e+18
1.508127242516732160e+18
1.269523842593658624e+18
8.680789068801708800e+17
3.659427228448307200e+17
-1.538687035220966080e+17
-6.190347083388953600e+17
-9.815227700787847680e+17
-1.212230950112478208e+18
-1.294452128531354624e+18
-1.226349048599763968e+18
-1.031690857955101696e+18
-7.598917501491635200e+17
-4.761500868817026560e+17
-2.437920671280375040e+17
-1.046360456199467360e+17
-7.097767257907352800e+16
-1.231552267435522720e+17
-2.185787146603273920e+17
-3.110768808448718720e+17
-3.676260973086528640e+17
-3.749165193110126080e+17
-3.389539827814816000e+17
-2.713917426146483200e+17
-1.788306539746327040e+17
-6.218257703450671200e+16
7.043941638439332800e+16
1.991454870847652480e+17
2.945715318834064640e+17
3.281343473599941120e+17
2.844584519118033600e+17
1.706015802745664320e+17
1.669686609224023200e+16
-1.278526949220511360e+17
-2.110441723528755840e+17
-1.974712609705793600e+17
-8.648866752736617600e+16
8.496306817376531200e+16
2.584938187742977280e+17
3.798072160922247680e+17
4.202462774946336640e+17
3.838142905118965120e+17
3.046877324652461440e+17
2.324232775746485440e+17
2.046054869344294080e+17
2.226950975355116160e+17
2.594669383965183680e+17
2.891474375710832000e+17
3.124961193307965440e+17
3.593938044012348160e+17
4.597144783061178880e+17
6.145948744146035200e+17
7.971511810720734720e+17
9.751316466020925440e+17
1.127130897386153216e+18
1.230680136466291456e+18
1.249964242791699200e+18
1.140777655959255296e+18
8.758712036824892160e+17
4.690536955851616000e+17
-1.733794033373739200e+16
-4.850485183680760320e+17
-8.303151828530754560e+17
-9.842352886210822400e+17
-9.402640038406750720e+17
-7.439156365588597760e+17
-4.706271482022400000e+17
-1.930969579249082880e+17
3.436891807608969600e+16
1.815587177554421120e+17
2.360684905930191680e+17
2.068145923773983360e+17
1.298642730463655520e+17
6.597444726745913600e+16
7.990066403449539200e+16
2.158399527473753600e+17
4.740138693022561280e+17
8.045774961147399680e+17
1.122813264881801088e+18
1.339493099372351232e+18
1.400074852868648704e+18
1.303008419052544768e+18
1.090003998014782592e+18
8.201209883695773440e+17
5.499431914773509760e+17
3.319515081849128960e+17
2.102863178115175040e+17
2.118867650624952320e+17
3.256231720208184320e+17
4.971072629507545600e+17
6.412578148720637440e+17
6.825437549336583680e+17
5.929713088188167680e+17
3.934220519121366400e+17
1.225279047380928000e+17
-2.063061516653091840e+17
-5.968016116269504000e+17
-1.034355766180185600e+18
-1.455212814333064960e+18
-1.752515283574378496e+18
-1.823945207107752960e+18
-1.615490018195486464e+18
-1.149554487839010304e+18
-5.177767926267180800e+17
1.516327809174118400e+17
7.324466194950133760e+17
1.142749075187578368e+18
1.363329354205744128e+18
1.425911503680231680e+18
1.382963547092808960e+18
1.285639308526561536e+18
1.172623791990532864e+18
1.062956535739746176e+18
9.566823209775696640e+17
8.502750022081185280e+17
7.466682352529779200e+17
6.522535038207155200e+17
5.616982732677586560e+17
4.491097047311503360e+17
2.826278403493600960e+17
4.870598109188509600e+16
-2.385863000583470400e+17
-5.500193561620049280e+17
-8.513043919620794880e+17
-1.103049991243075968e+18
-1.265160544465884160e+18
-1.311825365051393024e+18
-1.246303952540582656e+18
-1.102112502053014400e+18
-9.209472752224408320e+17
-7.283938195411267840e+17
-5.330739448418349440e+17
-3.420549238738812800e+17
-1.747767956239411200e+17
-6.064712155886961600e+16
-1.888260409123160000e+16
-4.742139478341371200e+16
-1.232558724111675040e+17
-2.210057388197836480e+17
-3.238320534092942080e+17
-4.275823043025048320e+17
-5.328368135258609920e+17
-6.385893359218795520e+17
-7.524502672853966080e+17
-8.887284778398259200e+17
-1.056612733126638080e+18
-1.240555901637709056e+18
-1.391196989805189120e+18
-1.440554480007209728e+18
-1.334325697393036544e+18
-1.064207185586509824e+18
-6.757593043026010880e+17
-2.591159417029441280e+17
7.882334123475243200e+16
2.565436252713463680e+17
2.599708763957726720e+17
1.595105763666494400e+17
7.997385403957284800e+16
1.348019842841688960e+17
3.622024553663674240e+17
7.022502626069880320e+17
1.024574226170658304e+18
1.193706500799655168e+18
1.128713942785145216e+18
8.337200458359624960e+17
3.842275187986583040e+17
-1.063765920051959840e+17
-5.219673403485724800e+17
-7.732917637972116480e+17
-8.248153885104945920e+17
-6.989008848755255040e+17
-4.633023186024257280e+17
-2.047540828648559680e+17
1.518124662618848000e+15
1.116422122522928320e+17
1.141211636159327680e+17
2.279663595287457600e+16
-1.291549877991706400e+17
-2.939266574833525120e+17
-4.173124138065217280e+17
-4.583889763566443520e+17
-4.065350801045022080e+17
-2.862800772687193600e+17
-1.511389775898918080e+17
-5.945353578126320000e+16
-6.529474174657616800e+16
-2.052771762765240640e+17
-4.846009252054371200e+17
-8.653966656512823040e+17
-1.271679739875377152e+18
-1.611866395700331520e+18
-1.809557732649604352e+18
-1.825638503380264960e+18
-1.657888949119409664e+18
-1.331204688628253184e+18
-8.852983231636691200e+17
-3.715324278130952960e+17
1.473984585755737600e+17
6.019790082579531520e+17
9.292775679595453440e+17
1.086271073313744256e+18
1.068491300227423872e+18
9.169898563538286080e+17
7.033771711635841280e+17
5.041924646041233280e+17
3.758686246706319360e+17
3.358161746557436800e+17
3.589579231026214400e+17
3.869710498209403520e+17
3.605648778928208000e+17
2.504772912919138880e+17
7.048281033527105600e+16
-1.323186436949954880e+17
-2.975441266465267200e+17
-3.774754354959954560e+17
-3.588407283666220160e+17
-2.669855056387769920e+17
-1.554259056955874560e+17
-7.439680797177920000e+16
-4.995894821050200000e+16
-7.407450653634990400e+16
-1.160878024835289600e+17
-1.356156561920925120e+17
-1.089743682299287520e+17
-4.029413199976547200e+16
4.546030582198209600e+16
1.208196320179697920e+17
1.806814104775846400e+17
2.527590782658893440e+17
3.790742714659654400e+17
5.761097447268963840e+17
8.027824323006172160e+17
9.683844557441463040e+17
9.740395392521652480e+17
7.683831229515435520e+17
3.799449203951270400e+17
-8.722985592393827200e+16
-4.918768273215819520e+17
-7.172184829182375680e+17
-7.158793332586447360e+17
-5.044770347905950720e+17
-1.388194803259679040e+17
2.989577379775603200e+17
7.112382797625501440e+17
1.003041510781807232e+18
1.110447628354441856e+18
1.020160939759321088e+18
7.660129302903848960e+17
4.116744985975374080e+17
3.313441961938816000e+16
-2.951976322664293120e+17
-5.047694492210421760e+17
-5.369288026690181120e+17
-3.615639163213612800e+17
-5.487730528909312000e+15
4.360198689251335680e+17
8.254783121078602240e+17
1.030271572617381504e+18
9.733868167567361280e+17
6.633689033902304000e+17
1.948364495629709440e+17
-2.917077066469978240e+17
-6.700995825417282560e+17
-8.724949180107879680e+17
-9.043992474550361600e+17
-8.223995991489344000e+17
-6.959602968169745920e+17
-5.772261392535685120e+17
-4.934579058668494720e+17
-4.513085354613462400e+17
-4.425610121416948480e+17
-4.503767632143197440e+17
-4.549594315479316480e+17
-4.374267402140892160e+17
-3.786251134383621760e+17
-2.569602590518354240e+17
-5.518494122420230400e+16
2.262532818812305280e+17
5.622211372162215680e+17
8.993822705071500800e+17
1.161003266183036928e+18
1.270668108807288832e+18
1.190218246693796352e+18
9.478167061225712640e+17
6.332815803328186880e+17
3.624167725956810240e+17
2.287674505546365760e+17
2.620605798925633280e+17
4.159312134567635200e+17
5.882781493916389120e+17
6.787953657459436800e+17
6.380396100153854720e+17
4.843978597344043520e+17
2.761448167848512000e+17
6.987336282601771200e+16
-1.158149013840370560e+17
-2.896018088167188480e+17
-4.555631453572282240e+17
-5.926989548160131840e+17
-6.610856894896241920e+17
-6.270739168712716800e+17
-4.841181942960860160e+17
-2.640563256371665280e+17
-2.849476399826988800e+16
1.526592661433922560e+17
2.390005114568517120e+17
2.456292843587848320e+17
2.305548272943178560e+17
2.549632529024059840e+17
3.467357831578003840e+17
4.842774439666342400e+17
6.136648799558859520e+17
6.777963942159726080e+17
6.444397147286686720e+17
5.205518432361503360e+17
3.490020678385825280e+17
1.823384510993896960e+17
6.020143795222559200e+16
-5.057031324483064000e+15
-2.661089073890517200e+16
-2.963845279083433600e+16
-3.428787278318980400e+16
-4.894228544160692000e+16
-7.007555142136104000e+16
-8.690716919731635200e+16
-8.247650618233966400e+16
-4.254874647086084800e+16
3.832902159252808000e+16
1.436583806545925760e+17
2.359893810678887680e+17
2.707125210412897920e+17
2.245809631069172480e+17
1.125024188331474240e+17
-1.814535809703371200e+16
-1.202389310527493920e+17
-1.822219277160451200e+17
-2.342657086026723200e+17
-3.230846075009727360e+17
-4.726422441523497600e+17
-6.668374627106124800e+17
-8.677948916786036480e+17
-1.046845896750403712e+18
-1.187762877214048000e+18
-1.283817211311470848e+18
-1.336987162088302336e+18
-1.361973918719230976e+18
-1.366741709689946112e+18
-1.329460326847224832e+18
-1.200221988738772736e+18
-9.333306434413934080e+17
-5.323924476630785280e+17
-6.816652830790201600e+16
3.496635087697026560e+17
6.403124866885390080e+17
7.964257804470758400e+17
8.706692530770516480e+17
9.244026007237775360e+17
9.866188841334456320e+17
1.040583183422047360e+18
1.040068819391231104e+18
9.314293475077969920e+17
6.836430689729702400e+17
3.099598596365169280e+17
-1.275531644963017120e+17
-5.358781581216976640e+17
-8.266271053856934400e+17
-9.457986131394222080e+17
-8.912600102482397440e+17
-7.065975799075575040e+17
-4.543826452835554560e+17
-1.842190633692497280e+17
7.965307387140451200e+16
3.308480702134790400e+17
5.715074866046470400e+17
7.954124383141288960e+17
9.813720683744933120e+17
1.096676859614018176e+18
1.109763563375393152e+18
1.004081737646484480e+18
7.864493299979203840e+17
4.918559602786926080e+17
1.757991008964634560e+17
-9.843772828955212800e+16
-2.830697383705249920e+17
-3.628538029498044160e+17
-3.545667298902073600e+17
-2.941995407091180800e+17
-2.157753619931169920e+17
-1.385129694981532160e+17
-6.731966133330883200e+16
-7.139260407500208000e+15
3.165316651086622400e+16
4.566917564264965600e+16
4.436745870731924000e+16
3.842060377247410400e+16
2.511236403427080000e+16
-1.760918079522114400e+16
-1.185340971167740320e+17
-2.899770774388481920e+17
-5.148717987380426880e+17
-7.508917343420573440e+17
-9.496805074611348480e+17
-1.074997951794424448e+18
-1.110733233335563008e+18
-1.053923256455261312e+18
-9.092934082156983040e+17
-6.938609402261792000e+17
-4.402183223470659200e+17
-1.904547653639471360e+17
2.054942916628669200e+16
1.730892301892577920e+17
2.569893851649370880e+17
2.679508162766051840e+17
2.071677154939505280e+17
8.846897105160627200e+16
-6.616077740542742400e+16
-2.302642493462284800e+17
-3.746931578587176960e+17
-4.654154827782524160e+17
-4.657465932097479040e+17
-3.458708919549276160e+17
-1.111718200626648640e+17
1.863894930750260480e+17
4.661304201732253440e+17
6.531130430238900480e+17
7.142208495159285760e+17
6.663864499527018240e+17
5.672150947442655360e+17
4.848261414085557760e+17
4.706840987326375680e+17
5.392365908786517760e+17
6.635746035414398720e+17
7.878410553913450240e+17
8.556370463131708160e+17
8.399180798333504000e+17
7.622085632357958400e+17
6.785737921190993920e+17
6.421954407364622080e+17
6.590845557378551040e+17
6.804422587996094720e+17
6.334152270899461120e+17
4.753718275518229120e+17
2.092088788392812800e+17
-1.269845012777331200e+17
-4.870335309322478720e+17
-8.284998382951294720e+17
-1.115122865564383488e+18
-1.316199251366134272e+18
-1.414462427430264832e+18
-1.413983951929982464e+18
-1.343335540664900352e+18
-1.243247651527653888e+18
-1.156782858167222016e+18
-1.120676723308708352e+18
-1.154751683447281664e+18
-1.245040260191004416e+18
-1.341847705358143232e+18
-1.375556151219028736e+18
-1.286103431324258304e+18
-1.047012911274779136e+18
-6.764383833206924800e+17
-2.314762055381392640e+17
2.115780643722989440e+17
5.849874475434112000e+17
8.527987372170812160e+17
1.015398753644174848e+18
1.101059111289190272e+18
1.151660646660756864e+18
1.206942525855558144e+18
1.290440776642512384e+18
1.401238551479228416e+18
1.514733114496676608e+18
1.593224807370274048e+18
1.593198214317636096e+18
1.471744836103628800e+18
1.196888541128259328e+18
7.662296684119756800e+17
2.276513870165064000e+17
-3.186006470949164800e+17
-7.459685587236323840e+17
-9.539653955146519040e+17
-9.128387859623002880e+17
-6.768975180178304000e+17
-3.560116164274645760e+17
-6.528143332378739200e+16
1.197221223236240480e+17
1.829219327508435200e+17
1.598341582052284480e+17
1.065910525061217600e+17
6.658331906127336000e+16
4.840942100162546400e+16
2.917215421486279200e+16
-2.609035926452272000e+16
-1.366875809130399840e+17
-2.931452954574791680e+17
-4.633973971931889920e+17
-6.060683187851938560e+17
-6.857208958362656000e+17
-6.805749646590467840e+17
-5.897905940521305600e+17
-4.301435788359504640e+17
-2.326441728357258880e+17
-2.837154418868716000e+16
1.560213735947819840e+17
2.968034394403671680e+17
3.745259262202190080e+17
3.835778044733509120e+17
3.392384748212839680e+17
2.723951725364193280e+17
2.165888463315281280e+17
1.940156897625694080e+17
2.097772371212873600e+17
2.513723267996179840e+17
2.963687012451425280e+17
3.270530775005069440e+17
3.469477412797092480e+17
3.724808159743854080e+17
4.138538836924029440e+17
4.630637438304569600e+17
5.027717105071480960e+17
5.252665041077040000e+17
5.313674520955946880e+17
5.193623177989897600e+17
4.816432443678590720e+17
4.061290680329544320e+17
2.753666241070288640e+17
7.436956639403187200e+16
-1.992164755154840320e+17
-5.116928406730090240e+17
-7.951683537030581760e+17
-9.724276423581575680e+17
-9.904790867770067200e+17
-8.422091823065536000e+17
-5.636173705960044160e+17
-2.203159747154332800e+17
1.074416370578504000e+17
3.415487326131681920e+17
4.303938681379778560e+17
3.666798122469820160e+17
1.901926585819615680e+17
-2.159681721802193600e+16
-1.901479597716408320e+17
-2.719310284620167680e+17
-2.731534827909779200e+17
-2.234140535982119040e+17
-1.475453447637625600e+17
-5.460360111117969600e+16
5.021897125442705600e+16
1.621165242932552320e+17
2.864569232559081280e+17
4.434644572452068480e+17
6.537226964187421440e+17
9.219363512739751680e+17
1.226987265980831744e+18
1.522117943985992192e+18
1.747083467502014208e+18
1.847877250757202944e+18
1.786026175529420800e+18
1.542399965915914240e+18
1.128761829669193600e+18
5.903204278958796800e+17
8.287656944186896000e+15
-5.194646109281051520e+17
-9.066877859526108160e+17
-1.103472102118194560e+18
-1.102132080033714816e+18
-9.322173597028048640e+17
-6.508038023359386880e+17
-3.334214904716526080e+17
-5.570109928689756800e+16
1.249771239443728320e+17
1.816382515019929600e+17
1.158529807711881120e+17
-4.122016441270728800e+16
-2.337971280053280640e+17
-3.928909486347493120e+17
-4.573238602952857600e+17
-3.982437105765711360e+17
-2.296539771792440640e+17
-5.823459143079920000e+15
1.925155682942199040e+17
2.838621668118072320e+17
2.228264933537380480e+17
2.768653174580796400e+16
-2.275133528328563200e+17
-4.575348747076919040e+17
-6.121856521489690880e+17
-6.893909527187544320e+17
-7.127933145689625600e+17
-7.016728043909972480e+17
-6.580717002555156480e+17
-5.741355277863148800e+17
-4.457496151069570560e+17
-2.821344079452695360e+17
-1.061384782374525600e+17
5.006555444345922400e+16
1.583791854031424640e+17
2.014898845486495360e+17
1.757273549220391360e+17
9.055127999633179200e+16
-2.634108619236176800e+16
-1.331398833412179680e+17
-1.855394222453809600e+17
-1.552058699532250240e+17
-4.465422276416291200e+16
1.147905664797283520e+17
2.757482655008310080e+17
3.895011555041127680e+17
4.151145015232395520e+17
3.318919686838554240e+17
1.465504715173634560e+17
-9.806005765515579200e+16
-3.306670069212160000e+17
-4.685298850853649920e+17
-4.469744405421959680e+17
-2.522670007407676480e+17
7.158813497107821600e+16
4.363868661476014080e+17
7.475199176809177600e+17
9.418876242322401280e+17
1.003721270355767040e+18
9.489278927989171200e+17
8.018417512846561280e+17
5.947045769985747200e+17
3.706445999299339520e+17
1.830570428702799360e+17
7.732866457888806400e+16
6.334652111488030400e+16
1.057305698786963840e+17
1.406400196051585600e+17
1.098253475109469440e+17
-1.417768425663708000e+16
-2.241145230498990720e+17
-4.924281610314229760e+17
-7.874107000447054080e+17
-1.077859266599013376e+18
-1.332198216748568576e+18
-1.515192878970698496e+18
-1.594787573126210304e+18
-1.551216546821977088e+18
-1.385358059223002880e+18
-1.124455174344332288e+18
-8.127060387079827200e+17
-4.987258351337525760e+17
-2.208467013293107200e+17
4.092114725884880000e+14
1.677718326059754240e+17
3.032685163106631680e+17
4.377026513785404160e+17
5.838439272378236160e+17
7.212790937444983040e+17
8.048822383284469760e+17
7.928121602307772160e+17
6.783782899678506240e+17
5.002625815776495360e+17
3.212710104898949760e+17
1.994243608948937280e+17
1.646827550913322560e+17
2.040303490104433920e+17
2.664591158365934720e+17
2.779705072686638720e+17
1.782426661058444480e+17
-4.666843186596574400e+16
-3.552936009423381120e+17
-6.789915408219274240e+17
-9.529498219378750720e+17
-1.134096667443833984e+18
-1.196478552841085952e+18
-1.126635727675349376e+18
-9.208035554684344320e+17
-5.869468374241217280e+17
-1.576782003830196480e+17
3.148256048077738240e+17
7.617320847687690240e+17
1.113142132356692864e+18
1.323121489644252160e+18
1.386119688371360768e+18
1.327425138787341056e+18
1.185656410934393600e+18
9.932198393417013760e+17
7.701916297036456960e+17
5.307269403143604480e+17
2.932651214127232640e+17
8.345758469647744000e+16
-6.727747630334128000e+16
-1.280208195263451200e+17
-7.984111343571555200e+16
6.792551406082529600e+16
2.641333839206544640e+17
4.238363522069073920e+17
4.635097676317950720e+17
3.454700536007943680e+17
1.008409954490988640e+17
-1.882007719114088960e+17
-4.354279142040232960e+17
-5.898557049006970880e+17
-6.482172391956851200e+17
-6.382654348827686400e+17
-5.933695553537415680e+17
-5.364248093234723840e+17
-4.761400590601623040e+17
-4.121489140698622720e+17
-3.443941916044272640e+17
-2.800992202456456640e+17
-2.353919601815811520e+17
-2.216690060188112000e+17
-2.301423310134354240e+17
-2.225485835330010880e+17
-1.516955721467772800e+17
8.190840782442864000e+15
2.384594767383702400e+17
4.836334434605738240e+17
6.719941671488212480e+17
7.558688794874105600e+17
7.395639076159636480e+17
6.787194183894874880e+17
6.446820696719587840e+17
6.799521781945084160e+17
7.754398827374136320e+17
8.923937091891907840e+17
9.963201835847852800e+17
1.070282344421266944e+18
1.112362760378191104e+18
1.122109581154081920e+18
1.099050795520049792e+18
1.047202462292041856e+18
9.743967417892686080e+17
8.956336934043774720e+17
8.247394770885843200e+17
7.652184085831093760e+17
7.073045275352944640e+17
6.275290729020437760e+17
5.010548919365029120e+17
3.143074770907052160e+17
7.313694857610582400e+16
-1.991664473765763200e+17
-4.720024144413817600e+17
-7.163636999262206720e+17
-9.059914958030558720e+17
-1.021112494163622144e+18
-1.054212289200237440e+18
-1.016199127652651264e+18
-9.297869510503694080e+17
-8.238317181576232960e+17
-7.245856620812788480e+17
-6.503261935741027840e+17
-6.113411010108600320e+17
-6.005798963308180480e+17
-5.934373209618586880e+17
-5.580916582395009920e+17
-4.768737721086554880e+17
-3.684898673036273920e+17
-2.871650361489070720e+17
7.775016535009001472e+18
1.643173384307081216e+18
4.339405198951710720e+18
-9.514664380554280960e+17
1.761809376227622912e+18
-2.546278563288449024e+18
1.350204269495582720e+18
-2.602879891133169664e+18
-3.592315937069465600e+17
-7.714145508838604800e+16
-1.899813015063101440e+18
-2.325054651619082240e+17
5.913750643566182400e+17
-1.651817132624707584e+18
-2.242265666973335552e+18
-6.772612540032614400e+17
3.398589823785631744e+18
-2.362515264131563520e+17
-3.679231752468955136e+18
-7.111556529651712000e+17
2.403091597773242368e+18
7.973308892467691520e+17
-9.002587480255365120e+17
-2.117455198644338688e+18
6.781937994652712960e+17
-2.145935589717835776e+18
-2.011046344050868224e+18
1.937934285277233152e+18
-1.120804611851026432e+18
1.318752906928717824e+18
2.436954842652999680e+17
2.109158153978380288e+18
-3.117357718348759040e+18
9.710628815608217600e+17
9.635681147740487680e+17
9.494838164418723840e+17
-1.421040540501147648e+18
8.895385607077888000e+16
-8.800961351615774720e+17
-3.990445422773534720e+17
1.642002787724165120e+17
-1.776123539418513408e+18
1.819533541900288000e+18
4.811547916118261760e+17
2.888175946165125120e+17
-1.903375137080606720e+18
-4.576314067098009600e+17
1.512801003068522496e+18
-6.710015216215654400e+17
1.294363020449808384e+18
2.212088933955665920e+17
1.491597850386104320e+18
-5.684275798249308160e+17
9.870710173293608960e+17
5.479127508781629440e+17
-6.875340344771215360e+17
-2.187911221390344192e+18
-2.652480769775108096e+18
-1.876264693052473344e+18
-1.610136888117559296e+18
8.123357444282777600e+17
-7.193132662490398720e+17
8.399836711160381440e+17
-8.551902950530744320e+17
-8.137867135486525440e+17
2.519570585109921792e+18
6.859969566647255040e+17
1.103118357206401024e+18
1.653585766565019648e+18
1.462718343537491968e+18
7.074703053579878400e+16
-1.262432725562818560e+17
-1.218804062128963584e+18
-1.431008676465868800e+17
1.005492914618368000e+17
-3.128045981191372800e+17
1.097342706404818944e+18
1.186952888832753664e+18
-2.675351449554124800e+17
2.295958448954671104e+18
-3.349250602067558400e+17
3.009387366671450112e+18
-1.919955447956111360e+17
2.066351803640840192e+18
7.439944688640983040e+17
1.968527668978647040e+17
1.758936907133222912e+18
-1.995164047040839680e+18
2.649790752921485312e+18
4.304172797518675968e+18
5.660928169465610240e+17
4.194440328972861440e+17
2.467901385442590720e+17
-8.357821145939968000e+16
-1.119575649237860352e+18
1.273217600272203776e+18
8.416717060565893120e+17
-5.786911931052851200e+17
4.549253594611712000e+17
-2.756542264225300480e+17
-2.438662506047078400e+18
-6.506394354691604480e+17
-4.459276166573850624e+18
-1.395650871865376768e+18
2.350496736083968000e+15
2.128038761508896768e+18
-9.113965867397283840e+17
7.341669460308131840e+17
7.661949454206894080e+17
1.466840816809934848e+18
-3.408787004194816000e+17
4.783119016468152320e+17
1.785236631154851840e+18
2.618186132642332672e+18
-6.835857735171440640e+17
4.552255609180782592e+18
-8.660026845309173760e+17
-1.494841751569956864e+18
3.001650143989596160e+17
5.472065542045040640e+17
-2.417948063998935040e+18
8.308452531277660160e+17
1.279362256789831680e+18
1.123421459381747712e+18
-8.941120750710947840e+17
2.737066374588268544e+18
5.968555189962014720e+17
-1.090357544330723328e+18
2.684682199298473984e+18
-1.057881169120460800e+18
-1.087303597193953280e+18
-6.179324506469826560e+17
1.627171853342605312e+18
1.043499284567162880e+17
2.178016150238003200e+17
-2.589382145562640384e+18
2.353259767733944320e+17
4.005533451561205760e+17
-1.031701411915628544e+18
-9.822655686754959360e+17
-7.546607560787230720e+17
1.056258785791705088e+18
-3.020060748014419968e+18
6.985309141409464320e+17
-2.220569552570286080e+17
-2.884659363174154240e+17
-4.633493927540817920e+17
1.008117011634978816e+18
-1.836169381344706560e+17
-2.861173402620133376e+18
1.984720046798143488e+18
-1.075306194467291136e+18
-4.467711233973288960e+17
-6.826206728908963840e+17
4.211701478399672320e+17
8.394492373630976000e+16
-1.026841600694681600e+17
-4.486034333525606400e+17
2.855612682088742912e+18
3.120539160528551936e+18
6.691078634775511040e+17
-1.024048520373469184e+18
-7.336663194418544640e+17
-1.182550002027724800e+17
-3.859171138202501120e+18
2.407277166581514240e+17
-1.386751958668279808e+18
5.199801373163520000e+17
-2.318532343045816320e+18
-1.077477965970800640e+18
8.827159393075200000e+17
1.109189556705427456e+18
1.950307483838840832e+18
4.779973235032719360e+17
1.020960744339931136e+18
-3.587689923257303040e+17
-3.074919225014353920e+17
-1.199729779071254528e+18
5.949501132609945600e+17
-8.319040945022566400e+16
-2.609656759404462080e+17
7.869598499371745280e+17
8.751394187577917440e+17
1.409218281537011712e+18
-4.803805617481318400e+16
-1.408311507204177920e+17
7.739998064554803200e+17
1.111771902017273856e+18
6.055975004971991040e+17
-2.094277448718876672e+18
-6.767605769987686400e+16
1.421391690853253120e+17
-7.653940826577305600e+16
4.950035030186393600e+17
-7.413868010206658560e+17
-3.064179522690613248e+18
-7.858485164790251520e+17
1.775879688956149760e+18
-7.801806931948994560e+17
-1.146400558704230400e+18
8.221867466985308160e+17
3.912459742672322560e+17
-7.552137233872977920e+17
4.694096372763197440e+17
4.294678205106749440e+17
-2.575423227811594240e+17
-9.695216757647605760e+17
-3.366825955598270464e+18
-2.475580984519557120e+18
5.312271096542658560e+17
2.200164577344225280e+17
-8.471495708392816640e+17
-6.465292085913190400e+17
2.361224302608515072e+18
-1.320859569596923904e+18
-9.378660930142863360e+17
-7.673317908556021760e+17
1.405156226878144512e+18
-6.780790537600368640e+17
-1.443462572048121856e+18
1.732202106951041024e+18
-6.498508543748997120e+17
1.304698251840061440e+17
7.852449644800901120e+17
1.655723877692604416e+18
-1.936148688493608960e+18
-3.553947822199930880e+17
1.524132227049324544e+18
-2.499893188148330496e+18
2.423459303756136448e+18
-6.164405465120768000e+16
-1.427274677679554560e+18
-8.308261250211512320e+17
1.635430094438662144e+18
-8.090088311357440000e+17
2.750976212246462464e+18
4.954727493014650880e+17
-5.396950979444736000e+17
6.260434344104427520e+17
-3.632588473866649600e+17
6.941871362529034240e+17
-1.575076430792884224e+18
-1.974654177908883456e+18
-7.395488753118085120e+17
-1.651854467231907840e+17
-1.671506707429195776e+18
1.420373263510405120e+17
-1.535497764845649920e+18
-1.715527302281953280e+17
9.155651061174763520e+17
-2.921499044649893888e+18
-6.983272003188817920e+17
-3.441344560796532736e+18
-3.147382295908843520e+17
-8.803017789926277120e+17
8.368804142021345280e+17
-3.458382348570066944e+18
7.011215877802557440e+17
6.324054236720005120e+17
-6.063871137090109440e+17
1.135251924057063424e+18
7.643371280070082560e+17
-2.945808452707942400e+16
2.063907627594678272e+18
3.169281545580052480e+18
2.059955997534846976e+18
-8.193482072417894400e+16
9.607464209927372800e+17
3.523608746288742400e+18
1.303616660611006464e+18
-4.569150092015042560e+17
-2.942735790154711040e+17
-1.445467614892523520e+18
-4.927344553712680960e+17
9.457304145074585600e+16
-1.391161517973438464e+18
-8.188920045397606400e+16
-1.128777730083520512e+18
-8.377353697209876480e+17
4.668501654000107520e+17
-6.149345179493990400e+17
-3.697581205969960960e+17
5.430413105886658560e+17
-1.233146270277697536e+18
1.166772752393175040e+17
-1.760700158779064320e+17
2.699769010727157760e+17
-1.151098642514313216e+18
-9.767046049242808320e+17
-4.138190668688261120e+17
-4.850055464458649600e+17
2.267302895776956416e+18
-1.903577397744107520e+17
4.651711255805952000e+17
9.922657575239680000e+14
1.835428864214433792e+18
6.937815507470909440e+17
-5.066378129556111360e+17
-1.189831787996512256e+18
-4.238690750369890304e+18
-7.046997145655705600e+17
-2.316912660085473280e+17
-1.169078998701965312e+18
-2.076623534968274944e+18
8.468034301387079680e+17
-1.081272040238874624e+18
2.755212754297028608e+18
1.167390013583785984e+18
2.787142058442227712e+18
1.794507387512553472e+18
-2.817177142700277760e+17
-1.240026538276028416e+18
1.136746072396267520e+17
-1.298386987182456832e+18
1.965829849092194304e+18
3.895606873507758080e+17
-2.646326188174213120e+18
2.580315596704972800e+16
-8.604616908257361920e+17
-9.926488473332613120e+17
-5.105085841995202560e+17
1.321913500280291328e+18
2.985125539636838400e+18
1.382431608518213632e+18
-5.223081793929871360e+17
6.118003673609011200e+16
1.003104963636756480e+18
-1.916282731092770816e+18
-1.592273813385510912e+18
-9.126558297426493440e+17
-1.437328491056988160e+18
-1.646818763032494080e+17
7.444039931317452800e+17
-2.042814239401312256e+18
9.247184113201315840e+17
-3.850156330111205376e+18
6.348245695043993600e+17
1.882803579190771712e+18
-1.730786115859775488e+18
-2.230569172402700288e+18
3.143959892826521600e+17
-7.071553279250923520e+17
1.043878273320222720e+17
1.655406994871287808e+18
-1.462587014426656768e+18
-2.211350080126976000e+16
-1.945215451730542592e+18
-4.944342878508810240e+17
-2.740859913545711616e+18
-2.804473021463527424e+18
1.145712455083622400e+18
-1.815310650214187008e+18
1.740047789745766400e+17
1.537489586412847104e+18
-1.502981187751116800e+18
2.216680934478970880e+17
7.892031150804172800e+17
-2.153087401755410432e+18
-2.595802877410672640e+18
-2.435647410819563520e+17
-1.184505850274775040e+18
2.079332169280389120e+17
9.916131600603545600e+16
-1.597676028082257920e+17
-7.421342726341263360e+17
-1.043776147889848320e+18
7.502824109349273600e+16
1.184268842793172992e+18
-2.870265716339638272e+18
-1.059145233360486400e+18
-6.381241333679390720e+17
-2.322348448004702208e+18
1.862332664011292672e+18
1.718226820022665216e+18
1.820484582214991872e+18
2.802713737520218112e+18
9.792729895959265280e+17
1.041205092352524288e+18
-1.633656366159626240e+18
-2.033048304484352000e+18
1.151279678699339776e+18
3.665649995287101440e+17
1.866104416847790080e+17
-8.317900121513656320e+17
-1.633212223960645632e+18
1.768330050370797568e+18
-1.493776601261801472e+18
-6.883025066183884800e+16
5.542871811164733440e+17
-8.602086346997104640e+17
2.722905707291607040e+18
-1.247028019311149056e+18
-4.410342566264832000e+15
-7.278338054270484480e+17
2.196902302286086144e+18
-1.003182833432264704e+18
-2.536444648059043840e+17
-1.970429349009293312e+18
-8.953480364592988160e+17
2.499737380613783552e+18
-6.674805859496755200e+17
1.116963429727338496e+18
-1.185324838797967360e+17
3.105854183136296960e+18
1.146130162463539200e+18
5.913690554289356800e+17
-6.023247907153510400e+16
4.061546602488135680e+17
-1.133208926293065728e+18
-3.607812631135518720e+18
4.656215697213358080e+17
8.572605544550891520e+17
1.194084426712088576e+18
1.820999133087924224e+18
1.526962363469660160e+18
1.396764989267640320e+18
5.956527786557440000e+17
8.368947529923952640e+17
-7.275757964948930560e+17
-5.726507541756641280e+17
1.138758470783205376e+18
-2.768960667107983360e+17
-4.729813102692925440e+17
1.430297465931694080e+17
5.400747470823096320e+17
-2.569347035052376064e+18
1.805299754767220736e+18
3.295742405650677760e+17
-1.056237351790968832e+18
-1.185856215180115968e+18
-1.087689978311344128e+18
-1.938791314594201600e+16
-2.465857723435057152e+18
-1.486389053556260864e+18
9.521301824355696640e+17
1.708821354171596800e+17
-2.013190488160468992e+18
-2.080615702502309888e+18
-6.059683497000304640e+17
1.405776519527137280e+17
3.581054122784194560e+17
2.249951835655766016e+18
-1.358438653063331840e+17
-2.296618570513121280e+17
2.009493378365915136e+18
8.502120119491624960e+17
-1.517520694114516992e+18
-1.043224580651483136e+18
9.267717948854763520e+17
2.255770473243607040e+18
9.955913709681377280e+17
1.331718905281904640e+17
3.757729864912732160e+18
1.294374222860124160e+18
-8.321157857227571200e+16
-2.250278788329897984e+18
-4.227614150743818240e+17
1.487953831621820416e+18
2.450428091038695424e+18
1.692336749595852800e+18
-1.366286831116615680e+18
1.125748944861659136e+18
4.026406229990440960e+17
-1.402462409750216704e+18
1.271251022156660736e+18
7.880916835426631680e+17
-3.729871982192230400e+17
-1.626305624739414016e+18
8.307260122065797120e+17
1.257685174225207296e+18
2.873222166919249920e+17
-1.738873320268365824e+18
-1.231650399673384960e+18
-1.604552142394228736e+18
-5.590794246585057280e+17
-2.024429080832638976e+18
-1.869143931581628416e+18
-1.620244826689634304e+18
-3.514544043184881664e+18
-2.770928441271255040e+18
8.688208238985871360e+17
-3.827575194847805440e+17
-1.302581497139560448e+18
-3.404281620394409984e+18
2.887541720591892480e+18
-1.392155976009777152e+18
-2.190479468135448576e+18
2.150782705587978240e+18
1.867463423101501440e+18
-6.029135637905408000e+17
6.264801645360578560e+17
2.104964009143828480e+18
-7.480443259752284160e+17
-8.838768234007101440e+17
2.132802560606601216e+18
2.044543442314330112e+18
-1.795435424122929152e+18
5.005684553466511360e+17
-1.042812426182983680e+18
-4.181892165565153280e+17
2.580262500943527936e+18
2.117935670814048256e+18
1.723463742668144640e+18
-2.050906046477631488e+18
-1.894047120948723712e+18
-1.497651824155426816e+18
9.775094332926197760e+17
-1.389246365682368512e+18
2.038387936004669440e+17
7.290286292913356800e+17
-8.314940833262469120e+17
5.483148038656491520e+17
3.952236564242759680e+17
-1.467734175040667648e+18
-1.724585754136412160e+18
-8.424844787890257920e+17
3.569731202606694400e+17
-1.609117735455817728e+18
-2.781392455650508800e+18
-3.268781872785653760e+17
1.562644176858775552e+18
-2.944683500780912640e+17
2.619390234743275520e+17
-1.999268592054435840e+17
-3.271486740249968640e+17
2.668051074866216960e+17
-1.073873125914968064e+18
-2.559055608212881408e+18
4.716384698698301440e+17
-2.038815607373168640e+17
2.647252447717752832e+18
-9.066957678156185600e+16
-1.128554867720192000e+15
6.762480419586703360e+17
-1.356739075968598016e+18
-3.927029268810301440e+17
9.033997196848005120e+17
1.648543832314216448e+18
1.825451859127566336e+18
3.704254866714001408e+18
3.028536187577958400e+16
1.678106582413475840e+17
1.974754636900335616e+18
3.897430505213132800e+17
-1.301176601458769920e+18
-1.693656109258113024e+18
1.081484000767246336e+18
-2.952347342544568320e+17
-6.829307169498726400e+17
-2.800528907787304960e+17
9.548573468136570880e+17
1.930925532292055040e+17
-2.051642890731388928e+18
8.913305710687682560e+17
6.363629934367211520e+17
3.108284270565654528e+18
5.586701835986534400e+16
-8.491114635565465600e+17
-3.103974428724166656e+18
-1.499144026622787584e+18
-1.787951836464939008e+18
-5.197622718077337600e+17
-1.277461743878012928e+18
6.076483619101081600e+17
-4.343459652441210880e+17
1.157008518948061184e+18
1.991346222903853056e+18
-5.237211058573148160e+17
-2.457702903150804992e+18
-4.560006950913310720e+17
-1.868136762757349376e+18
5.348057223413104640e+17
-1.161524561666113536e+18
-3.297054351981281280e+17
-3.391061065822371840e+17
5.773875315201802240e+17
2.655952462204108800e+16
2.855880432833003520e+17
1.933319986726567936e+18
8.901134036773109760e+17
-6.905238481010688000e+16
1.511987108984651776e+18
5.134385130105733120e+17
2.083315480201789440e+18
-3.865629757685104640e+17
6.526903130909573120e+17
-9.293939540576174080e+17
-1.634377173961801728e+18
1.132144662123905024e+18
2.008276704224608256e+18
-3.607707304528445440e+17
-1.953783571948765184e+18
-2.051775910666829824e+18
1.667143454582374400e+17
1.468876046857142272e+18
-7.494771973952634880e+17
1.186504026842202112e+18
6.604065904656384000e+17
8.623292858918502400e+17
2.915914903359324160e+17
-7.510066568919777280e+17
-1.588929094953730048e+18
-1.512893727054495744e+18
1.102099327049793536e+18
4.508108539738193920e+17
1.950325357731119104e+18
-2.562983415397744640e+18
1.931369404478521344e+18
9.951554513833820160e+17
1.840509398913384448e+18
1.557306859084316672e+18
3.077608023607214080e+17
-1.484177255539146752e+18
1.148633338928431104e+18
-3.362388236272926720e+18
3.385645979913945088e+18
1.956424536349999104e+18
-1.740494526264377344e+18
-4.204048461143736320e+17
1.623433700953817088e+18
-1.461453878171009024e+18
1.358449869554974720e+17
-1.121100267299799040e+18
-5.627156866028011520e+17
-3.370380615420477440e+17
-7.352855672431575040e+17
2.068876036501667840e+18
1.638718812066938880e+17
1.946509436860235776e+18
-1.250509293174652928e+18
-2.647100803302555648e+18
2.997209151622348800e+16
2.050593233305600000e+18
1.938768603276902400e+17
2.276003611618050048e+18
-3.220405829165383680e+17
4.041914374758072320e+17
-1.443367934213750784e+18
-3.729720022285680640e+17
-2.782830188101107712e+18
-1.881152104546959360e+17
8.533719842836971520e+17
-2.245437657574277120e+18
-1.810650065555947520e+17
5.067190448968171520e+17
-4.223705822737203200e+16
-8.660788502394306560e+17
1.630968104524972032e+18
1.166120758187917312e+18
-5.904063907527393280e+17
1.065749413177065472e+18
-6.937384841033809920e+17
4.002967548235612160e+17
-2.160030714538491904e+18
-4.250277364031815680e+17
-6.751200044164055040e+17
-5.905405271793991680e+17
1.321901962454630400e+16
6.645124568606310400e+17
2.040728377349898240e+18
6.664815670607216640e+17
-1.613234940554510336e+18
1.799843950756888576e+18
-1.722757551579201536e+18
-2.439003529185067008e+18
1.012493559149887488e+18
-2.104639711178915840e+17
-3.645749040345251840e+17
-1.244169676781518848e+18
-2.367569938412994560e+17
5.195840981303296000e+15
-2.671535848255651840e+17
1.990398477955235840e+18
1.232325313803845632e+18
2.259888981934080000e+15
1.499766449089019904e+18
-1.756234937058459648e+18
-1.312220415149473792e+18
-6.279600580298014720e+17
-9.609167036533964800e+16
4.422258779215626240e+17
-2.841745247845744640e+18
-1.716501078490480640e+17
1.679152030838423552e+18
-2.189743818318807040e+17
-2.014895703473520640e+17
1.380499884297158656e+18
3.222152200750891008e+18
2.152465141726183424e+18
-1.136373354312237056e+18
-5.924260894275010560e+17
3.203414279030046720e+17
1.980566015636930560e+17
1.820893193357492224e+18
-2.029161172116176896e+18
-3.606111382325428224e+18
2.417777899407933440e+17
-3.674828985199493120e+17
-6.327830450316247040e+17
-1.604991615538036736e+18
-6.708777050292879360e+17
-1.151176727829938176e+18
-1.654337469631430656e+18
4.555459191866654720e+17
-3.157857743289712640e+17
6.423933715281346560e+17
-1.047089205802434560e+18
2.485414715551907840e+17
-2.084310128709861376e+18
1.904573330413846528e+18
1.295455283157401600e+18
9.835946311050854400e+17
1.141010223218032640e+17
2.240109534838259712e+18
-3.576613818660290560e+17
-1.898985202152112128e+18
-1.542066115398598656e+18
2.231821586359386112e+18
-1.082610413942603776e+18
-1.752839264518799360e+18
8.832090439659028480e+17
1.900659366848102400e+17
-1.111755959920754688e+18
-4.265926389431009280e+17
-1.352679881640509440e+17
1.068022696886927360e+18
7.097740066218311680e+17
-1.690108747927519232e+18
-1.597198303567544320e+17
1.236304608368787456e+18
2.177505306827816960e+18
7.325465872087121920e+17
2.826350659396173824e+18
2.404639261908271104e+18
-2.129049156365320192e+18
-6.357394859879301120e+17
2.572622640028057600e+17
-1.117056374832889856e+18
2.091927175975403520e+18
2.037857517475725312e+18
2.728066869499002880e+17
-1.765312067314647040e+18
-3.126039602486312960e+17
-7.887497640017920000e+16
8.506497001712517120e+17
9.147003436301025280e+17
1.140096809167749120e+18
-2.162056830648320000e+16
6.235081696702627840e+17
-2.556879307590860800e+18
-2.977360365869858816e+18
-2.232659553151877120e+18
-2.256167972391354368e+18
-1.834168979480903680e+17
-1.571578360998395904e+18
2.253075384880857088e+18
-1.079967213739311104e+18
1.470427513732726784e+18
-1.237938365676912640e+17
-1.830203352709857280e+18
7.768206560156712960e+17
1.861153240809209856e+18
-3.512714056479801344e+18
1.840307313454350336e+18
2.654287836479488000e+18
4.178050827723735040e+17
-1.072147599928066048e+18
-4.827073987005644800e+16
-4.486722714442137600e+16
5.327394021918638080e+17
5.096850521377996800e+16
-5.263816128798392320e+17
2.665749650866176000e+17
2.609035540871249920e+17
-1.388212232717860864e+18
4.738052094164992000e+17
3.159381694742528000e+18
-5.310753211815034880e+17
1.029397220824186880e+17
1.137455380658388992e+18
-2.413030786526609408e+18
-1.743092334356070400e+18
1.057018624193069056e+18
-5.081640598000107520e+17
-3.326699674617774080e+17
3.883613143108157440e+17
8.698949630500536320e+17
1.715298299239464960e+17
-2.250845198584119296e+18
-5.407596020991262720e+17
-2.958923650574581760e+17
-2.967977239133552640e+17
-3.545158264146624512e+18
-7.324257384388362240e+17
1.425061083646787584e+18
2.955314114961866752e+18
4.576451265298432000e+17
6.387316342883614720e+17
-1.065257233715036160e+18
-1.369092950914498560e+18
7.057432590113832960e+17
9.210694789119344640e+17
-3.326727627808440320e+17
-8.539873930935009280e+17
-7.737801013628764160e+17
5.166629861824921600e+17
-8.923831891363102720e+17
7.889151069886873600e+16
2.457475985235247104e+18
4.942345975554375680e+17
9.720814965400535040e+17
-1.126300356255416320e+17
7.164366586684375040e+17
-1.222559127776002048e+18
6.373878747061288960e+17
1.250937450377773056e+18
2.937320381716889600e+17
-1.123770542931836928e+18
-4.518467748348559360e+17
-4.523517934902968320e+17
-2.027831588619812864e+18
1.556131813812862976e+18
-3.968206851853516800e+17
7.144428443533312000e+16
-5.044018148802560000e+17
2.794720972295372800e+17
-1.796215927985930240e+18
-8.723114720996884480e+17
-2.685782268869345280e+17
1.004613785220022272e+18
-1.315309000975187968e+18
-1.356808000865566720e+18
1.439719440714301440e+17
-1.564455983629991936e+18
6.663944847197470720e+17
2.439557501063004160e+17
-8.267830328609996800e+16
1.269228276891516928e+18
-1.950083242572906496e+18
-3.201212475957575680e+18
1.412973330742378496e+18
1.744566645801615360e+17
1.660451806951505920e+17
6.625637128921415680e+17
4.952501405005905920e+17
-1.614632763716009984e+18
-9.161180285490954240e+17
6.015197319570391040e+17
-2.239391218427494400e+18
1.025032879538700288e+18
2.064927074992259072e+18
1.633041848480038912e+18
1.978062869635268608e+18
2.348849622165749760e+17
2.348610164585660416e+18
-1.533273285670731776e+18
5.780909180122562560e+17
-1.136727032319705088e+18
-1.709331663261007872e+18
-8.891439872716308480e+17
4.541806702818754560e+17
-1.859193000018575360e+18
1.236730841535610880e+18
-1.950215148467650560e+18
1.576931016537276416e+18
-1.648294835112640512e+18
4.035890759168163840e+17
4.095679406830256128e+18
-2.177966046072274944e+18
-1.918923616030818304e+18
-5.910615975106969600e+16
-3.346704020663173120e+17
9.674023194213744640e+17
1.543998725716705280e+17
-3.049639894256189440e+17
-6.910502872924815360e+17
1.214835267500769280e+17
8.001203580730081280e+17
-1.435612568457576448e+18
-2.786894336606863360e+17
2.741324387591389184e+18
-6.766114432855572480e+17
-6.321603810238136320e+17
3.472268155944960000e+15
7.595228002883993600e+17
-1.214720888897798144e+18
-1.453890900223590400e+18
-1.218655436830408704e+18
2.075386240554762240e+17
1.786112904207007744e+18
1.261308223902711808e+18
-1.160141138842091520e+18
3.051747566719860736e+18
1.954159433831415808e+18
1.310972637190553600e+17
-8.323944666554695680e+17
4.705955085161594880e+17
-7.003452731595161600e+17
-2.889083778267873280e+17
9.778391167669370880e+17
-2.342922118674513920e+18
-9.614258198827499520e+17
-2.083667842363817984e+18
4.229323170198323200e+16
-6.914897657945128960e+17
7.322501441367572480e+17
-1.466184618284679168e+18
4.871017063419740160e+17
-1.271164321262469120e+18
-2.107340982222585856e+18
-2.821966333225205760e+17
2.792625212743483392e+18
1.005935947541381120e+17
1.279911864913887232e+18
3.167413300061274112e+18
1.073588460247318528e+18
-1.339828835408936960e+18
6.491573009084579840e+17
2.660441365166424064e+18
1.853029329580064768e+18
8.750013158292193280e+17
-2.317753493516976128e+18
3.995171442047057920e+17
2.369636740328587264e+18
-1.589186928584949760e+17
1.656494116457938944e+18
2.812733966971305984e+18
1.868066767809544192e+18
-8.473026322078105600e+17
-3.827261804136890368e+18
1.135461541991153664e+18
5.362417079146250240e+17
1.221989688126996480e+17
-2.004577434424311808e+18
-1.280935913865609216e+18
7.361897446978355200e+16
-1.105019708249210880e+17
-4.272604649514598400e+17
1.946655552813662208e+18
1.522650690697035776e+18
7.133220610947153920e+17
1.919211983010267136e+18
-1.905971300862525440e+17
9.581865982293442560e+17
3.648584256336166912e+18
3.043038941822320640e+18
3.001686116144250880e+17
1.176659654831767552e+18
1.789684816073981952e+18
3.191979176487813120e+17
1.105738629738659840e+17
6.363376523411456000e+17
8.900892803895132160e+17
-5.459774133984296960e+17
-2.651172475424997376e+18
1.089823910079234048e+18
9.005667345267425280e+17
1.536546000083091456e+18
1.994099805072130048e+18
9.126289762313830400e+17
-2.364625860301946880e+18
1.241813510590038016e+18
7.805363193978552320e+17
2.124719725672923136e+18
-7.507013252509859840e+17
1.156361274389430272e+18
-5.093076236951879680e+17
-1.370289906781257728e+18
-2.731192079139995648e+18
7.082246796549816320e+17
-1.866552306942607360e+18
1.291159691765743616e+18
1.702319903127633920e+17
1.041496245354364928e+18
-8.043997677811138560e+17
-1.543847720605712384e+18
-5.760471569310679040e+17
-1.613589594677182464e+18
5.096513972102758400e+16
-1.462075216191553536e+18
-7.572447227575009280e+17
-1.293080628639563776e+18
2.478482280645918720e+17
-2.571355922379046912e+18
7.985579455152128000e+17
-2.046972282579976192e+18
-9.321111659562926080e+17
3.357911472171646976e+18
-1.632417825584840704e+18
-1.005421117931782144e+18
1.085988285777444864e+18
2.082539032763432960e+18
-7.994368610963292160e+17
-7.876610113258127360e+17
2.968147952675061760e+17
7.807628950288465920e+17
-2.803050387458752512e+18
1.599070997694185472e+18
-5.098028624867491840e+17
3.347806208173015040e+17
