1.000000000000000000e+03
2.000000000000000000e+03
3.000000000000000000e+03
4.000000000000000000e+03
5.000000000000000000e+03
6.000000000000000000e+03
7.000000000000000000e+03
8.000000000000000000e+03
9.000000000000000000e+03
1.000000000000000000e+04
1.100000000000000000e+04
1.200000000000000000e+04
1.300000000000000000e+04
1.400000000000000000e+04
1.500000000000000000e+04
1.600000000000000000e+04
1.700000000000000000e+04
1.800000000000000000e+04
1.900000000000000000e+04
2.000000000000000000e+04
2.100000000000000000e+04
2.200000000000000000e+04
2.300000000000000000e+04
2.400000000000000000e+04
2.500000000000000000e+04
2.600000000000000000e+04
2.700000000000000000e+04
2.800000000000000000e+04
2.900000000000000000e+04
3.000000000000000000e+04
3.100000000000000000e+04
3.200000000000000000e+04
3.300000000000000000e+04
3.400000000000000000e+04
3.500000000000000000e+04
3.600000000000000000e+04
3.700000000000000000e+04
3.800000000000000000e+04
3.900000000000000000e+04
4.000000000000000000e+04
4.100000000000000000e+04
4.200000000000000000e+04
4.300000000000000000e+04
4.400000000000000000e+04
4.500000000000000000e+04
4.600000000000000000e+04
4.700000000000000000e+04
4.800000000000000000e+04
4.900000000000000000e+04
5.000000000000000000e+04
5.100000000000000000e+04
5.200000000000000000e+04
5.300000000000000000e+04
5.400000000000000000e+04
5.500000000000000000e+04
5.600000000000000000e+04
5.700000000000000000e+04
5.800000000000000000e+04
5.900000000000000000e+04
6.000000000000000000e+04
6.100000000000000000e+04
6.200000000000000000e+04
6.300000000000000000e+04
6.400000000000000000e+04
6.500000000000000000e+04
6.600000000000000000e+04
6.700000000000000000e+04
6.800000000000000000e+04
6.900000000000000000e+04
7.000000000000000000e+04
7.100000000000000000e+04
7.200000000000000000e+04
7.300000000000000000e+04
7.400000000000000000e+04
7.500000000000000000e+04
7.600000000000000000e+04
7.700000000000000000e+04
7.800000000000000000e+04
7.900000000000000000e+04
8.000000000000000000e+04
8.100000000000000000e+04
8.200000000000000000e+04
8.300000000000000000e+04
8.400000000000000000e+04
8.500000000000000000e+04
8.600000000000000000e+04
8.700000000000000000e+04
8.800000000000000000e+04
8.900000000000000000e+04
9.000000000000000000e+04
9.100000000000000000e+04
9.200000000000000000e+04
9.300000000000000000e+04
9.400000000000000000e+04
9.500000000000000000e+04
9.600000000000000000e+04
9.700000000000000000e+04
9.800000000000000000e+04
9.900000000000000000e+04
1.000000000000000000e+05
1.010000000000000000e+05
1.020000000000000000e+05
1.030000000000000000e+05
1.040000000000000000e+05
1.050000000000000000e+05
1.060000000000000000e+05
1.070000000000000000e+05
1.080000000000000000e+05
1.090000000000000000e+05
1.100000000000000000e+05
1.110000000000000000e+05
1.120000000000000000e+05
1.130000000000000000e+05
1.140000000000000000e+05
1.150000000000000000e+05
1.160000000000000000e+05
1.170000000000000000e+05
1.180000000000000000e+05
1.190000000000000000e+05
1.200000000000000000e+05
1.210000000000000000e+05
1.220000000000000000e+05
1.230000000000000000e+05
1.240000000000000000e+05
1.250000000000000000e+05
1.260000000000000000e+05
1.270000000000000000e+05
1.280000000000000000e+05
1.290000000000000000e+05
1.300000000000000000e+05
1.310000000000000000e+05
1.320000000000000000e+05
1.330000000000000000e+05
1.340000000000000000e+05
1.350000000000000000e+05
1.360000000000000000e+05
1.370000000000000000e+05
1.380000000000000000e+05
1.390000000000000000e+05
1.400000000000000000e+05
1.410000000000000000e+05
1.420000000000000000e+05
1.430000000000000000e+05
1.440000000000000000e+05
1.450000000000000000e+05
1.460000000000000000e+05
1.470000000000000000e+05
1.480000000000000000e+05
1.490000000000000000e+05
1.500000000000000000e+05
1.510000000000000000e+05
1.520000000000000000e+05
1.530000000000000000e+05
1.540000000000000000e+05
1.550000000000000000e+05
1.560000000000000000e+05
1.570000000000000000e+05
1.580000000000000000e+05
1.590000000000000000e+05
1.600000000000000000e+05
1.610000000000000000e+05
1.620000000000000000e+05
1.630000000000000000e+05
1.640000000000000000e+05
1.650000000000000000e+05
1.660000000000000000e+05
1.670000000000000000e+05
1.680000000000000000e+05
1.690000000000000000e+05
1.700000000000000000e+05
1.710000000000000000e+05
1.720000000000000000e+05
1.730000000000000000e+05
1.740000000000000000e+05
1.750000000000000000e+05
1.760000000000000000e+05
1.770000000000000000e+05
1.780000000000000000e+05
1.790000000000000000e+05
1.800000000000000000e+05
1.810000000000000000e+05
1.820000000000000000e+05
1.830000000000000000e+05
1.840000000000000000e+05
1.850000000000000000e+05
1.860000000000000000e+05
1.870000000000000000e+05
1.880000000000000000e+05
1.890000000000000000e+05
1.900000000000000000e+05
1.910000000000000000e+05
1.920000000000000000e+05
1.930000000000000000e+05
1.940000000000000000e+05
1.950000000000000000e+05
1.960000000000000000e+05
1.970000000000000000e+05
1.980000000000000000e+05
1.990000000000000000e+05
2.000000000000000000e+05
2.010000000000000000e+05
2.020000000000000000e+05
2.030000000000000000e+05
2.040000000000000000e+05
2.050000000000000000e+05
2.060000000000000000e+05
2.070000000000000000e+05
2.080000000000000000e+05
2.090000000000000000e+05
2.100000000000000000e+05
2.110000000000000000e+05
2.120000000000000000e+05
2.130000000000000000e+05
2.140000000000000000e+05
2.150000000000000000e+05
2.160000000000000000e+05
2.170000000000000000e+05
2.180000000000000000e+05
2.190000000000000000e+05
2.200000000000000000e+05
2.210000000000000000e+05
2.220000000000000000e+05
2.230000000000000000e+05
2.240000000000000000e+05
2.250000000000000000e+05
2.260000000000000000e+05
2.270000000000000000e+05
2.280000000000000000e+05
2.290000000000000000e+05
2.300000000000000000e+05
2.310000000000000000e+05
2.320000000000000000e+05
2.330000000000000000e+05
2.340000000000000000e+05
2.350000000000000000e+05
2.360000000000000000e+05
2.370000000000000000e+05
2.380000000000000000e+05
2.390000000000000000e+05
2.400000000000000000e+05
2.410000000000000000e+05
2.420000000000000000e+05
2.430000000000000000e+05
2.440000000000000000e+05
2.450000000000000000e+05
2.460000000000000000e+05
2.470000000000000000e+05
2.480000000000000000e+05
2.490000000000000000e+05
2.500000000000000000e+05
2.510000000000000000e+05
2.520000000000000000e+05
2.530000000000000000e+05
2.540000000000000000e+05
2.550000000000000000e+05
2.560000000000000000e+05
2.570000000000000000e+05
2.580000000000000000e+05
2.590000000000000000e+05
2.600000000000000000e+05
2.610000000000000000e+05
2.620000000000000000e+05
2.630000000000000000e+05
2.640000000000000000e+05
2.650000000000000000e+05
2.660000000000000000e+05
2.670000000000000000e+05
2.680000000000000000e+05
2.690000000000000000e+05
2.700000000000000000e+05
2.710000000000000000e+05
2.720000000000000000e+05
2.730000000000000000e+05
2.740000000000000000e+05
2.750000000000000000e+05
2.760000000000000000e+05
2.770000000000000000e+05
2.780000000000000000e+05
2.790000000000000000e+05
2.800000000000000000e+05
2.810000000000000000e+05
2.820000000000000000e+05
2.830000000000000000e+05
2.840000000000000000e+05
2.850000000000000000e+05
2.860000000000000000e+05
2.870000000000000000e+05
2.880000000000000000e+05
2.890000000000000000e+05
2.900000000000000000e+05
2.910000000000000000e+05
2.920000000000000000e+05
2.930000000000000000e+05
2.940000000000000000e+05
2.950000000000000000e+05
2.960000000000000000e+05
2.970000000000000000e+05
2.980000000000000000e+05
2.990000000000000000e+05
3.000000000000000000e+05
3.010000000000000000e+05
3.020000000000000000e+05
3.030000000000000000e+05
3.040000000000000000e+05
3.050000000000000000e+05
3.060000000000000000e+05
3.070000000000000000e+05
3.080000000000000000e+05
3.090000000000000000e+05
3.100000000000000000e+05
3.110000000000000000e+05
3.120000000000000000e+05
3.130000000000000000e+05
3.140000000000000000e+05
3.150000000000000000e+05
3.160000000000000000e+05
3.170000000000000000e+05
3.180000000000000000e+05
3.190000000000000000e+05
3.200000000000000000e+05
3.210000000000000000e+05
3.220000000000000000e+05
3.230000000000000000e+05
3.240000000000000000e+05
3.250000000000000000e+05
3.260000000000000000e+05
3.270000000000000000e+05
3.280000000000000000e+05
3.290000000000000000e+05
3.300000000000000000e+05
3.310000000000000000e+05
3.320000000000000000e+05
3.330000000000000000e+05
3.340000000000000000e+05
3.350000000000000000e+05
3.360000000000000000e+05
3.370000000000000000e+05
3.380000000000000000e+05
3.390000000000000000e+05
3.400000000000000000e+05
3.410000000000000000e+05
3.420000000000000000e+05
3.430000000000000000e+05
3.440000000000000000e+05
3.450000000000000000e+05
3.460000000000000000e+05
3.470000000000000000e+05
3.480000000000000000e+05
3.490000000000000000e+05
3.500000000000000000e+05
3.510000000000000000e+05
3.520000000000000000e+05
3.530000000000000000e+05
3.540000000000000000e+05
3.550000000000000000e+05
3.560000000000000000e+05
3.570000000000000000e+05
3.580000000000000000e+05
3.590000000000000000e+05
3.600000000000000000e+05
3.610000000000000000e+05
3.620000000000000000e+05
3.630000000000000000e+05
3.640000000000000000e+05
3.650000000000000000e+05
3.660000000000000000e+05
3.670000000000000000e+05
3.680000000000000000e+05
3.690000000000000000e+05
3.700000000000000000e+05
3.710000000000000000e+05
3.720000000000000000e+05
3.730000000000000000e+05
3.740000000000000000e+05
3.750000000000000000e+05
3.760000000000000000e+05
3.770000000000000000e+05
3.780000000000000000e+05
3.790000000000000000e+05
3.800000000000000000e+05
3.810000000000000000e+05
3.820000000000000000e+05
3.830000000000000000e+05
3.840000000000000000e+05
3.850000000000000000e+05
3.860000000000000000e+05
3.870000000000000000e+05
3.880000000000000000e+05
3.890000000000000000e+05
3.900000000000000000e+05
3.910000000000000000e+05
3.920000000000000000e+05
3.930000000000000000e+05
3.940000000000000000e+05
3.950000000000000000e+05
3.960000000000000000e+05
3.970000000000000000e+05
3.980000000000000000e+05
3.990000000000000000e+05
4.000000000000000000e+05
4.010000000000000000e+05
4.020000000000000000e+05
4.030000000000000000e+05
4.040000000000000000e+05
4.050000000000000000e+05
4.060000000000000000e+05
4.070000000000000000e+05
4.080000000000000000e+05
4.090000000000000000e+05
4.100000000000000000e+05
4.110000000000000000e+05
4.120000000000000000e+05
4.130000000000000000e+05
4.140000000000000000e+05
4.150000000000000000e+05
4.160000000000000000e+05
4.170000000000000000e+05
4.180000000000000000e+05
4.190000000000000000e+05
4.200000000000000000e+05
4.210000000000000000e+05
4.220000000000000000e+05
4.230000000000000000e+05
4.240000000000000000e+05
4.250000000000000000e+05
4.260000000000000000e+05
4.270000000000000000e+05
4.280000000000000000e+05
4.290000000000000000e+05
4.300000000000000000e+05
4.310000000000000000e+05
4.320000000000000000e+05
4.330000000000000000e+05
4.340000000000000000e+05
4.350000000000000000e+05
4.360000000000000000e+05
4.370000000000000000e+05
4.380000000000000000e+05
4.390000000000000000e+05
4.400000000000000000e+05
4.410000000000000000e+05
4.420000000000000000e+05
4.430000000000000000e+05
4.440000000000000000e+05
4.450000000000000000e+05
4.460000000000000000e+05
4.470000000000000000e+05
4.480000000000000000e+05
4.490000000000000000e+05
4.500000000000000000e+05
4.510000000000000000e+05
4.520000000000000000e+05
4.530000000000000000e+05
4.540000000000000000e+05
4.550000000000000000e+05
4.560000000000000000e+05
4.570000000000000000e+05
4.580000000000000000e+05
4.590000000000000000e+05
4.600000000000000000e+05
4.610000000000000000e+05
4.620000000000000000e+05
4.630000000000000000e+05
4.640000000000000000e+05
4.650000000000000000e+05
4.660000000000000000e+05
4.670000000000000000e+05
4.680000000000000000e+05
4.690000000000000000e+05
4.700000000000000000e+05
4.710000000000000000e+05
4.720000000000000000e+05
4.730000000000000000e+05
4.740000000000000000e+05
4.750000000000000000e+05
4.760000000000000000e+05
4.770000000000000000e+05
4.780000000000000000e+05
4.790000000000000000e+05
4.800000000000000000e+05
4.810000000000000000e+05
4.820000000000000000e+05
4.830000000000000000e+05
4.840000000000000000e+05
4.850000000000000000e+05
4.860000000000000000e+05
4.870000000000000000e+05
4.880000000000000000e+05
4.890000000000000000e+05
4.900000000000000000e+05
4.910000000000000000e+05
4.920000000000000000e+05
4.930000000000000000e+05
4.940000000000000000e+05
4.950000000000000000e+05
4.960000000000000000e+05
4.970000000000000000e+05
4.980000000000000000e+05
4.990000000000000000e+05
5.000000000000000000e+05
5.010000000000000000e+05
5.020000000000000000e+05
5.030000000000000000e+05
5.040000000000000000e+05
5.050000000000000000e+05
5.060000000000000000e+05
5.070000000000000000e+05
5.080000000000000000e+05
5.090000000000000000e+05
5.100000000000000000e+05
5.110000000000000000e+05
5.120000000000000000e+05
5.130000000000000000e+05
5.140000000000000000e+05
5.150000000000000000e+05
5.160000000000000000e+05
5.170000000000000000e+05
5.180000000000000000e+05
5.190000000000000000e+05
5.200000000000000000e+05
5.210000000000000000e+05
5.220000000000000000e+05
5.230000000000000000e+05
5.240000000000000000e+05
5.250000000000000000e+05
5.260000000000000000e+05
5.270000000000000000e+05
5.280000000000000000e+05
5.290000000000000000e+05
5.300000000000000000e+05
5.310000000000000000e+05
5.320000000000000000e+05
5.330000000000000000e+05
5.340000000000000000e+05
5.350000000000000000e+05
5.360000000000000000e+05
5.370000000000000000e+05
5.380000000000000000e+05
5.390000000000000000e+05
5.400000000000000000e+05
5.410000000000000000e+05
5.420000000000000000e+05
5.430000000000000000e+05
5.440000000000000000e+05
5.450000000000000000e+05
5.460000000000000000e+05
5.470000000000000000e+05
5.480000000000000000e+05
5.490000000000000000e+05
5.500000000000000000e+05
5.510000000000000000e+05
5.520000000000000000e+05
5.530000000000000000e+05
5.540000000000000000e+05
5.550000000000000000e+05
5.560000000000000000e+05
5.570000000000000000e+05
5.580000000000000000e+05
5.590000000000000000e+05
5.600000000000000000e+05
5.610000000000000000e+05
5.620000000000000000e+05
5.630000000000000000e+05
5.640000000000000000e+05
5.650000000000000000e+05
5.660000000000000000e+05
5.670000000000000000e+05
5.680000000000000000e+05
5.690000000000000000e+05
5.700000000000000000e+05
5.710000000000000000e+05
5.720000000000000000e+05
5.730000000000000000e+05
5.740000000000000000e+05
5.750000000000000000e+05
5.760000000000000000e+05
5.770000000000000000e+05
5.780000000000000000e+05
5.790000000000000000e+05
5.800000000000000000e+05
5.810000000000000000e+05
5.820000000000000000e+05
5.830000000000000000e+05
5.840000000000000000e+05
5.850000000000000000e+05
5.860000000000000000e+05
5.870000000000000000e+05
5.880000000000000000e+05
5.890000000000000000e+05
5.900000000000000000e+05
5.910000000000000000e+05
5.920000000000000000e+05
5.930000000000000000e+05
5.940000000000000000e+05
5.950000000000000000e+05
5.960000000000000000e+05
5.970000000000000000e+05
5.980000000000000000e+05
5.990000000000000000e+05
6.000000000000000000e+05
6.010000000000000000e+05
6.020000000000000000e+05
6.030000000000000000e+05
6.040000000000000000e+05
6.050000000000000000e+05
6.060000000000000000e+05
6.070000000000000000e+05
6.080000000000000000e+05
6.090000000000000000e+05
6.100000000000000000e+05
6.110000000000000000e+05
6.120000000000000000e+05
6.130000000000000000e+05
6.140000000000000000e+05
6.150000000000000000e+05
6.160000000000000000e+05
6.170000000000000000e+05
6.180000000000000000e+05
6.190000000000000000e+05
6.200000000000000000e+05
6.210000000000000000e+05
6.220000000000000000e+05
6.230000000000000000e+05
6.240000000000000000e+05
6.250000000000000000e+05
6.260000000000000000e+05
6.270000000000000000e+05
6.280000000000000000e+05
6.290000000000000000e+05
6.300000000000000000e+05
6.310000000000000000e+05
6.320000000000000000e+05
6.330000000000000000e+05
6.340000000000000000e+05
6.350000000000000000e+05
6.360000000000000000e+05
6.370000000000000000e+05
6.380000000000000000e+05
6.390000000000000000e+05
6.400000000000000000e+05
6.410000000000000000e+05
6.420000000000000000e+05
6.430000000000000000e+05
6.440000000000000000e+05
6.450000000000000000e+05
6.460000000000000000e+05
6.470000000000000000e+05
6.480000000000000000e+05
6.490000000000000000e+05
6.500000000000000000e+05
6.510000000000000000e+05
6.520000000000000000e+05
6.530000000000000000e+05
6.540000000000000000e+05
6.550000000000000000e+05
6.560000000000000000e+05
6.570000000000000000e+05
6.580000000000000000e+05
6.590000000000000000e+05
6.600000000000000000e+05
6.610000000000000000e+05
6.620000000000000000e+05
6.630000000000000000e+05
6.640000000000000000e+05
6.650000000000000000e+05
6.660000000000000000e+05
6.670000000000000000e+05
6.680000000000000000e+05
6.690000000000000000e+05
6.700000000000000000e+05
6.710000000000000000e+05
6.720000000000000000e+05
6.730000000000000000e+05
6.740000000000000000e+05
6.750000000000000000e+05
6.760000000000000000e+05
6.770000000000000000e+05
6.780000000000000000e+05
6.790000000000000000e+05
6.800000000000000000e+05
6.810000000000000000e+05
6.820000000000000000e+05
6.830000000000000000e+05
6.840000000000000000e+05
6.850000000000000000e+05
6.860000000000000000e+05
6.870000000000000000e+05
6.880000000000000000e+05
6.890000000000000000e+05
6.900000000000000000e+05
6.910000000000000000e+05
6.920000000000000000e+05
6.930000000000000000e+05
6.940000000000000000e+05
6.950000000000000000e+05
6.960000000000000000e+05
6.970000000000000000e+05
6.980000000000000000e+05
6.990000000000000000e+05
7.000000000000000000e+05
7.010000000000000000e+05
7.020000000000000000e+05
7.030000000000000000e+05
7.040000000000000000e+05
7.050000000000000000e+05
7.060000000000000000e+05
7.070000000000000000e+05
7.080000000000000000e+05
7.090000000000000000e+05
7.100000000000000000e+05
7.110000000000000000e+05
7.120000000000000000e+05
7.130000000000000000e+05
7.140000000000000000e+05
7.150000000000000000e+05
7.160000000000000000e+05
7.170000000000000000e+05
7.180000000000000000e+05
7.190000000000000000e+05
7.200000000000000000e+05
7.210000000000000000e+05
7.220000000000000000e+05
7.230000000000000000e+05
7.240000000000000000e+05
7.250000000000000000e+05
7.260000000000000000e+05
7.270000000000000000e+05
7.280000000000000000e+05
7.290000000000000000e+05
7.300000000000000000e+05
7.310000000000000000e+05
7.320000000000000000e+05
7.330000000000000000e+05
7.340000000000000000e+05
7.350000000000000000e+05
7.360000000000000000e+05
7.370000000000000000e+05
7.380000000000000000e+05
7.390000000000000000e+05
7.400000000000000000e+05
7.410000000000000000e+05
7.420000000000000000e+05
7.430000000000000000e+05
7.440000000000000000e+05
7.450000000000000000e+05
7.460000000000000000e+05
7.470000000000000000e+05
7.480000000000000000e+05
7.490000000000000000e+05
7.500000000000000000e+05
7.510000000000000000e+05
7.520000000000000000e+05
7.530000000000000000e+05
7.540000000000000000e+05
7.550000000000000000e+05
7.560000000000000000e+05
7.570000000000000000e+05
7.580000000000000000e+05
7.590000000000000000e+05
7.600000000000000000e+05
7.610000000000000000e+05
7.620000000000000000e+05
7.630000000000000000e+05
7.640000000000000000e+05
7.650000000000000000e+05
7.660000000000000000e+05
7.670000000000000000e+05
7.680000000000000000e+05
7.690000000000000000e+05
7.700000000000000000e+05
7.710000000000000000e+05
7.720000000000000000e+05
7.730000000000000000e+05
7.740000000000000000e+05
7.750000000000000000e+05
7.760000000000000000e+05
7.770000000000000000e+05
7.780000000000000000e+05
7.790000000000000000e+05
7.800000000000000000e+05
7.810000000000000000e+05
7.820000000000000000e+05
7.830000000000000000e+05
7.840000000000000000e+05
7.850000000000000000e+05
7.860000000000000000e+05
7.870000000000000000e+05
7.880000000000000000e+05
7.890000000000000000e+05
7.900000000000000000e+05
7.910000000000000000e+05
7.920000000000000000e+05
7.930000000000000000e+05
7.940000000000000000e+05
7.950000000000000000e+05
7.960000000000000000e+05
7.970000000000000000e+05
7.980000000000000000e+05
7.990000000000000000e+05
8.000000000000000000e+05
8.010000000000000000e+05
8.020000000000000000e+05
8.030000000000000000e+05
8.040000000000000000e+05
8.050000000000000000e+05
8.060000000000000000e+05
8.070000000000000000e+05
8.080000000000000000e+05
8.090000000000000000e+05
8.100000000000000000e+05
8.110000000000000000e+05
8.120000000000000000e+05
8.130000000000000000e+05
8.140000000000000000e+05
8.150000000000000000e+05
8.160000000000000000e+05
8.170000000000000000e+05
8.180000000000000000e+05
8.190000000000000000e+05
8.200000000000000000e+05
8.210000000000000000e+05
8.220000000000000000e+05
8.230000000000000000e+05
8.240000000000000000e+05
8.250000000000000000e+05
8.260000000000000000e+05
8.270000000000000000e+05
8.280000000000000000e+05
8.290000000000000000e+05
8.300000000000000000e+05
8.310000000000000000e+05
8.320000000000000000e+05
8.330000000000000000e+05
8.340000000000000000e+05
8.350000000000000000e+05
8.360000000000000000e+05
8.370000000000000000e+05
8.380000000000000000e+05
8.390000000000000000e+05
8.400000000000000000e+05
8.410000000000000000e+05
8.420000000000000000e+05
8.430000000000000000e+05
8.440000000000000000e+05
8.450000000000000000e+05
8.460000000000000000e+05
8.470000000000000000e+05
8.480000000000000000e+05
8.490000000000000000e+05
8.500000000000000000e+05
8.510000000000000000e+05
8.520000000000000000e+05
8.530000000000000000e+05
8.540000000000000000e+05
8.550000000000000000e+05
8.560000000000000000e+05
8.570000000000000000e+05
8.580000000000000000e+05
8.590000000000000000e+05
8.600000000000000000e+05
8.610000000000000000e+05
8.620000000000000000e+05
8.630000000000000000e+05
8.640000000000000000e+05
8.650000000000000000e+05
8.660000000000000000e+05
8.670000000000000000e+05
8.680000000000000000e+05
8.690000000000000000e+05
8.700000000000000000e+05
8.710000000000000000e+05
8.720000000000000000e+05
8.730000000000000000e+05
8.740000000000000000e+05
8.750000000000000000e+05
8.760000000000000000e+05
8.770000000000000000e+05
8.780000000000000000e+05
8.790000000000000000e+05
8.800000000000000000e+05
8.810000000000000000e+05
8.820000000000000000e+05
8.830000000000000000e+05
8.840000000000000000e+05
8.850000000000000000e+05
8.860000000000000000e+05
8.870000000000000000e+05
8.880000000000000000e+05
8.890000000000000000e+05
8.900000000000000000e+05
8.910000000000000000e+05
8.920000000000000000e+05
8.930000000000000000e+05
8.940000000000000000e+05
8.950000000000000000e+05
8.960000000000000000e+05
8.970000000000000000e+05
8.980000000000000000e+05
8.990000000000000000e+05
9.000000000000000000e+05
9.010000000000000000e+05
9.020000000000000000e+05
9.030000000000000000e+05
9.040000000000000000e+05
9.050000000000000000e+05
9.060000000000000000e+05
9.070000000000000000e+05
9.080000000000000000e+05
9.090000000000000000e+05
9.100000000000000000e+05
9.110000000000000000e+05
9.120000000000000000e+05
9.130000000000000000e+05
9.140000000000000000e+05
9.150000000000000000e+05
9.160000000000000000e+05
9.170000000000000000e+05
9.180000000000000000e+05
9.190000000000000000e+05
9.200000000000000000e+05
9.210000000000000000e+05
9.220000000000000000e+05
9.230000000000000000e+05
9.240000000000000000e+05
9.250000000000000000e+05
9.260000000000000000e+05
9.270000000000000000e+05
9.280000000000000000e+05
9.290000000000000000e+05
9.300000000000000000e+05
9.310000000000000000e+05
9.320000000000000000e+05
9.330000000000000000e+05
9.340000000000000000e+05
9.350000000000000000e+05
9.360000000000000000e+05
9.370000000000000000e+05
9.380000000000000000e+05
9.390000000000000000e+05
9.400000000000000000e+05
9.410000000000000000e+05
9.420000000000000000e+05
9.430000000000000000e+05
9.440000000000000000e+05
9.450000000000000000e+05
9.460000000000000000e+05
9.470000000000000000e+05
9.480000000000000000e+05
9.490000000000000000e+05
9.500000000000000000e+05
9.510000000000000000e+05
9.520000000000000000e+05
9.530000000000000000e+05
9.540000000000000000e+05
9.550000000000000000e+05
9.560000000000000000e+05
9.570000000000000000e+05
9.580000000000000000e+05
9.590000000000000000e+05
9.600000000000000000e+05
9.610000000000000000e+05
9.620000000000000000e+05
9.630000000000000000e+05
9.640000000000000000e+05
9.650000000000000000e+05
9.660000000000000000e+05
9.670000000000000000e+05
9.680000000000000000e+05
9.690000000000000000e+05
9.700000000000000000e+05
9.710000000000000000e+05
9.720000000000000000e+05
9.730000000000000000e+05
9.740000000000000000e+05
9.750000000000000000e+05
9.760000000000000000e+05
9.770000000000000000e+05
9.780000000000000000e+05
9.790000000000000000e+05
9.800000000000000000e+05
9.810000000000000000e+05
9.820000000000000000e+05
9.830000000000000000e+05
9.840000000000000000e+05
9.850000000000000000e+05
9.860000000000000000e+05
9.870000000000000000e+05
9.880000000000000000e+05
9.890000000000000000e+05
9.900000000000000000e+05
9.910000000000000000e+05
9.920000000000000000e+05
9.930000000000000000e+05
9.940000000000000000e+05
9.950000000000000000e+05
9.960000000000000000e+05
9.970000000000000000e+05
9.980000000000000000e+05
9.990000000000000000e+05
0.000000000000000000e+00
9.445319031358207031e+12
2.490129787230424219e+13
4.290907966178225000e+13
5.758700338013221875e+13
6.218976126727200781e+13
5.123502316672679688e+13
2.246021761868582422e+13
-2.213291035344113672e+13
-7.650010797930114062e+13
-1.320235650391691562e+14
-1.797362382883991562e+14
-2.125045761847900938e+14
-2.264095833170722812e+14
-2.209669126956394688e+14
-1.984723692517984375e+14
-1.631379182653654062e+14
-1.203897571091583594e+14
-7.629417848576435938e+13
-3.700579297112736719e+13
-8.121138765387316406e+12
6.097925443968300781e+12
3.517288524588905762e+12
-1.533589476774510938e+13
-4.737579631792415625e+13
-8.778384819042212500e+13
-1.311866346772251250e+14
-1.726416566172771562e+14
-2.082482625807081250e+14
-2.355101891682051250e+14
-2.535442576461981250e+14
-2.630884300550967500e+14
-2.662101551794700938e+14
-2.658024027015767188e+14
-2.649901709495865938e+14
-2.664774771086750625e+14
-2.720133399230945625e+14
-2.821453328305415625e+14
-2.962479502883795625e+14
-3.127575258338375625e+14
-3.294851632499495625e+14
-3.439742278149965625e+14
-3.538901125139660625e+14
-3.573548707848082500e+14
-3.531473083999599375e+14
-3.407791263793059375e+14
-3.205410762494559375e+14
-2.936403322336179375e+14
-2.623999471611189062e+14
-2.302548409991649062e+14
-2.013829772056209375e+14
-1.798975725980859688e+14
-1.687731702197661562e+14
-1.690039511447676562e+14
-1.793237937812499375e+14
-1.966783928258259375e+14
-2.173463064922209375e+14
-2.382285868498719062e+14
-2.577135841043679062e+14
-2.756688040883589375e+14
-2.926956700349079375e+14
-3.092617455676539375e+14
-3.251997910327989375e+14
-3.397249240973769375e+14
-3.518151499408089375e+14
-3.605835549211626250e+14
-3.654358971049608125e+14
-3.660659579783583125e+14
-3.624339607480107500e+14
-3.547724320990401875e+14
-3.435402747408681875e+14
-3.293422614825381875e+14
-3.129200665154541875e+14
-2.953187698884801875e+14
-2.781637722462921875e+14
-2.637965020285012188e+14
-2.550606767274640312e+14
-2.547361555040557188e+14
-2.648992060471966250e+14
-2.864333692797526250e+14
-3.187807730136136250e+14
-3.599291529213466250e+14
-4.066169500357906250e+14
-4.547418093610426875e+14
-5.000492988259127500e+14
-5.389819519656438125e+14
-5.693006096376588750e+14
-5.902458546179538750e+14
-6.022852736732538750e+14
-6.066915768462655000e+14
-6.051558749457445000e+14
-5.995129634013138750e+14
-5.914931126661138750e+14
-5.825409735688518750e+14
-5.737452007321488750e+14
-5.658654401108421250e+14
-5.593815196212783125e+14
-5.544650475604560000e+14
-5.509309552268408750e+14
-5.483082345341610000e+14
-5.460836285354970000e+14
-5.440648139432898125e+14
-5.426738554598205000e+14
-5.429525634016193750e+14
-5.463405542047526875e+14
-5.543953212995190000e+14
-5.685172902344340000e+14
-5.896309358800080000e+14
-6.177718947315000000e+14
-6.516347617371750000e+14
-6.883278198728760000e+14
-7.235945580468540000e+14
-7.525792559561910000e+14
-7.709630974644450000e+14
-7.760580355043657500e+14
-7.673568052597175000e+14
-7.463265981535355000e+14
-7.156977845573105000e+14
-6.785958922358765000e+14
-6.378098289110165000e+14
-5.952345196069626250e+14
-5.515015699981026250e+14
-5.060492009576915625e+14
-4.578121015225205625e+14
-4.064948694857046250e+14
-3.539201501567166250e+14
-3.045943690986575625e+14
-2.650001207022635625e+14
-2.417374968058925938e+14
-2.392350542026175938e+14
-2.579330862464075938e+14
-2.937577116515016250e+14
-3.391675012708536875e+14
-3.852000944775516875e+14
-4.237090787134236875e+14
-4.490034418440966875e+14
-4.585752887552340625e+14
-4.530517299624864375e+14
-4.355851762393854375e+14
-4.109397529545144375e+14
-3.844464236818013750e+14
-3.609299201320103750e+14
-3.437519529769673750e+14
-3.342348101496443750e+14
-3.317280043417940000e+14
-3.343276861309326875e+14
-3.399071613194830000e+14
-3.469838448993286250e+14
-3.551772086075050000e+14
-3.652705795615990000e+14
-3.789237081459640000e+14
-3.980713254927520000e+14
-4.240076083998070000e+14
-4.564424852843860000e+14
-4.930601278171750000e+14
-5.297893817393800000e+14
-5.616543099878560625e+14
-5.837707224067240000e+14
-5.922210148699008750e+14
-5.847888631320477500e+14
-5.614533770865867500e+14
-5.245031761223397500e+14
-4.781305068384147500e+14
-4.275649506633357500e+14
-3.780386270507247500e+14
-3.340135499816487500e+14
-2.990442737492098125e+14
-2.760109554061078125e+14
-2.670489473255391875e+14
-2.728554527162865938e+14
-2.917493678399806250e+14
-3.194087190718126250e+14
-3.497572120388626250e+14
-3.766514875621636250e+14
-3.956106700455586250e+14
-4.048949799275881250e+14
-4.056077032755604375e+14
-4.008580728074569375e+14
-3.943481317748671250e+14
-3.888764316235102500e+14
-3.852901778597959375e+14
-3.822760385393161250e+14
-3.770780829092473125e+14
-3.669666375907053750e+14
-3.507754067647203750e+14
-3.296425485005853750e+14
-3.065474844040353750e+14
-2.849248567252443750e+14
-2.672912060640423750e+14
-2.546449675794603750e+14
-2.467236643473474688e+14
-2.425703559904344688e+14
-2.407553197419201562e+14
-2.392899003078363438e+14
-2.358689379357969375e+14
-2.287957366189581562e+14
-2.181653457829581562e+14
-2.065452293026251562e+14
-1.986253073270283750e+14
-1.999067245701243750e+14
-2.150189120971041562e+14
-2.463767406166911250e+14
-2.935761927907851875e+14
-3.534319931208623125e+14
-4.204901301019133125e+14
-4.880429621177573125e+14
-5.496185328828563125e+14
-6.004075895537992500e+14
-6.379851147215242500e+14
-6.621957565640752500e+14
-6.743955136192100000e+14
-6.765449531888546250e+14
-6.706073356587095000e+14
-6.583192325727965000e+14
-6.412564639854995000e+14
-6.209328577238885000e+14
-5.987401001214875000e+14
-5.758185358834985000e+14
-5.528919457386665000e+14
-5.301299800789145000e+14
-5.071470828058445000e+14
-4.833092606500295000e+14
-4.584216796847975000e+14
-4.334808619074035000e+14
-4.108847974596425000e+14
-3.937544433468635000e+14
-3.848515635367163125e+14
-3.857331052826699375e+14
-3.963341807716337500e+14
-4.149592966657997500e+14
-4.386006918791898125e+14
-4.635175565625738750e+14
-4.860232356879618750e+14
-5.034194614298898750e+14
-5.148268235206248750e+14
-5.215865837521960000e+14
-5.270272686968500000e+14
-5.355178224153048750e+14
-5.509350365872008750e+14
-5.750605813025298750e+14
-6.067902034987068750e+14
-6.427362876763097500e+14
-6.787397782787357500e+14
-7.112071866278687500e+14
-7.376157697768307500e+14
-7.563531026378297500e+14
-7.665156127899125000e+14
-7.678710535792976250e+14
-7.609519894581178750e+14
-7.471796662664908750e+14
-7.288348324296898750e+14
-7.088043873528028750e+14
-6.900729174069238750e+14
-6.751031748028378750e+14
-6.653010449287661250e+14
-6.607388344997345000e+14
-6.601994544087746250e+14
-6.615722984131136250e+14
-6.625628524256381250e+14
-6.615531541437998750e+14
-6.583351134355532500e+14
-6.543744620123558750e+14
-6.524557597429956250e+14
-6.557868748308397500e+14
-6.668968860668485000e+14
-6.867175583550505000e+14
-7.141342389014485000e+14
-7.461081170844505000e+14
-7.783409393995253750e+14
-8.062817568432893750e+14
-8.261073123226373750e+14
-8.353941139435928750e+14
-8.334182382617138750e+14
-8.211120893544923750e+14
-8.008000854933293750e+14
-7.758198704692013750e+14
-7.500392286726773750e+14
-7.272123466566953750e+14
-7.102311188757383750e+14
-7.005867068184480000e+14
-6.983977292149628750e+14
-7.029684898571171250e+14
-7.133388102641921250e+14
-7.284462696587021250e+14
-7.469281491364331250e+14
-7.669015002201581250e+14
-7.859922125756531250e+14
-8.015653532894741250e+14
-8.111005284379721250e+14
-8.126875925606891250e+14
-8.055680695857851250e+14
-7.904864918757851250e+14
-7.695873402084401250e+14
-7.459727408314571250e+14
-7.231556637695771250e+14
-7.045313848836881250e+14
-6.928745175685052500e+14
-6.898619909354015000e+14
-6.957210650745617500e+14
-7.091205261504617500e+14
-7.274023143638177500e+14
-7.472284407059537500e+14
-7.656219444526127500e+14
-7.811636414269217500e+14
-7.948357087699967500e+14
-8.098164173396657500e+14
-8.299871673754277500e+14
-8.578550185262147500e+14
-8.930969820266297500e+14
-9.325427945266007500e+14
-9.715094448596657500e+14
-1.005589579156708750e+15
-1.032062122081012750e+15
-1.050499871550922750e+15
-1.062430043668759750e+15
-1.070386515905794500e+15
-1.076780407090791625e+15
-1.082976522862886125e+15
-1.089006501749230500e+15
-1.094082540373687500e+15
-1.097497196254791875e+15
-1.099330166466365625e+15
-1.100625068414237625e+15
-1.103048811410697250e+15
-1.108322274058867750e+15
-1.117686683318697500e+15
-1.131616001491386500e+15
-1.149843264594126500e+15
-1.171529616760218500e+15
-1.195221097468893500e+15
-1.218530161824504500e+15
-1.237913078783835500e+15
-1.249262311614028000e+15
-1.249663394794541500e+15
-1.239336880006365500e+15
-1.222196250363402500e+15
-1.204345185837954500e+15
-1.191459798274191500e+15
-1.186681784508268750e+15
-1.190012587743029000e+15
-1.199127928411300000e+15
-1.210800058977418000e+15
-1.222112380128313000e+15
-1.231068230605133250e+15
-1.236693282244379500e+15
-1.238898943621418500e+15
-1.238151058520024750e+15
-1.234905889872087000e+15
-1.229134026209618750e+15
-1.220311090332877500e+15
-1.207934233512154500e+15
-1.192260084799486500e+15
-1.174710026964916500e+15
-1.157568598885486500e+15
-1.143102715978249500e+15
-1.132626323093674500e+15
-1.126044773110101500e+15
-1.122156178456601250e+15
-1.119523886554988000e+15
-1.117396920850439875e+15
-1.116184642458186375e+15
-1.117233978944855625e+15
-1.121995523859350000e+15
-1.131006815527273750e+15
-1.143307234592119750e+15
-1.156649196670852750e+15
-1.168466881819186750e+15
-1.177174058679782750e+15
-1.183066043058671250e+15
-1.188263437854622750e+15
-1.195730639024786750e+15
-1.207870792219082750e+15
-1.225393305924131750e+15
-1.247023941110678750e+15
-1.270048600082435750e+15
-1.291196759783597750e+15
-1.307481214817171750e+15
-1.316854966555101750e+15
-1.318601218851997250e+15
-1.313420128745851000e+15
-1.303115264700346000e+15
-1.289922733670734000e+15
-1.275918401041957000e+15
-1.262922451242010000e+15
-1.252800633578041000e+15
-1.247667547632312000e+15
-1.249582277738106500e+15
-1.259676668916575000e+15
-1.277184043186199000e+15
-1.299087516070781000e+15
-1.320707235435098000e+15
-1.337060653007771000e+15
-1.344515846387763750e+15
-1.342027608239239250e+15
-1.331439448906572000e+15
-1.316813265414156000e+15
-1.303171195367718000e+15
-1.295209949097759500e+15
-1.296280082694372750e+15
-1.307473231223937500e+15
-1.326947127511515500e+15
-1.350055961744235500e+15
-1.370570027889264500e+15
-1.382697908690772750e+15
-1.383062656454830000e+15
-1.371839559614827000e+15
-1.352698684620427000e+15
-1.331583106527172000e+15
-1.314682223826445000e+15
-1.306362496168682000e+15
-1.308053417975568750e+15
-1.318455320594953750e+15
-1.334665490179648750e+15
-1.353529076289139750e+15
-1.372668095979478750e+15
-1.390978072471582750e+15
-1.408570520725342750e+15
-1.426351569701278750e+15
-1.445409156586345750e+15
-1.466397686851822750e+15
-1.489151675861266750e+15
-1.512584397582556750e+15
-1.534877125602115750e+15
-1.553991829623430750e+15
-1.568371978968580750e+15
-1.577581847571618750e+15
-1.582604377452653250e+15
-1.585566508087401500e+15
-1.588957743551192000e+15
-1.594688749638199750e+15
-1.603355684915140750e+15
-1.614026803725319750e+15
-1.624589331318805750e+15
-1.632436158171580250e+15
-1.635356151526213000e+15
-1.632421705144657250e+15
-1.624635513562921000e+15
-1.615020892057366000e+15
-1.607920268497925750e+15
-1.607656143786051750e+15
-1.617083977830218750e+15
-1.636664536743989750e+15
-1.664504076186236750e+15
-1.697245745533193750e+15
-1.731166817400158750e+15
-1.763009732716667750e+15
-1.790306123216399750e+15
-1.811320998028106750e+15
-1.824863116943291750e+15
-1.830096290564481000e+15
-1.826497021129200250e+15
-1.813946730021993250e+15
-1.793006125230441250e+15
-1.765321058172882250e+15
-1.733868416287134250e+15
-1.702616104810983250e+15
-1.675359817422108250e+15
-1.654329594887202250e+15
-1.639468721216841250e+15
-1.628735270361702250e+15
-1.619156431924284250e+15
-1.608043357315125250e+15
-1.593903136199718250e+15
-1.576813205343819250e+15
-1.558163877924516250e+15
-1.539948240365310250e+15
-1.523994939749310250e+15
-1.511449443118086250e+15
-1.502701566440732750e+15
-1.497803743464327250e+15
-1.497070857859831750e+15
-1.501454522080400000e+15
-1.512375910222583000e+15
-1.530976498302770000e+15
-1.557184461753560000e+15
-1.589067696183062000e+15
-1.622888631774086000e+15
-1.653917265324047000e+15
-1.677643121229794000e+15
-1.690930616827062250e+15
-1.692741227346097250e+15
-1.684290296905183000e+15
-1.668599303883088000e+15
-1.649494181099377000e+15
-1.630338695103349000e+15
-1.613050721146186000e+15
-1.598020054368205000e+15
-1.584951925140205000e+15
-1.573897275251653000e+15
-1.565599513468248750e+15
-1.560907621528252250e+15
-1.559930531507441750e+15
-1.561751292853999000e+15
-1.564848097734798500e+15
-1.567855323058335750e+15
-1.570161792323671250e+15
-1.572079126026640750e+15
-1.574676786614363750e+15
-1.579445542528737750e+15
-1.587968282879765250e+15
-1.601645352986597250e+15
-1.621404730811528250e+15
-1.647426492706724250e+15
-1.678903947837845250e+15
-1.713899406614912250e+15
-1.749384071658209250e+15
-1.781542762811645250e+15
-1.806367680014351250e+15
-1.820543506767569250e+15
-1.822446352898702750e+15
-1.812883527933924250e+15
-1.795174496384439250e+15
-1.774307544464082250e+15
-1.755289104108984250e+15
-1.741348893257151250e+15
-1.732955917732198250e+15
-1.728215000250255750e+15
-1.724407036879815750e+15
-1.719742639311705500e+15
-1.714345441768518000e+15
-1.710156135112768250e+15
-1.710136604276774750e+15
-1.717238683150606250e+15
-1.733411611652746250e+15
-1.758883975972207250e+15
-1.791918683074096250e+15
-1.829069580880135250e+15
-1.865786121533764250e+15
-1.897171154750944250e+15
-1.918928629477495250e+15
-1.928339480353719250e+15
-1.924916572033865250e+15
-1.910455391030267250e+15
-1.888330778244593250e+15
-1.862348564026190250e+15
-1.835735511712418250e+15
-1.810729256859359250e+15
-1.788816303023879250e+15
-1.771293901177079250e+15
-1.759488069145958250e+15
-1.754236772174122250e+15
-1.755147035261238000e+15
-1.760409163968758000e+15
-1.767365324913923250e+15
-1.773419072135307750e+15
-1.776673464460170750e+15
-1.776125236381715000e+15
-1.771713565555623750e+15
-1.764289271281185750e+15
-1.755406966445928750e+15
-1.746892787108130750e+15
-1.740311007622288250e+15
-1.736656457068915500e+15
-1.736276605741216500e+15
-1.738806863633836750e+15
-1.743156733548791750e+15
-1.747690610283351750e+15
-1.750678890676689500e+15
-1.750884893842383250e+15
-1.748014650516289500e+15
-1.742805627091059250e+15
-1.736725107176353750e+15
-1.731481398050981000e+15
-1.728580627451580750e+15
-1.728986175319101750e+15
-1.732798238872944750e+15
-1.739025983143521250e+15
-1.745649929332055750e+15
-1.750153272621819750e+15
-1.750396815415877750e+15
-1.745334722815044250e+15
-1.735234038645774250e+15
-1.721261138184966250e+15
-1.704735366336489250e+15
-1.686637797087693250e+15
-1.667626531089255250e+15
-1.648403636998071250e+15
-1.630087261442688250e+15
-1.614314145179922250e+15
-1.602987961320513250e+15
-1.597842294793234750e+15
-1.599989705871391500e+15
-1.609481916652166750e+15
-1.624976613875990750e+15
-1.643885143858493750e+15
-1.663151978955629750e+15
-1.680335994170480750e+15
-1.694401771692587750e+15
-1.705694633365337750e+15
-1.715259173232788750e+15
-1.724047763998469750e+15
-1.732443242448173750e+15
-1.740316742093281250e+15
-1.747517533943264750e+15
-1.754405789216925000e+15
-1.761973398208572250e+15
-1.771408749512790250e+15
-1.783350350457930250e+15
-1.797250114909797250e+15
-1.811278119058371250e+15
-1.822977828468639250e+15
-1.830308122084953000e+15
-1.832403755638235500e+15
-1.829704530961880750e+15
-1.823596736148888000e+15
-1.816042928150858750e+15
-1.809582838096949250e+15
-1.807512309507638750e+15
-1.813742020169089000e+15
-1.832089249315291000e+15
-1.865098032303679000e+15
-1.912908338518381000e+15
-1.972631617680841000e+15
-2.038401166919317000e+15
-2.102091464167933000e+15
-2.154580538649997000e+15
-2.187453425437393000e+15
-2.194991955527199500e+15
-2.175987730426959000e+15
-2.134568279410089000e+15
-2.079318983061339000e+15
-2.020804509709650000e+15
-1.968591489814575000e+15
-1.928975213057490000e+15
-1.904065974020943000e+15
-1.892253208706974500e+15
-1.889474981866526750e+15
-1.890681674289256000e+15
-1.891168359116266250e+15
-1.887510239127596250e+15
-1.878060863498980250e+15
-1.863039415383589250e+15
-1.844341834629976250e+15
-1.825300806622942250e+15
-1.810219911633979250e+15
-1.803374338768110750e+15
-1.807497439226304250e+15
-1.822312111582647250e+15
-1.844134217234034250e+15
-1.867053428591613250e+15
-1.885013527909569250e+15
-1.893744249002989250e+15
-1.891831744876349750e+15
-1.880853326770209250e+15
-1.864888358181684250e+15
-1.849382926423137250e+15
-1.839400589824181750e+15
-1.837771773645730250e+15
-1.844031006784836250e+15
-1.854891675183717250e+15
-1.865966297555487250e+15
-1.873683471826154250e+15
-1.876464854920670750e+15
-1.874770624385350250e+15
-1.870332789914818000e+15
-1.865211852932084750e+15
-1.861090461205074250e+15
-1.858921947875384750e+15
-1.858972015241919000e+15
-1.861075567857797000e+15
-1.864909396326868750e+15
-1.870244685729288250e+15
-1.877128213256196750e+15
-1.885851809750591500e+15
-1.896527082744707500e+15
-1.908404642913704500e+15
-1.919464399709900500e+15
-1.926784030920776000e+15
-1.927588019414107500e+15
-1.920429122335555500e+15
-1.905809561622916500e+15
-1.885698790751704500e+15
-1.862108510900926500e+15
-1.835660580648583500e+15
-1.805261828613103500e+15
-1.769231997321628500e+15
-1.727105409312028500e+15
-1.680792472333069500e+15
-1.634310224394115500e+15
-1.592398975085383500e+15
-1.558947191001964500e+15
-1.536027736641982500e+15
-1.523784710116108000e+15
-1.520935568655829000e+15
-1.525492058885437500e+15
-1.535305552786171500e+15
-1.548410946239812500e+15
-1.563258319776673500e+15
-1.578831765207793500e+15
-1.594637247076330500e+15
-1.610396874777139500e+15
-1.625494706647873500e+15
-1.638537405481540500e+15
-1.647399911021006500e+15
-1.649968673222959250e+15
-1.645299547522379250e+15
-1.634528581724834250e+15
-1.621066345028159250e+15
-1.609960413918212250e+15
-1.606694943383799250e+15
-1.615853850140029250e+15
-1.639963372125484250e+15
-1.678715150476582250e+15
-1.728712304745139250e+15
-1.784058956342329250e+15
-1.837915104485956250e+15
-1.884451349101729250e+15
-1.920285582744694250e+15
-1.944908117517511250e+15
-1.960250255518423250e+15
-1.969674327653961000e+15
-1.976657918556089750e+15
-1.983626115834565500e+15
-1.991448756233879500e+15
-1.999720087455917500e+15
-2.007418269353058750e+15
-2.013423358236128250e+15
-2.016688844584983500e+15
-2.016221396291056500e+15
-2.011094613750517750e+15
-2.000758530839153000e+15
-1.985574676117757000e+15
-1.967112383405144000e+15
-1.947847955188952000e+15
-1.930253956348430000e+15
-1.915920286034330000e+15
-1.905253734126455000e+15
-1.897804225459820000e+15
-1.892906863030826000e+15
-1.890258690729317500e+15
-1.890259017046830000e+15
-1.894005890384592000e+15
-1.903006278958983000e+15
-1.918653400404384000e+15
-1.941598478017749000e+15
-1.971331511470077000e+15
-2.006164891501524000e+15
-2.043566448214848000e+15
-2.080739123664813000e+15
-2.115147349777716000e+15
-2.144829086579925000e+15
-2.168543602373532000e+15
-2.185738120692246000e+15
-2.196337979240604250e+15
-2.200373019832277750e+15
-2.197607080427623750e+15
-2.187492327962092500e+15
-2.169757800446197500e+15
-2.145485115847261500e+15
-2.117963064830305500e+15
-2.092485161598928500e+15
-2.074867414094989500e+15
-2.069452743907590000e+15
-2.077698762379315500e+15
-2.097825436407790500e+15
-2.125446508975378500e+15
-2.154826290220183500e+15
-2.180256877412233500e+15
-2.197270343511988500e+15
-2.203461629669181000e+15
-2.198744568813151500e+15
-2.184985491181078500e+15
-2.165265514460062500e+15
-2.143250935476775500e+15
-2.122972951952032500e+15
-2.108842288931143500e+15
-2.105232227489143000e+15
-2.115257084880006500e+15
-2.139295927880817500e+15
-2.174335188805320500e+15
-2.214821352450249500e+15
-2.254638522765357500e+15
-2.288951337649044500e+15
-2.315000751674829500e+15
-2.331846796833279500e+15
-2.339705388859540000e+15
-2.339483169333486000e+15
-2.332607526270259500e+15
-2.321000636063575500e+15
-2.306979011692375500e+15
-2.293071378591268500e+15
-2.281858703854327500e+15
-2.275783111488349500e+15
-2.276718808441261000e+15
-2.285331977315088500e+15
-2.300486301458748500e+15
-2.319098360795229500e+15
-2.336746985033073500e+15
-2.348892117848040500e+15
-2.352309415126693500e+15
-2.346165080852369500e+15
-2.332230582485597500e+15
-2.314242804036785500e+15
-2.296688233300445500e+15
-2.283366718138193500e+15
-2.276218651252453500e+15
-2.274774531557570000e+15
-2.276485328260995500e+15
-2.277929510943645000e+15
-2.276374885443135500e+15
-2.270885880049222000e+15
-2.262349142759781500e+15
-2.252493138867246500e+15
-2.242713372157176500e+15
-2.233521867978597500e+15
-2.224744825612830500e+15
-2.216003315598435500e+15
-2.207012080114557500e+15
-2.197611239008746500e+15
-2.187721129921809500e+15
-2.177405546770305500e+15
-2.167069285271460500e+15
-2.157653906450460500e+15
-2.150619308958224000e+15
-2.147688038895792500e+15
-2.150414816341753500e+15
-2.159693636298065750e+15
-2.175359484357221750e+15
-2.195938115855009750e+15
-2.218628677380089750e+15
-2.239585601904452750e+15
-2.254494566907522000e+15
-2.259373753142489500e+15
-2.251471900131287250e+15
-2.229966685042136250e+15
-2.196227070398135250e+15
-2.153649018638390250e+15
-2.107206468806288250e+15
-2.062739867942504250e+15
-2.025987328218602250e+15
-2.001469546767383250e+15
-1.991382531676141000e+15
-1.995016921130144750e+15
-2.009106964177922750e+15
-2.028919628958368750e+15
-2.049574185206960750e+15
-2.067122102306075750e+15
-2.079184961450312750e+15
-2.085130501630231750e+15
-2.085822906891568500e+15
-2.083020106760977750e+15
-2.078695596653943500e+15
-2.074615006573269250e+15
-2.072313400056020250e+15
-2.073199621333963000e+15
-2.078479775419732250e+15
-2.088770055463876250e+15
-2.103538152359644250e+15
-2.120829829210567250e+15
-2.137563788546338250e+15
-2.150304026531890250e+15
-2.156147938478257500e+15
-2.153369294715115500e+15
-2.141621701102759250e+15
-2.121840186916069250e+15
-2.096063629874224250e+15
-2.067148210792828250e+15
-2.038286938818310250e+15
-2.012418449724511250e+15
-1.991656170124951250e+15
-1.976963905407643250e+15
-1.968269385115062750e+15
-1.964966981301138500e+15
-1.966529365636945000e+15
-1.972900369081324250e+15
-1.984576121540401250e+15
-2.002446421827496250e+15
-2.027559925598260250e+15
-2.060923866241585250e+15
-2.103240212127661250e+15
-2.154435460815352250e+15
-2.213189117960851250e+15
-2.276783637548056000e+15
-2.341391149295386000e+15
-2.402723706085942000e+15
-2.456747549030725000e+15
-2.500211822839849000e+15
-2.530880110826428000e+15
-2.547600612457690000e+15
-2.550359625483850500e+15
-2.540394515826677000e+15
-2.520289160437589000e+15
-2.493748075406915000e+15
-2.464915948292033000e+15
-2.437395879866111000e+15
-2.413365877524152000e+15
-2.393189044713953000e+15
-2.375683205602367000e+15
-2.358891160977917000e+15
-2.340966613297238000e+15
-2.320810161831443000e+15
-2.298366602606060000e+15
-2.274671353431548000e+15
-2.251716239433221000e+15
-2.232124996128080000e+15
-2.218551286900505000e+15
-2.212917512246427250e+15
-2.215884188568984000e+15
-2.226941949274012500e+15
-2.244909404236135500e+15
-2.268263327606776500e+15
-2.294970765139618500e+15
-2.322002221305184500e+15
-2.345223974511679500e+15
-2.360028085906444500e+15
-2.362480787074979500e+15
-2.350450575882162500e+15
-2.324074196337369500e+15
-2.285430268624212500e+15
-2.237849973826902500e+15
-2.185472348732652500e+15
-2.133153850365951500e+15
-2.086170157325454500e+15
-2.049201318462615500e+15
-2.024868257409486500e+15
-2.012804368397922500e+15
-2.009942856533886500e+15
-2.011819441009609750e+15
-2.014069685690380750e+15
-2.013348602674027250e+15
-2.007555527987521750e+15
-1.995732411928339750e+15
-1.977937021953445750e+15
-1.955119802175868750e+15
-1.928876113514656750e+15
-1.901102200149943750e+15
-1.873633493946217750e+15
-1.848016685912668750e+15
-1.825418245441411750e+15
-1.806477102993553750e+15
-1.791215961936460750e+15
-1.779189800012257750e+15
-1.769931254170717750e+15
-1.763559397903619250e+15
-1.761200337259790000e+15
-1.764964130635013500e+15
-1.777499997813871000e+15
-1.801248888804550000e+15
-1.837509340948015000e+15
-1.885626705770584000e+15
-1.942715194735297000e+15
-2.004060977799502000e+15
-2.064035347873519000e+15
-2.117209442272459000e+15
-2.159270215202656000e+15
-2.187490863413608000e+15
-2.200859256439425500e+15
-2.199972516370638250e+15
-2.186748681617184500e+15
-2.163924603771789500e+15
-2.134271587539306500e+15
-2.099775244126458500e+15
-2.061293996879157500e+15
-2.019102504084870500e+15
-1.974018260541918500e+15
-1.928238999268938500e+15
-1.885200562099395500e+15
-1.848449912394183500e+15
-1.820305123361958500e+15
-1.801145305751667500e+15
-1.789617676757352500e+15
-1.783403243618407000e+15
-1.779935639442279500e+15
-1.776752779696215750e+15
-1.771583529592867000e+15
-1.762382061544328750e+15
-1.747480224611747750e+15
-1.725891000120416750e+15
-1.697724225156491750e+15
-1.664637446111102750e+15
-1.630237833083372750e+15
-1.600097751320114750e+15
-1.580756052196949750e+15
-1.577495526954296750e+15
-1.591798143104165750e+15
-1.620327408224108750e+15
-1.656407105151551750e+15
-1.693038031815704750e+15
-1.725475601012621750e+15
-1.752087473029007750e+15
-1.773615653773832750e+15
-1.791683688587711750e+15
-1.807499430557708750e+15
-1.821418720059797750e+15
-1.833325953522227750e+15
-1.843196306128082750e+15
-1.851265089447166750e+15
-1.857779322365055250e+15
-1.862793615236064250e+15
-1.866357318762498250e+15
-1.868956990098676500e+15
-1.871904222371812250e+15
-1.877331225509741250e+15
-1.887684620606588250e+15
-1.904825524109402250e+15
-1.929095161535348250e+15
-1.958888386297181250e+15
-1.990955164684568250e+15
-2.021333492946653250e+15
0.000000000000000000e+00
7.263025233542513750e+14
1.153958584590008500e+15
1.534885143947247750e+15
1.806333270397288500e+15
1.873584130311061500e+15
1.824347664611803000e+15
1.829168681649700750e+15
1.838556485873827750e+15
1.878298599947763500e+15
1.994613452559089500e+15
2.076775547718860750e+15
2.298194814920818500e+15
2.732499279372353500e+15
3.291426549244363000e+15
3.793438132280492500e+15
4.289544444522267000e+15
4.642633089598620000e+15
4.747457592580637000e+15
4.840161850324681000e+15
4.877500146364973000e+15
4.882872070267994000e+15
4.633427314678432000e+15
4.299473103240561000e+15
3.958722415294415000e+15
3.452190843035713500e+15
2.913846946231746500e+15
2.210669969908170500e+15
1.226261369720930000e+15
2.249036603525690000e+14
-6.420851725267112500e+14
-1.225843297604338000e+15
-1.406583958883271000e+15
-1.345627663452078500e+15
-1.224209595124154750e+15
-9.982826802881498750e+14
-6.348055938020150000e+14
-3.809194168266263125e+14
-2.188595461504371250e+14
-1.310729462349826406e+14
-1.415915474339760625e+14
-1.838067992399710625e+14
-2.349753774521715000e+14
-3.258217354231810625e+14
-4.494218232311319375e+14
-5.100701689703303750e+14
-5.452172709435804375e+14
-5.642030820706225000e+14
-5.107097652995033750e+14
-4.566391630478707500e+14
-2.326206176087247500e+14
1.822225237802750000e+12
-4.312800537084162109e+12
-1.589355745629965000e+14
-3.226061546119498750e+14
-6.039887487235525000e+14
-1.163940780612518250e+15
-1.777980194653471000e+15
-2.375293184977666500e+15
-2.911777996597625500e+15
-3.308733700321051500e+15
-3.403734674646762500e+15
-3.281591096148231000e+15
-3.134827639827596000e+15
-2.910168174135608000e+15
-2.517943084830950000e+15
-2.184742734642807500e+15
-1.800423529078850250e+15
-1.047632413401809500e+15
-5.678608925788740000e+14
-3.837562432625056250e+14
-4.675921838142921250e+14
-8.174086801389001250e+14
-1.225638432496157500e+15
-1.803784701765223250e+15
-2.319975140076553000e+15
-2.736342377990980500e+15
-3.118919802517718000e+15
-3.446940636895249500e+15
-3.569813553990862000e+15
-3.606064870581077000e+15
-3.703657746000774000e+15
-3.797457379319088000e+15
-3.831289167422162000e+15
-3.844473791455429500e+15
-3.861368293080171500e+15
-3.845076699100218500e+15
-3.902334280365245500e+15
-3.959283232796575000e+15
-3.985671804994717000e+15
-4.055445900212831500e+15
-4.093105851722630500e+15
-4.151361200061417000e+15
-4.125878772547192500e+15
-3.961423108983752500e+15
-3.673465944291674000e+15
-3.348966897197516500e+15
-3.215876066073642500e+15
-3.128819218414307000e+15
-3.025945431596074500e+15
-3.019655118057375000e+15
-3.034688194076476500e+15
-3.056617691566572500e+15
-3.069327341609026500e+15
-2.970702409170420500e+15
-2.807764999366247000e+15
-2.473329562612663000e+15
-1.986637732784374500e+15
-1.601158301934945000e+15
-1.289015712542622500e+15
-7.943970223533596250e+14
-5.107400746152825000e+13
7.850379619294242500e+14
1.815275856029810000e+15
3.233841500211117500e+15
4.609697336765972000e+15
5.712190977515454000e+15
6.629376020896022000e+15
7.202515354730364000e+15
7.384852287849496000e+15
7.309652278841966000e+15
7.117121436266790000e+15
6.665663628349275000e+15
5.966528405229796000e+15
5.172134002940705000e+15
4.347863979939330000e+15
3.489912892122200000e+15
2.857115740991912000e+15
2.660262849741322500e+15
2.638739293836671000e+15
2.541622738880035000e+15
2.513173081669761000e+15
2.531282776913606500e+15
2.519665532475537500e+15
2.524473097675864000e+15
2.592673162541922000e+15
2.715171836051584500e+15
2.810275150858024500e+15
2.876924043187975500e+15
2.936807880990389500e+15
2.946898395551233500e+15
2.947639973194495500e+15
2.966894672359716500e+15
2.876529380790630000e+15
2.728326290087081500e+15
2.613888269464631000e+15
2.613992364439500500e+15
2.655894684391438000e+15
2.676540745191520000e+15
2.673349624219039500e+15
2.671377325844592500e+15
2.729550653192927000e+15
2.746015736739657500e+15
2.742631311100344000e+15
2.721939159395596000e+15
2.511536472570460000e+15
2.286363745401698000e+15
2.192241549302036250e+15
2.141458746126104250e+15
2.097223392959657750e+15
2.215701554025985750e+15
2.442760257168996000e+15
2.721165070997387000e+15
3.168052002919807000e+15
3.578008572648225000e+15
4.057709484208814500e+15
4.518670594463497000e+15
4.758139777406991000e+15
4.880478598676348000e+15
4.941387750399016000e+15
4.997201995019320000e+15
5.172595557306203000e+15
5.423408461843004000e+15
5.600390723942743000e+15
5.718220218245840000e+15
5.817982838129032000e+15
5.891072037140561000e+15
5.719274750828609000e+15
5.175945221627707000e+15
4.335339238976388500e+15
3.355596863058214000e+15
2.583050340928585000e+15
2.225835814976224500e+15
2.097579063496408250e+15
2.047233838031043750e+15
2.020813049283214500e+15
2.074440955833875500e+15
2.217645799821540500e+15
2.362218041137167500e+15
2.444225504052510000e+15
2.473182469378014500e+15
2.553976449950285000e+15
2.610263988423884000e+15
2.676574438673087500e+15
2.755208115119979500e+15
2.785380936831728500e+15
2.740660135322975000e+15
2.703252359596735000e+15
2.602253229366442500e+15
2.284188438418684500e+15
2.013112161647196750e+15
1.700676449326856750e+15
1.307760763640740500e+15
1.054610640980671125e+15
9.802149623098231250e+14
1.204538734431697500e+15
1.578739684241046000e+15
1.908706937667582500e+15
2.354858107332459000e+15
2.832848213159967000e+15
3.277825877500492000e+15
3.727500380636969000e+15
4.148613505873869000e+15
4.473763721549707500e+15
4.601416111001434000e+15
4.515018067838761000e+15
4.432265139797883000e+15
4.454937017486145500e+15
4.435710330634500000e+15
4.374596853358917500e+15
4.300024416382744500e+15
4.306998298662664000e+15
4.433138520323782500e+15
4.617412992647035000e+15
4.806344695577836000e+15
5.090451104261471000e+15
5.354849565881138000e+15
5.536768781218479000e+15
5.792557585756323000e+15
6.169095100853911000e+15
6.578878892637945000e+15
7.027590773344304000e+15
7.302142671869443000e+15
7.416196994072313000e+15
7.549532389760827000e+15
7.513515726024474000e+15
7.282839651100917000e+15
7.072909251764551000e+15
6.983788276645625000e+15
6.774842481381998000e+15
6.452662055202717000e+15
6.103200804213096000e+15
5.899625914945241000e+15
5.520579226266239000e+15
4.921779094925869000e+15
4.485795178002514000e+15
4.305643064682086500e+15
4.289417255910900000e+15
4.249752115569754500e+15
4.228144967656145500e+15
4.098672847805743500e+15
3.960722894157251000e+15
3.922299515431813500e+15
3.899690947172106500e+15
3.934691047984071000e+15
4.027623901067477500e+15
4.099209407332614500e+15
4.175305118884823500e+15
4.323589569153860000e+15
4.618994859972232000e+15
4.939865888061916000e+15
5.210441783963551000e+15
5.594212247325902000e+15
6.058219417106384000e+15
6.455348740587783000e+15
6.763509362720769000e+15
6.888994724275815000e+15
6.868493848939594000e+15
6.854088182883943000e+15
6.710639741236151000e+15
6.239159216691479000e+15
5.609701419813700000e+15
4.997926140732506000e+15
4.576174431168102000e+15
4.403977333866758000e+15
4.347153669926420500e+15
4.367646189403767000e+15
4.447301098478240000e+15
4.614204962119877000e+15
4.824330773878276000e+15
5.006966441300197000e+15
5.115250246233882000e+15
5.162850798618541000e+15
5.170623136122535000e+15
5.039621948187868000e+15
4.825252287834226000e+15
4.671802078534827000e+15
4.352929640461892500e+15
4.042700227071704000e+15
3.736228635187608500e+15
3.314299431804730000e+15
3.141304250122894000e+15
3.153490738788957000e+15
3.234569862240009000e+15
3.514870667906382500e+15
3.861865645595425500e+15
4.020391829781347000e+15
4.074912041557556000e+15
4.198440757746465500e+15
4.282340668614900500e+15
4.260638913980267500e+15
4.223707217125178500e+15
4.058108246152445000e+15
3.705865110485466000e+15
3.114411348906212000e+15
2.373576494468299500e+15
1.798568712421243500e+15
1.271456378434616000e+15
7.955619933092563750e+14
5.586379006111894375e+14
5.190975769857215000e+14
5.175547860782926250e+14
4.488242583914400000e+14
4.366329529195546875e+14
4.613538575097514375e+14
4.955456331390634375e+14
5.224228888636279375e+14
5.128008339019516250e+14
5.492863684805905000e+14
5.699844257653705000e+14
6.262790130856086250e+14
1.029839457387281125e+15
1.705124795831548750e+15
2.357396874870127500e+15
2.841603756880035000e+15
3.301259832731893000e+15
3.652395846089047500e+15
3.701483669412642500e+15
3.615200475822948000e+15
3.440851050150494000e+15
3.249116159504547500e+15
3.156817731072819000e+15
3.122496741899763500e+15
3.133902038291709500e+15
3.202831380014694000e+15
3.341429712663609000e+15
3.474608569679085000e+15
3.511060862284594500e+15
3.498786218341039500e+15
3.165694578070126000e+15
2.520572932384620000e+15
1.906046829829553500e+15
1.223216487976664500e+15
4.802459352810121250e+14
-2.627474666406550000e+14
-8.026762149667806250e+14
-1.092407845397201625e+15
-1.226531686485853000e+15
-1.182224920898175750e+15
-1.133750345890005750e+15
-9.019648358167355000e+14
-5.585016612748008750e+14
-2.167514227697261875e+14
1.864382541851518125e+14
5.410384163645678750e+14
7.044891370376390000e+14
6.682877789701400000e+14
7.275015310074177500e+14
8.219392568794802500e+14
9.787247810146462500e+14
1.484692853564112500e+15
2.209708553176874500e+15
2.931560030123589000e+15
3.654250022125436500e+15
4.279808057417924000e+15
4.646615607574265000e+15
4.977735020337692000e+15
5.255498058677878000e+15
5.246342927864561000e+15
5.142273896745008000e+15
5.030748776629796000e+15
4.683192670053465000e+15
4.267501202293390000e+15
3.869110086139902500e+15
3.312700800974715500e+15
2.623657067373656500e+15
1.900789298085493000e+15
1.295028450687449250e+15
8.083850852701287500e+14
3.430642567924921250e+14
1.286752519061484375e+14
1.390052624333517656e+14
1.916741070817833750e+14
3.734783461446103750e+14
5.917902023604286250e+14
7.985382370888890000e+14
9.537803668737210000e+14
1.177980747806406750e+15
1.691642343733590000e+15
2.364412721128012000e+15
3.050829206054238500e+15
3.738456837398198500e+15
4.564089498903771000e+15
5.479751375082486000e+15
6.447767253331999000e+15
7.257544836905958000e+15
7.643262260483194000e+15
7.707810722679357000e+15
7.585107557186797000e+15
7.205373190556614000e+15
6.574988745894788000e+15
5.848372397870152000e+15
4.997822191539059000e+15
4.327283633770461500e+15
3.948171732455520500e+15
3.831353722277984500e+15
3.987339828445313500e+15
4.241089365331147000e+15
4.583448243651738000e+15
5.028864578772007000e+15
5.329795637074459000e+15
5.402642738443189000e+15
5.431522719164267000e+15
5.433119678199233000e+15
5.373111872608271000e+15
5.359378892920454000e+15
5.409316503440850000e+15
5.452640250872462000e+15
5.449905144831409000e+15
5.413330928841784000e+15
5.215118702453718000e+15
4.674486000397843000e+15
3.935491281748228500e+15
3.204474756908710000e+15
2.580550338197059500e+15
2.100791753815619500e+15
1.765139466927732750e+15
1.675200107265390500e+15
1.789079872333674500e+15
1.931335511369054250e+15
2.047374163223509000e+15
2.251183804666345500e+15
2.572177634460957000e+15
3.061166636137446000e+15
3.556926000921050000e+15
3.888748061744168000e+15
3.982536910399601500e+15
3.974807566994635500e+15
4.002402437666175500e+15
3.965107390872812000e+15
3.904411143900232000e+15
3.666039346575702500e+15
3.398900979289029000e+15
3.295550878450186500e+15
3.292878041918732500e+15
3.503410304685963500e+15
3.828683055778757000e+15
4.080952383725632000e+15
4.241378891224054500e+15
4.265368014444035000e+15
4.188610665327361000e+15
3.961764782108835000e+15
3.572364527154494500e+15
3.315438127513861000e+15
3.309348656309599000e+15
3.367765784255265500e+15
3.457769031556135500e+15
3.776490033377180000e+15
4.394110573969668500e+15
5.127575608125029000e+15
5.705221256006073000e+15
5.949120100714937000e+15
5.946005480626191000e+15
5.855154187737758000e+15
5.820668890295827000e+15
5.778427070895881000e+15
5.769928120891079000e+15
5.799839853688388000e+15
5.826079363677813000e+15
5.861188407945853000e+15
5.853071121150114000e+15
5.802326668878019000e+15
5.727145259226364000e+15
5.747204788018215000e+15
5.831050340706810000e+15
5.843980393438509000e+15
5.824244743298611000e+15
5.786301204225063000e+15
5.728524600858376000e+15
5.633786002863552000e+15
5.376260622788851000e+15
4.892891706078263000e+15
4.379228941919975000e+15
4.049840856243369500e+15
3.916940968091186500e+15
3.943730506624923000e+15
3.966440978352436500e+15
3.960493586813810000e+15
3.916727175356610000e+15
3.801951213822408000e+15
3.592958861113292000e+15
3.184183630729573500e+15
2.822063393131722000e+15
2.730296077134591000e+15
2.731301502671910000e+15
2.739887357581849500e+15
2.909398674394051500e+15
3.399325937446155000e+15
3.939565220497716000e+15
4.443920051791197000e+15
5.216970459483993000e+15
5.854262500047976000e+15
6.246813938147653000e+15
6.630390543866132000e+15
6.870738511478126000e+15
6.886987790098102000e+15
6.807276495619225000e+15
6.847225524037613000e+15
6.926742439034091000e+15
7.010266713136560000e+15
7.078891511613487000e+15
7.094372949402057000e+15
7.185507684899093000e+15
7.494657395050675000e+15
7.990513482497785000e+15
8.388971840659259000e+15
8.769732047343190000e+15
9.069501621934752000e+15
9.156987348385268000e+15
9.173962173683074000e+15
9.098364562373084000e+15
9.020881318686230000e+15
8.764514254784038000e+15
8.444278778774947000e+15
8.186558475904485000e+15
7.773655352452581000e+15
7.246200623673116000e+15
6.600360344059643000e+15
5.814267976114767000e+15
5.020208134598166000e+15
4.186739116282480000e+15
3.601484418440496500e+15
3.487538365920708000e+15
3.512933228715443500e+15
3.527710327837820000e+15
3.692669535514527000e+15
4.009226543833286000e+15
4.238642084510172500e+15
4.326497838499366000e+15
4.324556393022489500e+15
4.278628644500276000e+15
4.218739287664886500e+15
4.112157105824203500e+15
3.927419197939778500e+15
3.780815467157914500e+15
3.679150065093444500e+15
3.567047136585450500e+15
3.465903006111761500e+15
3.387075626639820000e+15
3.327146311576192000e+15
3.580249088664274000e+15
3.876397453922010000e+15
3.884677361668457500e+15
3.763790798764639000e+15
3.601385170336220000e+15
3.333155971550676000e+15
2.765686853540513000e+15
2.121606651524941000e+15
1.481850725662197000e+15
8.789627818884477500e+14
3.972864430697361875e+14
2.300849296045519062e+14
2.844150740455272500e+14
3.327353051089481875e+14
5.671692401933037500e+14
1.012262078376838375e+15
1.364682664912618750e+15
1.753819002716554500e+15
2.532232381453043000e+15
3.091540073758328000e+15
3.322820205767296000e+15
3.217116404868187000e+15
2.803862966703752000e+15
2.267627675503821500e+15
1.555678640795026000e+15
9.900198171403883750e+14
4.776433097879065625e+14
2.027725895866825000e+13
-3.453081754334654375e+14
-5.528090277346013125e+14
-6.371385201582403750e+14
-7.826080531564457500e+14
-8.815991541056138750e+14
-8.800469958745123750e+14
-9.322761700895616250e+14
-1.007935873741749750e+15
-1.039011224848694750e+15
-1.079682434838036000e+15
-1.061623645694066250e+15
-1.124621113595264625e+15
-1.265332600218582750e+15
-1.327778824099725000e+15
-1.396002350224637750e+15
-1.448499488523026250e+15
-1.352386587966570250e+15
-1.004392652424085250e+15
-5.979171365092062500e+14
-3.697518651071526250e+14
-2.509516652454868125e+14
-2.017143051192890625e+14
-1.943231850201740625e+14
-1.769591293849105625e+14
-1.704783692116784375e+14
-1.049596811511067812e+14
5.627553862438121875e+13
2.497736507842890625e+14
6.196573681871752500e+14
1.130033348492657000e+15
1.506617773223051500e+15
1.811942986796237000e+15
2.395478271790678000e+15
3.197355366102860000e+15
4.096575214119289000e+15
5.260326530302608000e+15
6.851770518022915000e+15
8.446360002351859000e+15
9.748943387599308000e+15
1.083350200083493800e+16
1.148682421655725800e+16
1.167168680948977000e+16
1.155420616746284000e+16
1.125732528909032000e+16
1.068150756211058400e+16
9.856098376343356000e+15
8.866717681496097000e+15
7.833136722291458000e+15
6.910639422841028000e+15
6.249286253930348000e+15
5.974681487579021000e+15
5.953573287761019000e+15
5.894443733188870000e+15
5.857018229985116000e+15
5.811232826342768000e+15
5.759974161191534000e+15
5.828448936460812000e+15
5.916846952619704000e+15
6.037999402990174000e+15
6.155881841355129000e+15
6.229974758117606000e+15
6.268775085453083000e+15
6.206930922302866000e+15
6.175467185893278000e+15
6.225257268582023000e+15
6.132290326343188000e+15
5.965399781395136000e+15
5.936774157227261000e+15
5.987707530145431000e+15
6.009970729481666000e+15
6.034645718310846000e+15
6.018869268345520000e+15
6.019532424180924000e+15
6.091780841468330000e+15
6.082549245204759000e+15
6.043635795141592000e+15
5.993624798125622000e+15
5.730731074003141000e+15
5.446157956993254000e+15
5.297984961125549000e+15
5.164062726875514000e+15
5.084962138091423000e+15
5.238333302812706000e+15
5.464936090882279000e+15
5.682277915849394000e+15
6.082065274331203000e+15
6.473714322622121000e+15
6.946655282076321000e+15
7.478665768565999000e+15
7.854974946022262000e+15
8.083608355974678000e+15
8.256089303369648000e+15
8.387698532374546000e+15
8.595780899625240000e+15
8.926654391151232000e+15
9.196658996272956000e+15
9.284179484041282000e+15
9.297045881062688000e+15
9.328898604070340000e+15
9.154537706540238000e+15
8.596792153970050000e+15
7.649620129965147000e+15
6.557019413806056000e+15
5.720000416041665000e+15
5.368207736544691000e+15
5.251404932698866000e+15
5.232410422652437000e+15
5.308519880247477000e+15
5.464312646314493000e+15
5.665219053073991000e+15
5.819845954563475000e+15
5.902223747275819000e+15
5.940687490103904000e+15
6.000772289426098000e+15
6.076985968697542000e+15
6.163958635534747000e+15
6.281313686275491000e+15
6.415240314277070000e+15
6.435821363767805000e+15
6.440401173294876000e+15
6.344192454165530000e+15
6.007402774038316000e+15
5.688358490028901000e+15
5.292700046817494000e+15
4.849115910385960000e+15
4.575431068047377000e+15
4.441493298900632000e+15
4.621364798385292000e+15
5.051886719498978000e+15
5.492483414118368000e+15
6.053634669595854000e+15
6.657022942699849000e+15
7.229061527955834000e+15
7.820797864023426000e+15
8.378765775640462000e+15
8.763296078847018000e+15
8.982344143996978000e+15
8.963978288313664000e+15
8.809744788648625000e+15
8.809563255413409000e+15
8.862393973084260000e+15
8.885901794484422000e+15
8.842828734361765000e+15
8.805636655785444000e+15
8.969440680065631000e+15
9.247395037724018000e+15
9.480635925382826000e+15
9.803289081432508000e+15
1.011654009021477800e+16
1.033698418294469600e+16
1.064165382988969000e+16
1.110270267773629400e+16
1.156744440718347600e+16
1.206427112287974400e+16
1.237105999634602600e+16
1.246420612408357800e+16
1.251699933165754800e+16
1.238948930533929800e+16
1.221759524804545800e+16
1.211755367862632600e+16
1.206155429944072800e+16
1.190322220053194600e+16
1.161661683384661000e+16
1.127880827580763600e+16
1.106555325825155400e+16
1.065925779166069000e+16
1.003803208987967800e+16
9.571338486775024000e+15
9.357446208546670000e+15
9.351037816961762000e+15
9.363867208008074000e+15
9.353763636746650000e+15
9.230903445102264000e+15
9.091752191248564000e+15
9.056478213257036000e+15
9.033808342929114000e+15
9.031552280360388000e+15
9.036683567983232000e+15
9.047937962846716000e+15
9.115399314812698000e+15
9.231421156165156000e+15
9.571346145238580000e+15
9.949606131200424000e+15
1.020746459457886400e+16
1.059033826876981000e+16
1.109703952659644200e+16
1.162289762705342200e+16
1.210068999258662200e+16
1.236927791992563000e+16
1.240536940199228000e+16
1.234502914445777000e+16
1.216899140579596400e+16
1.165542337143635600e+16
1.096557898721184600e+16
1.034485979951398600e+16
9.931688575613532000e+15
9.787291964100572000e+15
9.700829170010944000e+15
9.595369907369800000e+15
9.574574371507270000e+15
9.706064099489608000e+15
9.938552259770052000e+15
1.016977397163386000e+16
1.030799029271160000e+16
1.033427880935161400e+16
1.039989430141163400e+16
1.040620238859874600e+16
1.024457923878714800e+16
1.009888798239725400e+16
9.852307634986674000e+15
9.585560899997920000e+15
9.303545882689400000e+15
8.931126416594955000e+15
8.756675730089176000e+15
8.667605634763451000e+15
8.720078658967956000e+15
9.010445996097792000e+15
9.265217348653018000e+15
9.390496994159488000e+15
9.480617775387896000e+15
9.667513444777060000e+15
9.797494483892300000e+15
9.761630583552732000e+15
9.736064831525482000e+15
9.596322897262014000e+15
9.222718862007464000e+15
8.554865912929317000e+15
7.710759531931759000e+15
7.072534538571740000e+15
6.504129907965031000e+15
6.007943589072466000e+15
5.752884636917166000e+15
5.692466938974826000e+15
5.688503781524762000e+15
5.664605487736287000e+15
5.614479864485638000e+15
5.574828387106550000e+15
5.597585890873438000e+15
5.628155543941017000e+15
5.690604066703404000e+15
5.775994205595758000e+15
5.881455791814209000e+15
6.074771874670178000e+15
6.646553114075721000e+15
7.498410708451716000e+15
8.222929978564537000e+15
8.760133750529977000e+15
9.303896006275886000e+15
9.666496361087888000e+15
9.666354670116792000e+15
9.498405231046682000e+15
9.192933258440992000e+15
8.885695745039001000e+15
8.711375997590562000e+15
8.633294606693295000e+15
8.606507146386859000e+15
8.620482753609065000e+15
8.739454008059487000e+15
8.864963553501635000e+15
8.855939888416023000e+15
8.803259589089813000e+15
8.487704691130491000e+15
7.823157440941122000e+15
7.097971179587101000e+15
6.407171903873606000e+15
5.670902049915528000e+15
4.830094753557112000e+15
4.240921688331511000e+15
3.985208354958992500e+15
3.865069896438113500e+15
3.850362811188241500e+15
3.869995768123221000e+15
4.172652095461123000e+15
4.632073975336265000e+15
5.053770185333270000e+15
5.463295935482161000e+15
5.753763731897051000e+15
5.811144456316905000e+15
5.758529698728503000e+15
5.933743908012943000e+15
6.102507460684146000e+15
6.321329716183689000e+15
6.952727944926062000e+15
7.794498001153550000e+15
8.622345422674848000e+15
9.455362954028378000e+15
1.021721298036640400e+16
1.073811027333742000e+16
1.114189939028786600e+16
1.142043705174969000e+16
1.147836464147044200e+16
1.142809709585733400e+16
1.134902063190454400e+16
1.104460058268899000e+16
1.056260681142736600e+16
1.003872759138221400e+16
9.309216778997458000e+15
8.409200918922257000e+15
7.565413465016230000e+15
6.794585513920553000e+15
6.164938601042796000e+15
5.613180645200093000e+15
5.277225258175160000e+15
5.276389846233899000e+15
5.321232201759580000e+15
5.462768274859090000e+15
5.725655303127556000e+15
5.991643555481772000e+15
6.151440395004797000e+15
6.396169869208838000e+15
6.959425452502933000e+15
7.684947167982641000e+15
8.428696999544480000e+15
9.223937579110360000e+15
1.014034856630497400e+16
1.112504510109973800e+16
1.220348541316313200e+16
1.309306811048158200e+16
1.354152681145577600e+16
1.368628537489515400e+16
1.349654832908913200e+16
1.293439100329236200e+16
1.219168192820569000e+16
1.132317394821394600e+16
1.034658112335353600e+16
9.684024109469526000e+15
9.321518578945484000e+15
9.224604883884172000e+15
9.430001670361704000e+15
9.655491336052140000e+15
9.997541328914738000e+15
1.056752137070548800e+16
1.088397132293786200e+16
1.088528629428439600e+16
1.090921923745309600e+16
1.093114126431734200e+16
1.091607166235285200e+16
1.097774102865562200e+16
1.104895195766953800e+16
1.114364493317956600e+16
1.126819526102692000e+16
1.122855804293925400e+16
1.097901465342573800e+16
1.043542369815546200e+16
9.666473884718718000e+15
8.889327280816381000e+15
8.191796588759211000e+15
7.674950137143090000e+15
7.405859690040515000e+15
7.342985079678819000e+15
7.375859571111222000e+15
7.501162394408705000e+15
7.692385436622118000e+15
7.945236543659040000e+15
8.268187452611485000e+15
8.782360218366369000e+15
9.374688315028004000e+15
9.778916016858848000e+15
9.954775879315872000e+15
9.992944686605524000e+15
1.003785927005935200e+16
1.004082095280513800e+16
1.002466328100574800e+16
9.875814604104262000e+15
9.696944334510744000e+15
9.676157240406434000e+15
9.689056280789902000e+15
9.907525403138844000e+15
1.025053432475968400e+16
1.049928343738121600e+16
1.062551265935464200e+16
1.061671624635737000e+16
1.055402463381473800e+16
1.029582453585267200e+16
9.835576819665856000e+15
9.554959917291398000e+15
9.502469990243100000e+15
9.531027401740380000e+15
9.652441789281332000e+15
9.967480303322656000e+15
1.056645121974258400e+16
1.139301898152784200e+16
1.215773543467948000e+16
1.251597448213062800e+16
1.251293299245003200e+16
1.246973864808808000e+16
1.247637082062244600e+16
1.243764309407196400e+16
1.246371241598228600e+16
1.247147287642531200e+16
1.249615173488580800e+16
1.251720530594103000e+16
1.253586987874726400e+16
1.262463861930327800e+16
1.269844009032246600e+16
1.278649528219179200e+16
1.289670419454676000e+16
1.291083845517652600e+16
1.286352029581783600e+16
1.285428494790033200e+16
1.284098039979022600e+16
1.276343100716456200e+16
1.248878255455338400e+16
1.192128931600688600e+16
1.132177634035446400e+16
1.096191297063170600e+16
1.077399174036166800e+16
1.073379322588299000e+16
1.074567247943224200e+16
1.070841594990559000e+16
1.064776983057006400e+16
1.055842193514902200e+16
1.033508397076447200e+16
9.829518164851950000e+15
9.301671528896660000e+15
9.069925556144834000e+15
8.990886565781702000e+15
8.964839427377465000e+15
9.145899541881424000e+15
9.712351182139164000e+15
1.035983038691305200e+16
