1.000000000000000000e+03
2.000000000000000000e+03
3.000000000000000000e+03
4.000000000000000000e+03
5.000000000000000000e+03
6.000000000000000000e+03
7.000000000000000000e+03
8.000000000000000000e+03
9.000000000000000000e+03
1.000000000000000000e+04
1.100000000000000000e+04
1.200000000000000000e+04
1.300000000000000000e+04
1.400000000000000000e+04
1.500000000000000000e+04
1.600000000000000000e+04
1.700000000000000000e+04
1.800000000000000000e+04
1.900000000000000000e+04
2.000000000000000000e+04
2.100000000000000000e+04
2.200000000000000000e+04
2.300000000000000000e+04
2.400000000000000000e+04
2.500000000000000000e+04
2.600000000000000000e+04
2.700000000000000000e+04
2.800000000000000000e+04
2.900000000000000000e+04
3.000000000000000000e+04
3.100000000000000000e+04
3.200000000000000000e+04
3.300000000000000000e+04
3.400000000000000000e+04
3.500000000000000000e+04
3.600000000000000000e+04
3.700000000000000000e+04
3.800000000000000000e+04
3.900000000000000000e+04
4.000000000000000000e+04
4.100000000000000000e+04
4.200000000000000000e+04
4.300000000000000000e+04
4.400000000000000000e+04
4.500000000000000000e+04
4.600000000000000000e+04
4.700000000000000000e+04
4.800000000000000000e+04
4.900000000000000000e+04
5.000000000000000000e+04
5.100000000000000000e+04
5.200000000000000000e+04
5.300000000000000000e+04
5.400000000000000000e+04
5.500000000000000000e+04
5.600000000000000000e+04
5.700000000000000000e+04
5.800000000000000000e+04
5.900000000000000000e+04
6.000000000000000000e+04
6.100000000000000000e+04
6.200000000000000000e+04
6.300000000000000000e+04
6.400000000000000000e+04
6.500000000000000000e+04
6.600000000000000000e+04
6.700000000000000000e+04
6.800000000000000000e+04
6.900000000000000000e+04
7.000000000000000000e+04
7.100000000000000000e+04
7.200000000000000000e+04
7.300000000000000000e+04
7.400000000000000000e+04
7.500000000000000000e+04
7.600000000000000000e+04
7.700000000000000000e+04
7.800000000000000000e+04
7.900000000000000000e+04
8.000000000000000000e+04
8.100000000000000000e+04
8.200000000000000000e+04
8.300000000000000000e+04
8.400000000000000000e+04
8.500000000000000000e+04
8.600000000000000000e+04
8.700000000000000000e+04
8.800000000000000000e+04
8.900000000000000000e+04
9.000000000000000000e+04
9.100000000000000000e+04
9.200000000000000000e+04
9.300000000000000000e+04
9.400000000000000000e+04
9.500000000000000000e+04
9.600000000000000000e+04
9.700000000000000000e+04
9.800000000000000000e+04
9.900000000000000000e+04
1.000000000000000000e+05
1.010000000000000000e+05
1.020000000000000000e+05
1.030000000000000000e+05
1.040000000000000000e+05
1.050000000000000000e+05
1.060000000000000000e+05
1.070000000000000000e+05
1.080000000000000000e+05
1.090000000000000000e+05
1.100000000000000000e+05
1.110000000000000000e+05
1.120000000000000000e+05
1.130000000000000000e+05
1.140000000000000000e+05
1.150000000000000000e+05
1.160000000000000000e+05
1.170000000000000000e+05
1.180000000000000000e+05
1.190000000000000000e+05
1.200000000000000000e+05
1.210000000000000000e+05
1.220000000000000000e+05
1.230000000000000000e+05
1.240000000000000000e+05
1.250000000000000000e+05
1.260000000000000000e+05
1.270000000000000000e+05
1.280000000000000000e+05
1.290000000000000000e+05
1.300000000000000000e+05
1.310000000000000000e+05
1.320000000000000000e+05
1.330000000000000000e+05
1.340000000000000000e+05
1.350000000000000000e+05
1.360000000000000000e+05
1.370000000000000000e+05
1.380000000000000000e+05
1.390000000000000000e+05
1.400000000000000000e+05
1.410000000000000000e+05
1.420000000000000000e+05
1.430000000000000000e+05
1.440000000000000000e+05
1.450000000000000000e+05
1.460000000000000000e+05
1.470000000000000000e+05
1.480000000000000000e+05
1.490000000000000000e+05
1.500000000000000000e+05
1.510000000000000000e+05
1.520000000000000000e+05
1.530000000000000000e+05
1.540000000000000000e+05
1.550000000000000000e+05
1.560000000000000000e+05
1.570000000000000000e+05
1.580000000000000000e+05
1.590000000000000000e+05
1.600000000000000000e+05
1.610000000000000000e+05
1.620000000000000000e+05
1.630000000000000000e+05
1.640000000000000000e+05
1.650000000000000000e+05
1.660000000000000000e+05
1.670000000000000000e+05
1.680000000000000000e+05
1.690000000000000000e+05
1.700000000000000000e+05
1.710000000000000000e+05
1.720000000000000000e+05
1.730000000000000000e+05
1.740000000000000000e+05
1.750000000000000000e+05
1.760000000000000000e+05
1.770000000000000000e+05
1.780000000000000000e+05
1.790000000000000000e+05
1.800000000000000000e+05
1.810000000000000000e+05
1.820000000000000000e+05
1.830000000000000000e+05
1.840000000000000000e+05
1.850000000000000000e+05
1.860000000000000000e+05
1.870000000000000000e+05
1.880000000000000000e+05
1.890000000000000000e+05
1.900000000000000000e+05
1.910000000000000000e+05
1.920000000000000000e+05
1.930000000000000000e+05
1.940000000000000000e+05
1.950000000000000000e+05
1.960000000000000000e+05
1.970000000000000000e+05
1.980000000000000000e+05
1.990000000000000000e+05
2.000000000000000000e+05
2.010000000000000000e+05
2.020000000000000000e+05
2.030000000000000000e+05
2.040000000000000000e+05
2.050000000000000000e+05
2.060000000000000000e+05
2.070000000000000000e+05
2.080000000000000000e+05
2.090000000000000000e+05
2.100000000000000000e+05
2.110000000000000000e+05
2.120000000000000000e+05
2.130000000000000000e+05
2.140000000000000000e+05
2.150000000000000000e+05
2.160000000000000000e+05
2.170000000000000000e+05
2.180000000000000000e+05
2.190000000000000000e+05
2.200000000000000000e+05
2.210000000000000000e+05
2.220000000000000000e+05
2.230000000000000000e+05
2.240000000000000000e+05
2.250000000000000000e+05
2.260000000000000000e+05
2.270000000000000000e+05
2.280000000000000000e+05
2.290000000000000000e+05
2.300000000000000000e+05
2.310000000000000000e+05
2.320000000000000000e+05
2.330000000000000000e+05
2.340000000000000000e+05
2.350000000000000000e+05
2.360000000000000000e+05
2.370000000000000000e+05
2.380000000000000000e+05
2.390000000000000000e+05
2.400000000000000000e+05
2.410000000000000000e+05
2.420000000000000000e+05
2.430000000000000000e+05
2.440000000000000000e+05
2.450000000000000000e+05
2.460000000000000000e+05
2.470000000000000000e+05
2.480000000000000000e+05
2.490000000000000000e+05
2.500000000000000000e+05
2.510000000000000000e+05
2.520000000000000000e+05
2.530000000000000000e+05
2.540000000000000000e+05
2.550000000000000000e+05
2.560000000000000000e+05
2.570000000000000000e+05
2.580000000000000000e+05
2.590000000000000000e+05
2.600000000000000000e+05
2.610000000000000000e+05
2.620000000000000000e+05
2.630000000000000000e+05
2.640000000000000000e+05
2.650000000000000000e+05
2.660000000000000000e+05
2.670000000000000000e+05
2.680000000000000000e+05
2.690000000000000000e+05
2.700000000000000000e+05
2.710000000000000000e+05
2.720000000000000000e+05
2.730000000000000000e+05
2.740000000000000000e+05
2.750000000000000000e+05
2.760000000000000000e+05
2.770000000000000000e+05
2.780000000000000000e+05
2.790000000000000000e+05
2.800000000000000000e+05
2.810000000000000000e+05
2.820000000000000000e+05
2.830000000000000000e+05
2.840000000000000000e+05
2.850000000000000000e+05
2.860000000000000000e+05
2.870000000000000000e+05
2.880000000000000000e+05
2.890000000000000000e+05
2.900000000000000000e+05
2.910000000000000000e+05
2.920000000000000000e+05
2.930000000000000000e+05
2.940000000000000000e+05
2.950000000000000000e+05
2.960000000000000000e+05
2.970000000000000000e+05
2.980000000000000000e+05
2.990000000000000000e+05
3.000000000000000000e+05
3.010000000000000000e+05
3.020000000000000000e+05
3.030000000000000000e+05
3.040000000000000000e+05
3.050000000000000000e+05
3.060000000000000000e+05
3.070000000000000000e+05
3.080000000000000000e+05
3.090000000000000000e+05
3.100000000000000000e+05
3.110000000000000000e+05
3.120000000000000000e+05
3.130000000000000000e+05
3.140000000000000000e+05
3.150000000000000000e+05
3.160000000000000000e+05
3.170000000000000000e+05
3.180000000000000000e+05
3.190000000000000000e+05
3.200000000000000000e+05
3.210000000000000000e+05
3.220000000000000000e+05
3.230000000000000000e+05
3.240000000000000000e+05
3.250000000000000000e+05
3.260000000000000000e+05
3.270000000000000000e+05
3.280000000000000000e+05
3.290000000000000000e+05
3.300000000000000000e+05
3.310000000000000000e+05
3.320000000000000000e+05
3.330000000000000000e+05
3.340000000000000000e+05
3.350000000000000000e+05
3.360000000000000000e+05
3.370000000000000000e+05
3.380000000000000000e+05
3.390000000000000000e+05
3.400000000000000000e+05
3.410000000000000000e+05
3.420000000000000000e+05
3.430000000000000000e+05
3.440000000000000000e+05
3.450000000000000000e+05
3.460000000000000000e+05
3.470000000000000000e+05
3.480000000000000000e+05
3.490000000000000000e+05
3.500000000000000000e+05
3.510000000000000000e+05
3.520000000000000000e+05
3.530000000000000000e+05
3.540000000000000000e+05
3.550000000000000000e+05
3.560000000000000000e+05
3.570000000000000000e+05
3.580000000000000000e+05
3.590000000000000000e+05
3.600000000000000000e+05
3.610000000000000000e+05
3.620000000000000000e+05
3.630000000000000000e+05
3.640000000000000000e+05
3.650000000000000000e+05
3.660000000000000000e+05
3.670000000000000000e+05
3.680000000000000000e+05
3.690000000000000000e+05
3.700000000000000000e+05
3.710000000000000000e+05
3.720000000000000000e+05
3.730000000000000000e+05
3.740000000000000000e+05
3.750000000000000000e+05
3.760000000000000000e+05
3.770000000000000000e+05
3.780000000000000000e+05
3.790000000000000000e+05
3.800000000000000000e+05
3.810000000000000000e+05
3.820000000000000000e+05
3.830000000000000000e+05
3.840000000000000000e+05
3.850000000000000000e+05
3.860000000000000000e+05
3.870000000000000000e+05
3.880000000000000000e+05
3.890000000000000000e+05
3.900000000000000000e+05
3.910000000000000000e+05
3.920000000000000000e+05
3.930000000000000000e+05
3.940000000000000000e+05
3.950000000000000000e+05
3.960000000000000000e+05
3.970000000000000000e+05
3.980000000000000000e+05
3.990000000000000000e+05
4.000000000000000000e+05
4.010000000000000000e+05
4.020000000000000000e+05
4.030000000000000000e+05
4.040000000000000000e+05
4.050000000000000000e+05
4.060000000000000000e+05
4.070000000000000000e+05
4.080000000000000000e+05
4.090000000000000000e+05
4.100000000000000000e+05
4.110000000000000000e+05
4.120000000000000000e+05
4.130000000000000000e+05
4.140000000000000000e+05
4.150000000000000000e+05
4.160000000000000000e+05
4.170000000000000000e+05
4.180000000000000000e+05
4.190000000000000000e+05
4.200000000000000000e+05
4.210000000000000000e+05
4.220000000000000000e+05
4.230000000000000000e+05
4.240000000000000000e+05
4.250000000000000000e+05
4.260000000000000000e+05
4.270000000000000000e+05
4.280000000000000000e+05
4.290000000000000000e+05
4.300000000000000000e+05
4.310000000000000000e+05
4.320000000000000000e+05
4.330000000000000000e+05
4.340000000000000000e+05
4.350000000000000000e+05
4.360000000000000000e+05
4.370000000000000000e+05
4.380000000000000000e+05
4.390000000000000000e+05
4.400000000000000000e+05
4.410000000000000000e+05
4.420000000000000000e+05
4.430000000000000000e+05
4.440000000000000000e+05
4.450000000000000000e+05
4.460000000000000000e+05
4.470000000000000000e+05
4.480000000000000000e+05
4.490000000000000000e+05
4.500000000000000000e+05
4.510000000000000000e+05
4.520000000000000000e+05
4.530000000000000000e+05
4.540000000000000000e+05
4.550000000000000000e+05
4.560000000000000000e+05
4.570000000000000000e+05
4.580000000000000000e+05
4.590000000000000000e+05
4.600000000000000000e+05
4.610000000000000000e+05
4.620000000000000000e+05
4.630000000000000000e+05
4.640000000000000000e+05
4.650000000000000000e+05
4.660000000000000000e+05
4.670000000000000000e+05
4.680000000000000000e+05
4.690000000000000000e+05
4.700000000000000000e+05
4.710000000000000000e+05
4.720000000000000000e+05
4.730000000000000000e+05
4.740000000000000000e+05
4.750000000000000000e+05
4.760000000000000000e+05
4.770000000000000000e+05
4.780000000000000000e+05
4.790000000000000000e+05
4.800000000000000000e+05
4.810000000000000000e+05
4.820000000000000000e+05
4.830000000000000000e+05
4.840000000000000000e+05
4.850000000000000000e+05
4.860000000000000000e+05
4.870000000000000000e+05
4.880000000000000000e+05
4.890000000000000000e+05
4.900000000000000000e+05
4.910000000000000000e+05
4.920000000000000000e+05
4.930000000000000000e+05
4.940000000000000000e+05
4.950000000000000000e+05
4.960000000000000000e+05
4.970000000000000000e+05
4.980000000000000000e+05
4.990000000000000000e+05
5.000000000000000000e+05
5.010000000000000000e+05
5.020000000000000000e+05
5.030000000000000000e+05
5.040000000000000000e+05
5.050000000000000000e+05
5.060000000000000000e+05
5.070000000000000000e+05
5.080000000000000000e+05
5.090000000000000000e+05
5.100000000000000000e+05
5.110000000000000000e+05
5.120000000000000000e+05
5.130000000000000000e+05
5.140000000000000000e+05
5.150000000000000000e+05
5.160000000000000000e+05
5.170000000000000000e+05
5.180000000000000000e+05
5.190000000000000000e+05
5.200000000000000000e+05
5.210000000000000000e+05
5.220000000000000000e+05
5.230000000000000000e+05
5.240000000000000000e+05
5.250000000000000000e+05
5.260000000000000000e+05
5.270000000000000000e+05
5.280000000000000000e+05
5.290000000000000000e+05
5.300000000000000000e+05
5.310000000000000000e+05
5.320000000000000000e+05
5.330000000000000000e+05
5.340000000000000000e+05
5.350000000000000000e+05
5.360000000000000000e+05
5.370000000000000000e+05
5.380000000000000000e+05
5.390000000000000000e+05
5.400000000000000000e+05
5.410000000000000000e+05
5.420000000000000000e+05
5.430000000000000000e+05
5.440000000000000000e+05
5.450000000000000000e+05
5.460000000000000000e+05
5.470000000000000000e+05
5.480000000000000000e+05
5.490000000000000000e+05
5.500000000000000000e+05
5.510000000000000000e+05
5.520000000000000000e+05
5.530000000000000000e+05
5.540000000000000000e+05
5.550000000000000000e+05
5.560000000000000000e+05
5.570000000000000000e+05
5.580000000000000000e+05
5.590000000000000000e+05
5.600000000000000000e+05
5.610000000000000000e+05
5.620000000000000000e+05
5.630000000000000000e+05
5.640000000000000000e+05
5.650000000000000000e+05
5.660000000000000000e+05
5.670000000000000000e+05
5.680000000000000000e+05
5.690000000000000000e+05
5.700000000000000000e+05
5.710000000000000000e+05
5.720000000000000000e+05
5.730000000000000000e+05
5.740000000000000000e+05
5.750000000000000000e+05
5.760000000000000000e+05
5.770000000000000000e+05
5.780000000000000000e+05
5.790000000000000000e+05
5.800000000000000000e+05
5.810000000000000000e+05
5.820000000000000000e+05
5.830000000000000000e+05
5.840000000000000000e+05
5.850000000000000000e+05
5.860000000000000000e+05
5.870000000000000000e+05
5.880000000000000000e+05
5.890000000000000000e+05
5.900000000000000000e+05
5.910000000000000000e+05
5.920000000000000000e+05
5.930000000000000000e+05
5.940000000000000000e+05
5.950000000000000000e+05
5.960000000000000000e+05
5.970000000000000000e+05
5.980000000000000000e+05
5.990000000000000000e+05
6.000000000000000000e+05
6.010000000000000000e+05
6.020000000000000000e+05
6.030000000000000000e+05
6.040000000000000000e+05
6.050000000000000000e+05
6.060000000000000000e+05
6.070000000000000000e+05
6.080000000000000000e+05
6.090000000000000000e+05
6.100000000000000000e+05
6.110000000000000000e+05
6.120000000000000000e+05
6.130000000000000000e+05
6.140000000000000000e+05
6.150000000000000000e+05
6.160000000000000000e+05
6.170000000000000000e+05
6.180000000000000000e+05
6.190000000000000000e+05
6.200000000000000000e+05
6.210000000000000000e+05
6.220000000000000000e+05
6.230000000000000000e+05
6.240000000000000000e+05
6.250000000000000000e+05
6.260000000000000000e+05
6.270000000000000000e+05
6.280000000000000000e+05
6.290000000000000000e+05
6.300000000000000000e+05
6.310000000000000000e+05
6.320000000000000000e+05
6.330000000000000000e+05
6.340000000000000000e+05
6.350000000000000000e+05
6.360000000000000000e+05
6.370000000000000000e+05
6.380000000000000000e+05
6.390000000000000000e+05
6.400000000000000000e+05
6.410000000000000000e+05
6.420000000000000000e+05
6.430000000000000000e+05
6.440000000000000000e+05
6.450000000000000000e+05
6.460000000000000000e+05
6.470000000000000000e+05
6.480000000000000000e+05
6.490000000000000000e+05
6.500000000000000000e+05
6.510000000000000000e+05
6.520000000000000000e+05
6.530000000000000000e+05
6.540000000000000000e+05
6.550000000000000000e+05
6.560000000000000000e+05
6.570000000000000000e+05
6.580000000000000000e+05
6.590000000000000000e+05
6.600000000000000000e+05
6.610000000000000000e+05
6.620000000000000000e+05
6.630000000000000000e+05
6.640000000000000000e+05
6.650000000000000000e+05
6.660000000000000000e+05
6.670000000000000000e+05
6.680000000000000000e+05
6.690000000000000000e+05
6.700000000000000000e+05
6.710000000000000000e+05
6.720000000000000000e+05
6.730000000000000000e+05
6.740000000000000000e+05
6.750000000000000000e+05
6.760000000000000000e+05
6.770000000000000000e+05
6.780000000000000000e+05
6.790000000000000000e+05
6.800000000000000000e+05
6.810000000000000000e+05
6.820000000000000000e+05
6.830000000000000000e+05
6.840000000000000000e+05
6.850000000000000000e+05
6.860000000000000000e+05
6.870000000000000000e+05
6.880000000000000000e+05
6.890000000000000000e+05
6.900000000000000000e+05
6.910000000000000000e+05
6.920000000000000000e+05
6.930000000000000000e+05
6.940000000000000000e+05
6.950000000000000000e+05
6.960000000000000000e+05
6.970000000000000000e+05
6.980000000000000000e+05
6.990000000000000000e+05
7.000000000000000000e+05
7.010000000000000000e+05
7.020000000000000000e+05
7.030000000000000000e+05
7.040000000000000000e+05
7.050000000000000000e+05
7.060000000000000000e+05
7.070000000000000000e+05
7.080000000000000000e+05
7.090000000000000000e+05
7.100000000000000000e+05
7.110000000000000000e+05
7.120000000000000000e+05
7.130000000000000000e+05
7.140000000000000000e+05
7.150000000000000000e+05
7.160000000000000000e+05
7.170000000000000000e+05
7.180000000000000000e+05
7.190000000000000000e+05
7.200000000000000000e+05
7.210000000000000000e+05
7.220000000000000000e+05
7.230000000000000000e+05
7.240000000000000000e+05
7.250000000000000000e+05
7.260000000000000000e+05
7.270000000000000000e+05
7.280000000000000000e+05
7.290000000000000000e+05
7.300000000000000000e+05
7.310000000000000000e+05
7.320000000000000000e+05
7.330000000000000000e+05
7.340000000000000000e+05
7.350000000000000000e+05
7.360000000000000000e+05
7.370000000000000000e+05
7.380000000000000000e+05
7.390000000000000000e+05
7.400000000000000000e+05
7.410000000000000000e+05
7.420000000000000000e+05
7.430000000000000000e+05
7.440000000000000000e+05
7.450000000000000000e+05
7.460000000000000000e+05
7.470000000000000000e+05
7.480000000000000000e+05
7.490000000000000000e+05
7.500000000000000000e+05
7.510000000000000000e+05
7.520000000000000000e+05
7.530000000000000000e+05
7.540000000000000000e+05
7.550000000000000000e+05
7.560000000000000000e+05
7.570000000000000000e+05
7.580000000000000000e+05
7.590000000000000000e+05
7.600000000000000000e+05
7.610000000000000000e+05
7.620000000000000000e+05
7.630000000000000000e+05
7.640000000000000000e+05
7.650000000000000000e+05
7.660000000000000000e+05
7.670000000000000000e+05
7.680000000000000000e+05
7.690000000000000000e+05
7.700000000000000000e+05
7.710000000000000000e+05
7.720000000000000000e+05
7.730000000000000000e+05
7.740000000000000000e+05
7.750000000000000000e+05
7.760000000000000000e+05
7.770000000000000000e+05
7.780000000000000000e+05
7.790000000000000000e+05
7.800000000000000000e+05
7.810000000000000000e+05
7.820000000000000000e+05
7.830000000000000000e+05
7.840000000000000000e+05
7.850000000000000000e+05
7.860000000000000000e+05
7.870000000000000000e+05
7.880000000000000000e+05
7.890000000000000000e+05
7.900000000000000000e+05
7.910000000000000000e+05
7.920000000000000000e+05
7.930000000000000000e+05
7.940000000000000000e+05
7.950000000000000000e+05
7.960000000000000000e+05
7.970000000000000000e+05
7.980000000000000000e+05
7.990000000000000000e+05
8.000000000000000000e+05
8.010000000000000000e+05
8.020000000000000000e+05
8.030000000000000000e+05
8.040000000000000000e+05
8.050000000000000000e+05
8.060000000000000000e+05
8.070000000000000000e+05
8.080000000000000000e+05
8.090000000000000000e+05
8.100000000000000000e+05
8.110000000000000000e+05
8.120000000000000000e+05
8.130000000000000000e+05
8.140000000000000000e+05
8.150000000000000000e+05
8.160000000000000000e+05
8.170000000000000000e+05
8.180000000000000000e+05
8.190000000000000000e+05
8.200000000000000000e+05
8.210000000000000000e+05
8.220000000000000000e+05
8.230000000000000000e+05
8.240000000000000000e+05
8.250000000000000000e+05
8.260000000000000000e+05
8.270000000000000000e+05
8.280000000000000000e+05
8.290000000000000000e+05
8.300000000000000000e+05
8.310000000000000000e+05
8.320000000000000000e+05
8.330000000000000000e+05
8.340000000000000000e+05
8.350000000000000000e+05
8.360000000000000000e+05
8.370000000000000000e+05
8.380000000000000000e+05
8.390000000000000000e+05
8.400000000000000000e+05
8.410000000000000000e+05
8.420000000000000000e+05
8.430000000000000000e+05
8.440000000000000000e+05
8.450000000000000000e+05
8.460000000000000000e+05
8.470000000000000000e+05
8.480000000000000000e+05
8.490000000000000000e+05
8.500000000000000000e+05
8.510000000000000000e+05
8.520000000000000000e+05
8.530000000000000000e+05
8.540000000000000000e+05
8.550000000000000000e+05
8.560000000000000000e+05
8.570000000000000000e+05
8.580000000000000000e+05
8.590000000000000000e+05
8.600000000000000000e+05
8.610000000000000000e+05
8.620000000000000000e+05
8.630000000000000000e+05
8.640000000000000000e+05
8.650000000000000000e+05
8.660000000000000000e+05
8.670000000000000000e+05
8.680000000000000000e+05
8.690000000000000000e+05
8.700000000000000000e+05
8.710000000000000000e+05
8.720000000000000000e+05
8.730000000000000000e+05
8.740000000000000000e+05
8.750000000000000000e+05
8.760000000000000000e+05
8.770000000000000000e+05
8.780000000000000000e+05
8.790000000000000000e+05
8.800000000000000000e+05
8.810000000000000000e+05
8.820000000000000000e+05
8.830000000000000000e+05
8.840000000000000000e+05
8.850000000000000000e+05
8.860000000000000000e+05
8.870000000000000000e+05
8.880000000000000000e+05
8.890000000000000000e+05
8.900000000000000000e+05
8.910000000000000000e+05
8.920000000000000000e+05
8.930000000000000000e+05
8.940000000000000000e+05
8.950000000000000000e+05
8.960000000000000000e+05
8.970000000000000000e+05
8.980000000000000000e+05
8.990000000000000000e+05
9.000000000000000000e+05
9.010000000000000000e+05
9.020000000000000000e+05
9.030000000000000000e+05
9.040000000000000000e+05
9.050000000000000000e+05
9.060000000000000000e+05
9.070000000000000000e+05
9.080000000000000000e+05
9.090000000000000000e+05
9.100000000000000000e+05
9.110000000000000000e+05
9.120000000000000000e+05
9.130000000000000000e+05
9.140000000000000000e+05
9.150000000000000000e+05
9.160000000000000000e+05
9.170000000000000000e+05
9.180000000000000000e+05
9.190000000000000000e+05
9.200000000000000000e+05
9.210000000000000000e+05
9.220000000000000000e+05
9.230000000000000000e+05
9.240000000000000000e+05
9.250000000000000000e+05
9.260000000000000000e+05
9.270000000000000000e+05
9.280000000000000000e+05
9.290000000000000000e+05
9.300000000000000000e+05
9.310000000000000000e+05
9.320000000000000000e+05
9.330000000000000000e+05
9.340000000000000000e+05
9.350000000000000000e+05
9.360000000000000000e+05
9.370000000000000000e+05
9.380000000000000000e+05
9.390000000000000000e+05
9.400000000000000000e+05
9.410000000000000000e+05
9.420000000000000000e+05
9.430000000000000000e+05
9.440000000000000000e+05
9.450000000000000000e+05
9.460000000000000000e+05
9.470000000000000000e+05
9.480000000000000000e+05
9.490000000000000000e+05
9.500000000000000000e+05
9.510000000000000000e+05
9.520000000000000000e+05
9.530000000000000000e+05
9.540000000000000000e+05
9.550000000000000000e+05
9.560000000000000000e+05
9.570000000000000000e+05
9.580000000000000000e+05
9.590000000000000000e+05
9.600000000000000000e+05
9.610000000000000000e+05
9.620000000000000000e+05
9.630000000000000000e+05
9.640000000000000000e+05
9.650000000000000000e+05
9.660000000000000000e+05
9.670000000000000000e+05
9.680000000000000000e+05
9.690000000000000000e+05
9.700000000000000000e+05
9.710000000000000000e+05
9.720000000000000000e+05
9.730000000000000000e+05
9.740000000000000000e+05
9.750000000000000000e+05
9.760000000000000000e+05
9.770000000000000000e+05
9.780000000000000000e+05
9.790000000000000000e+05
9.800000000000000000e+05
9.810000000000000000e+05
9.820000000000000000e+05
9.830000000000000000e+05
9.840000000000000000e+05
9.850000000000000000e+05
9.860000000000000000e+05
9.870000000000000000e+05
9.880000000000000000e+05
9.890000000000000000e+05
9.900000000000000000e+05
9.910000000000000000e+05
9.920000000000000000e+05
9.930000000000000000e+05
9.940000000000000000e+05
9.950000000000000000e+05
9.960000000000000000e+05
9.970000000000000000e+05
9.980000000000000000e+05
9.990000000000000000e+05
5.951138106704387835e+27
1.293949995601202420e+28
1.797245772588004327e+28
1.804310585307597299e+28
1.131274158362396944e+28
-2.107225809344394870e+27
-1.980225039174602898e+28
-3.774736070433591125e+28
-5.143889523991800073e+28
-5.729550001180198865e+28
-5.375141410793403425e+28
-4.167393239052596181e+28
-2.386274340225593441e+28
-3.947270862308410401e+27
1.483261210517401273e+28
3.015647478250802594e+28
4.051242719035801071e+28
4.498389512205606705e+28
4.320726212473193400e+28
3.536950890454204835e+28
2.239979950693804695e+28
6.038328911773188082e+27
-1.119960275053197784e+28
-2.650676383413604708e+28
-3.757303926622204802e+28
-4.324306447877389268e+28
-4.356250849483209366e+28
-3.934753538527194433e+28
-3.186567654159001283e+28
-2.265817663340396687e+28
-1.340996032258201249e+28
-5.678384495215215419e+27
-5.650657535314800012e+26
1.380570709318203784e+27
2.438927946620399999e+26
-3.218505112839002692e+27
-7.853220516000000427e+27
-1.241076529889398998e+28
-1.579446961678200743e+28
-1.722468147413401290e+28
-1.623059335808998636e+28
-1.274753577200398844e+28
-7.084233625934989133e+27
1.547170842506400050e+26
8.260407685446012998e+27
1.647595635586201407e+28
2.400014390383797856e+28
2.980134412783802200e+28
3.267942601716002393e+28
3.161078630674795173e+28
2.613294128033997171e+28
1.683786793472998630e+28
5.410936821909614553e+27
-5.872498671912590890e+27
-1.476718660105199940e+28
-1.994201148810002819e+28
-2.139381584468997540e+28
-2.037074487061197299e+28
-1.859924963838002697e+28
-1.731119032960202828e+28
-1.674254156349595802e+28
-1.638960950199602758e+28
-1.548648142829398101e+28
-1.356378470086197654e+28
-1.061666698600201552e+28
-6.920142974705406320e+27
-2.784541392891005780e+27
1.524419646095999914e+27
5.739574814599184292e+27
9.583482483341987906e+27
1.288083223300198759e+28
1.551519428365798716e+28
1.732919565051001583e+28
1.787339760343801529e+28
1.643659768093798659e+28
1.229794275464397541e+28
5.173707847430399828e+27
-4.524665400613805055e+27
-1.580143568566800936e+28
-2.726689077944401367e+28
-3.742791668827800934e+28
-4.486884312718797484e+28
-4.850675110170006625e+28
-4.774296754880406524e+28
-4.287201138093606528e+28
-3.499329489852604896e+28
-2.564402044550400131e+28
-1.624646951508601142e+28
-7.832368595513987654e+27
-9.802377505091999846e+26
4.051641551551208911e+27
7.234181537309998920e+27
8.805519933090008178e+27
9.098758261433986969e+27
8.492787411971980022e+27
7.266733830641407140e+27
5.701107148486206845e+27
4.131836973158399995e+27
2.936347694071806308e+27
2.309093691287999909e+27
2.140118306040000093e+27
1.897510878374399963e+27
8.844060885641987213e+26
-1.441821972162000077e+27
-5.334159634104592098e+27
-1.077537455542797795e+28
-1.746856331440202656e+28
-2.475872797674598877e+28
-3.152318972623803392e+28
-3.620254428511196267e+28
-3.718357198629004791e+28
-3.334990436166603810e+28
-2.461949145700806876e+28
-1.214819155950002363e+28
1.958315479658400085e+27
1.544414500963797942e+28
2.661626920272594523e+28
3.464135798972403272e+28
3.956242665314405529e+28
4.200969999657588396e+28
4.314091861153191017e+28
4.432498060618802753e+28
4.657975747463411569e+28
4.989444139570793314e+28
5.274002267792392911e+28
5.240941598005203821e+28
4.624214613606603462e+28
3.294635065672195405e+28
1.357889713601997662e+28
-8.574011929469992665e+27
-2.882205215811001192e+28
-4.282719865207805846e+28
-4.799238058662603889e+28
-4.407280582676994382e+28
-3.294516264497404421e+28
-1.764356361637197209e+28
-1.500130205902799431e+27
1.254724779139800384e+28
2.238585965480397114e+28
2.690498691493802103e+28
2.608167163048804998e+28
2.095133546909395923e+28
1.340459884099199940e+28
5.629686813654011703e+27
-6.160751979532184298e+26
-4.583288380324205416e+27
-6.575661996776395907e+27
-7.577705162914812520e+27
-8.809022253437992215e+27
-1.137771965474998320e+28
-1.592853751397999137e+28
-2.236669717959602731e+28
-2.950586863451396068e+28
-3.536388513464405834e+28
-3.787139993093391490e+28
-3.558710791347605596e+28
-2.814274858347601844e+28
-1.609007625425997255e+28
-8.105086720937990768e+26
1.567481214780003987e+28
3.099615994312195637e+28
4.290424198537205534e+28
4.984109658247792369e+28
5.129001576768000377e+28
4.776263145754205052e+28
4.028752268060992703e+28
2.965102978426797211e+28
1.641560690193603655e+28
1.508409259201200546e+27
-1.312142004069603692e+28
-2.466641020669202450e+28
-3.065229225697196641e+28
-3.004469367712800765e+28
-2.374385736947403079e+28
-1.417450759731599890e+28
-4.394112166742995818e+27
2.968665470798400098e+27
6.530595465408596542e+27
6.489286599771006410e+27
4.454113702942789047e+27
2.718393824485794504e+27
3.309884816473793904e+27
7.086026443663795538e+27
1.313686419342002379e+28
1.924559745855001333e+28
2.302011906972004659e+28
2.317000912337997412e+28
2.007524623420203886e+28
1.519205508820198572e+28
1.010042188096201422e+28
5.742184583263806601e+27
2.564432130562205983e+27
1.065640366466399945e+27
1.865198501701196727e+27
4.976726242377599905e+27
9.169676391299978761e+27
1.209110528070001949e+28
1.114912767996598189e+28
4.690716271227588975e+27
-7.253550757419600177e+27
-2.297082429653996330e+28
-3.974483274263399195e+28
-5.465407160555408749e+28
-6.505752905460009569e+28
-6.905874490750189207e+28
-6.604691912418608713e+28
-5.710422240601193563e+28
-4.447389093587403963e+28
-3.068115939957604825e+28
-1.774012428552601429e+28
-6.659389824743411625e+27
2.360510685454205450e+27
9.514724374835978131e+27
1.506148179698997434e+28
1.906405537760402330e+28
2.158315714561797362e+28
2.280235805918406287e+28
2.304077041679405004e+28
2.281240987286995115e+28
2.271152144663398511e+28
2.325427309950597246e+28
2.442137121212397760e+28
2.535379071834004145e+28
2.452784483644800929e+28
2.066428405907402789e+28
1.359642416648397584e+28
4.209335453810410122e+27
-5.972418945717616389e+27
-1.522973203220999531e+28
-2.202049975612204686e+28
-2.526229067065803409e+28
-2.457143869611003394e+28
-2.043991955466598479e+28
-1.435253192918998743e+28
-8.462192252280020325e+27
-5.057328210862206241e+27
-5.824041678445808480e+27
-1.115706575846400102e+28
-1.967736258532805109e+28
-2.857372684532996269e+28
-3.488551754702391652e+28
-3.700665080818191881e+28
-3.500033039666996400e+28
-2.993448630159600485e+28
-2.288267999632795494e+28
-1.459198572566998847e+28
-5.733034578495612022e+27
3.022152999725404785e+27
1.081597524263398574e+28
1.672867114062002621e+28
1.996099653298201473e+28
2.009989362079204532e+28
1.736304627096601329e+28
1.257643893720601371e+28
7.027820810937599783e+27
2.096600047125599877e+27
-1.017839865205797748e+27
-1.727848143472195589e+27
-2.532598815769199899e+26
2.272656445253405504e+27
4.163424971239806897e+27
3.757877875155006072e+27
7.952666356541999502e+25
-6.741756839253618439e+27
-1.547826563276399278e+28
-2.416307894364004873e+28
-3.067028214915599037e+28
-3.327747421684791596e+28
-3.118817041330194446e+28
-2.469346447422598014e+28
-1.495764648447001415e+28
-3.615956757441000104e+27
7.567708121198987279e+27
1.704458969324398661e+28
2.357941802908205176e+28
2.638101201917394224e+28
2.518027157387398683e+28
2.047349245808998677e+28
1.348896310382398535e+28
5.799861010756800054e+27
-1.421905803786596061e+27
-7.719615480521987350e+27
-1.302102533362800960e+28
-1.719389345539200039e+28
-1.976986550006996324e+28
-2.017683666737997321e+28
-1.800458804361003032e+28
-1.314169338403200008e+28
-5.928656912963982908e+27
2.754528667529992581e+27
1.148451728227801329e+28
1.867863813772203510e+28
2.311966519696795234e+28
2.410953355699795849e+28
2.152462056676198815e+28
1.572393720501603992e+28
7.589797425349796788e+27
-1.564744159142400055e+27
-1.015340411917798655e+28
-1.664551803262200983e+28
-1.991805839408998846e+28
-1.973419429018196334e+28
-1.705281320313600061e+28
-1.403058074548198599e+28
-1.331355394066800859e+28
-1.664786319867001010e+28
-2.369363687285401238e+28
-3.204206542872008094e+28
-3.844186157210994863e+28
-4.044976342783194251e+28
-3.748353723829807296e+28
-3.067673135578796527e+28
-2.226835449281997301e+28
-1.460714444700003764e+28
-9.253199788674010749e+27
-6.659744685395402073e+27
-6.128037684598787597e+27
-6.264193859590201920e+27
-5.795763913098609039e+27
-4.356313335815403953e+27
-2.472998426393405324e+27
-1.192941996754203266e+27
-1.396861898989796032e+27
-3.450624093929406192e+27
-7.096301202411599775e+27
-1.163251731724800108e+28
-1.622611902813002581e+28
-2.022840717734996115e+28
-2.314429715483397322e+28
-2.423866426251598352e+28
-2.237946444870603372e+28
-1.638636946995601057e+28
-6.312096190429188233e+27
5.509929829402190927e+27
1.514309974694998316e+28
1.913815953897599902e+28
1.656396951192003507e+28
9.206805615606013254e+27
3.492219162397200235e+26
-7.010828385760204412e+27
-1.121985295078198243e+28
-1.212440818145398579e+28
-1.050023412033600022e+28
-7.411466833304402067e+27
-3.838636445188201813e+27
-5.726863088895600040e+26
2.068456511677195636e+27
4.421880784198206645e+27
7.121846540738418994e+27
1.052402521274397149e+28
1.422968842870197657e+28
1.711860899663402845e+28
1.798150667250603116e+28
1.630134948635398885e+28
1.263041632812003218e+28
8.322369441030013932e+27
4.840730526115793922e+27
2.936458780884605823e+27
2.328125022342005848e+27
1.925806386754204809e+27
4.987503977527811170e+26
-2.597423371091394221e+27
-6.925666457897396621e+27
-1.109691687794998334e+28
-1.350392125174197792e+28
-1.318000290572400991e+28
-1.045536739094399991e+28
-6.958986330247806422e+27
-4.824982427529005839e+27
-5.569807164373808444e+27
-9.364595175954011360e+27
-1.491571121263797403e+28
-2.012931619745997300e+28
-2.313195417563397043e+28
-2.291736376787995206e+28
-1.937895563444402736e+28
-1.318995443270400073e+28
-5.557549043155791197e+27
2.065044449364605020e+27
8.297135762928000253e+27
1.231259232808201233e+28
1.407246973114199020e+28
1.393619552641202354e+28
1.205570407348198711e+28
8.187931254456017686e+27
2.078240637001794776e+27
-5.907700848590991618e+27
-1.428108150834601161e+28
-2.073366703090201212e+28
-2.307327873826200921e+28
-2.016615999037202691e+28
-1.254067515497397939e+28
-2.369711605011593668e+27
7.346187902060412257e+27
1.383013076327398569e+28
1.542223622155801448e+28
1.186190387131801392e+28
4.060588668598789731e+27
-6.200855861825406507e+27
-1.618544119730404175e+28
-2.276235137785196602e+28
-2.345531708758803543e+28
-1.757281520246996899e+28
-6.682946400546601991e+27
5.953450872431999697e+27
1.649274280757401286e+28
2.178900718122598614e+28
2.044214900528402946e+28
1.335961639616998631e+28
3.279838919356197968e+27
-6.661682533129802653e+27
-1.414212270563996174e+28
-1.827821646374996786e+28
-1.944895575523199986e+28
-1.882908362544596461e+28
-1.779086935876198656e+28
-1.739402714875801266e+28
-1.816807080311398653e+28
-1.994710296702002759e+28
-2.202995756393396702e+28
-2.347802045495398991e+28
-2.338742298762598768e+28
-2.119803305149203026e+28
-1.703137499113802681e+28
-1.172892369916198959e+28
-6.690813506914188504e+27
-3.354246255154809145e+27
-2.570015014341600132e+27
-4.212455913239403661e+27
-7.249556260775986922e+27
-1.008431429310601417e+28
-1.125792332725197611e+28
-9.867131859719974507e+27
-5.826521845828800202e+27
-1.346486343693599962e+25
5.882357626548606670e+27
9.690025536924021767e+27
9.539217474185986980e+27
4.662029644694400085e+27
-4.133780220946197176e+27
-1.472188786738799829e+28
-2.443922996015404938e+28
-3.123984892434003815e+28
-3.424348976957392937e+28
-3.359865396435605576e+28
-3.008717666866195359e+28
-2.450560433080198279e+28
-1.752414529261201628e+28
-9.560092537757988015e+27
-9.062547046206016302e+26
8.104793575181995682e+27
1.699578863923200036e+28
2.488542094387200112e+28
3.048471317124604596e+28
3.242057060024999254e+28
3.008405235205203293e+28
2.442852242569801757e+28
1.763192264411398379e+28
1.208982469660800047e+28
9.377077013670013001e+27
9.780599861165986259e+27
1.244554935715199892e+28
1.583489287366197437e+28
1.834496883813604271e+28
1.895368600047001360e+28
1.747758911794201409e+28
1.442901211405798734e+28
1.066198114839001321e+28
6.833772206317188307e+27
2.961873746493600125e+27
-1.496102537502595743e+27
-7.271225903634000584e+27
-1.457155038073199861e+28
-2.262962577964204678e+28
-2.978630112193796142e+28
-3.398016773706598740e+28
-3.366170344498193494e+28
-2.839556365494000060e+28
-1.905614815655398633e+28
-7.518843037982415798e+27
3.897621999912597507e+27
1.300423888191600861e+28
1.837774716227402656e+28
1.983249840514797453e+28
1.847847358690797911e+28
1.609747432741802146e+28
1.396385922854400104e+28
1.217239922745599912e+28
9.936900549647999508e+27
6.658623017160588431e+27
2.725160862832194463e+27
-7.709808212111379881e+26
-2.870541871903199939e+27
-3.323067889695609113e+27
-2.691382757379005629e+27
-1.921555773292195115e+27
-1.913111632647004830e+27
-3.282209542798790932e+27
-6.255302285948998868e+27
-1.079017841610598720e+28
-1.656396179755801369e+28
-2.295479385230393732e+28
-2.908872993808795289e+28
-3.386618032415399077e+28
-3.612473722998003757e+28
-3.484459285661393012e+28
-2.947278945025795899e+28
-2.017704495515397642e+28
-8.174608551282006003e+27
4.368916289014789137e+27
1.475673364054197592e+28
2.066132945842797058e+28
2.107257438228602523e+28
1.696430632790997273e+28
1.091611537575602233e+28
5.869835674150205143e+27
3.611999289734999516e+27
4.003927451145002230e+27
5.324867685075588366e+27
5.469527401299588026e+27
2.909085910200000004e+27
-2.870024238212993967e+27
-1.133413350944998651e+28
-2.101172349483002604e+28
-2.993300514409200838e+28
-3.613640905968592886e+28
-3.816538655239204854e+28
-3.526769475486603724e+28
-2.750237167949397906e+28
-1.601257777360795913e+28
-2.809123978840194202e+27
9.654940618547978501e+27
1.926742138864795644e+28
2.498180418270002665e+28
2.698262425410605639e+28
2.624348037343796790e+28
2.376902933267995592e+28
2.005687833827995483e+28
1.498792535532003860e+28
8.623738706921986604e+27
1.878855236749795239e+27
-3.699381410981399049e+27
-6.824876004058802775e+27
-7.087445886271794716e+27
-5.020048556497211208e+27
-1.488736093228800005e+27
2.585192250140407261e+27
6.238149402041987460e+27
8.610439146834008264e+27
9.154170523680000097e+27
7.874188151916020483e+27
5.289370819768814610e+27
2.019730286976605132e+27
-1.260027631578596809e+27
-3.800488153662009503e+27
-4.899251676247806456e+27
-4.168501792872000201e+27
-1.808058993803395065e+27
1.396052662416000130e+27
4.344433989771589985e+27
6.073612860688783841e+27
6.087426968722190279e+27
4.399991282023189590e+27
1.401549916777200104e+27
-2.212645651819200039e+27
-5.411481455866811228e+27
-7.044007085286012035e+27
-6.203885291782788378e+27
-2.802801287744994503e+27
2.315715699628799921e+27
7.808469502038011794e+27
1.239289883650201337e+28
1.555290208511402069e+28
1.749864161184000100e+28
1.869649688575204311e+28
1.932603511112397315e+28
1.911975307124402581e+28
1.751299803952202827e+28
1.403323448601001008e+28
8.619133232807979316e+27
1.672199821748995587e+27
-5.967021978062397987e+27
-1.301739958348799910e+28
-1.797199486416000095e+28
-1.984506510084602329e+28
-1.868860509342598072e+28
-1.567942533627597617e+28
-1.245212970793802055e+28
-1.013359363756198655e+28
-8.995486097340021535e+27
-8.581695434022013362e+27
-8.209261465385986895e+27
-7.537737824829008636e+27
-6.863845875137997865e+27
-6.912664672182603817e+27
-8.222553311111982342e+27
-1.064814929732402336e+28
-1.323505259295600901e+28
-1.456447631077801188e+28
-1.349153198637002279e+28
-9.907886834166012901e+27
-4.752700398461393736e+27
5.614332918965414263e+26
4.837016060812799831e+27
7.378573565172606911e+27
7.729042430886012224e+27
5.191137676933188754e+27
-1.050080498312400014e+27
-1.140934082458802396e+28
-2.528511746781595235e+28
-4.073244850895989151e+28
-5.488816392044400947e+28
-6.455839440447592665e+28
-6.698070407247593895e+28
-6.039989042475612084e+28
-4.457825853937203003e+28
-2.116751503541996987e+28
6.090454855807216473e+27
3.191799534467396540e+28
5.092090668906599525e+28
5.957768600843398222e+28
5.745126069494384256e+28
4.697477909520591563e+28
3.225777441896397290e+28
1.756070365412998296e+28
6.064826973806989749e+27
-5.083732929115810912e+26
-1.905011552547004919e+27
9.316418985264000389e+26
6.384598078813810326e+27
1.251415317841800997e+28
1.752874305236402638e+28
1.986641845486202584e+28
1.821563755920596766e+28
1.194615241872000028e+28
1.744993313017202663e+27
-9.991194229404023597e+27
-1.963815048328197676e+28
-2.400606081949202881e+28
-2.183236189566597045e+28
-1.408783674024601400e+28
-3.373605446593793939e+27
7.198613699872780455e+27
1.475822251240803774e+28
1.717171466464202835e+28
1.383914885245199583e+28
6.125524345459200494e+27
-2.867891988556194236e+27
-9.650574289656025846e+27
-1.207076250810598709e+28
-1.007848223543398576e+28
-5.355866305900208531e+27
-2.068998831325800109e+26
3.595360953773400262e+27
5.280307987291200119e+27
4.961565978175212646e+27
3.281217475845604029e+27
1.055809183533599987e+27
-1.155943916602202865e+27
-3.051161315153991492e+27
-4.616495622989394605e+27
-6.054083181849599533e+27
-7.712971871967611653e+27
-9.734221116822013925e+27
-1.161632487141001659e+28
-1.213879546658403259e+28
-9.980718125807999761e+27
-4.658544295942789188e+27
3.050567309279999736e+27
1.126722684782400091e+28
1.797189457745401553e+28
2.224964716496998636e+28
2.493091253658600668e+28
2.796494796810000330e+28
3.283255610285995307e+28
3.922710648009007554e+28
4.502606953910991881e+28
4.759980441880793217e+28
4.536469145910006678e+28
3.845780715836404074e+28
2.844576100847406264e+28
1.739314771149002768e+28
7.092905340259199788e+27
-1.394622419701200052e+27
-7.718358039516019259e+27
-1.190862976195200040e+28
-1.430215714532999888e+28
-1.539258992839196167e+28
-1.575430093384804002e+28
-1.585666280322602293e+28
-1.566259259839204044e+28
-1.453307114307600230e+28
-1.155232652425801722e+28
-6.172684554673793315e+27
1.035160150768197811e+27
8.303091250392017744e+27
1.323884034469800222e+28
1.368563304865202482e+28
8.526229171241986940e+27
-1.995288102415805040e+27
-1.632252541004398793e+28
-3.189651856086596827e+28
-4.560703814132994313e+28
-5.438727039578408597e+28
-5.630603279859606932e+28
-5.140626348865799862e+28
-4.166622574288794406e+28
-3.000224154304203286e+28
-1.924282800259200065e+28
-1.144144799923199966e+28
-7.406696271843587467e+27
-6.560485532413811697e+27
-7.375909024537807213e+27
-8.269371774089986750e+27
-8.273290669986005802e+27
-7.123073124296399437e+27
-4.887104641842606866e+27
-1.643868055867804567e+27
2.578764643721992931e+27
7.674800437355393697e+27
1.299736538537397952e+28
1.737034405741798662e+28
1.955424136780800076e+28
1.897461506457599934e+28
1.621338261646797296e+28
1.245395801173197619e+28
8.879145804018009864e+27
6.019871529251983301e+27
3.774853328736000264e+27
1.521491274280799994e+27
-1.522143909305999343e+27
-5.971602766217987670e+27
-1.202917438256398092e+28
-1.926506850823802056e+28
-2.662508671849198893e+28
-3.284098018616404347e+28
-3.682577987672998092e+28
-3.797733354991806434e+28
-3.636801735001194299e+28
-3.244843487579395628e+28
-2.691503872862407204e+28
-2.051399285858996956e+28
-1.387504377883801311e+28
-7.324673317878607584e+27
-7.454078654683820275e+26
6.277286674776589899e+27
1.395221825628597756e+28
2.151683677550394575e+28
2.702853242236802880e+28
2.801556961154404697e+28
2.294023685120998539e+28
1.229525815666801755e+28
-1.465917781868996290e+27
-1.502611916158200486e+28
-2.522722889536797249e+28
-3.001491623980799827e+28
-2.874464624980203730e+28
-2.211652813429804346e+28
-1.191040406521201972e+28
-4.721682491731809465e+26
9.906289961231999257e+27
1.761186530291402763e+28
2.182808813911802912e+28
2.220106982745600210e+28
1.835489722203001778e+28
9.906428819747977210e+27
-2.686305935746806827e+27
-1.736340884597998444e+28
-3.071427715564200509e+28
-3.936424469336407460e+28
-4.160808259649393387e+28
-3.802625803372197480e+28
-3.059937173365197377e+28
-2.149945631791796785e+28
-1.219263399898200494e+28
-3.524550053539200046e+27
3.968989105646997875e+27
9.782297020806013911e+27
1.343148339256200373e+28
1.461176534983800412e+28
1.320350085237603529e+28
9.221848621506011165e+27
2.929336110449992497e+27
-4.800730016273406752e+27
-1.242560773138201375e+28
-1.788304055593802847e+28
-1.934107811702400075e+28
-1.595617035866395813e+28
-8.334095271270013070e+27
1.499500713963599339e+27
1.078916783468402365e+28
1.707982889886002749e+28
1.889572799876402606e+28
1.621341347391599030e+28
1.042961685058802407e+28
3.866516920892409784e+27
-9.782775311249980517e+26
-2.443315875726006473e+27
-4.450494895728608343e+26
3.554300490592193989e+27
7.423710297234598931e+27
9.649764281645988059e+27
1.006224350342400055e+28
9.497289916716022120e+27
8.885718440441987032e+27
8.668366291091979564e+27
8.814653737698008005e+27
9.167817230057987092e+27
9.633864981564022016e+27
1.014635319231001337e+28
1.048481311069798732e+28
1.018770988699200057e+28
8.643047755008000127e+27
5.426147229465007717e+27
4.363928953981793686e+26
-5.889947787320389276e+27
-1.266769212530403412e+28
-1.866400399300804533e+28
-2.249325900256795554e+28
-2.288786404759195576e+28
-1.902598500113402083e+28
-1.079194500500402252e+28
1.033572535068602177e+27
1.477013348733596058e+28
2.824029669096601063e+28
3.923893259703602492e+28
4.591717092245400778e+28
4.696792874174988030e+28
4.196527298581807955e+28
3.153980646198596485e+28
1.749575644045201733e+28
2.678273742032393211e+27
-9.947052650040024942e+27
-1.823303344551602790e+28
-2.139229611537605458e+28
-1.991681638180804993e+28
-1.517901781642198321e+28
-8.946700472051977980e+27
-2.944379887786205630e+27
1.559569365112799925e+27
4.046030896068606637e+27
4.602989317999806661e+27
3.558190843348800139e+27
1.045022191148997375e+27
-2.817464747034594254e+27
-7.742843424504015527e+27
-1.283771666378396445e+28
-1.669847712775195982e+28
-1.788487657409401648e+28
-1.558304209744795944e+28
-9.897433873656025706e+27
-1.790390019078595211e+27
7.347677545362598591e+27
1.614750967935001283e+28
2.341551869403002975e+28
2.813759538966000196e+28
2.969324277313197253e+28
2.802930117590404040e+28
2.370767701169402963e+28
1.781688218742602729e+28
1.156764724719001392e+28
5.821393337971200236e+27
7.834142898774006693e+26
-3.908182961490602495e+27
-8.833823927267978704e+27
-1.451768099088598694e+28
-2.122291958330395392e+28
-2.900408795822392527e+28
-3.772379332842599035e+28
-4.690889844372592533e+28
-5.548159893165600918e+28
-6.202571535934192224e+28
-6.516332381506793072e+28
-6.405169967959208663e+28
-5.861341390151990042e+28
-4.943427198804592404e+28
-3.749427563020197476e+28
-2.384230034295602653e+28
-9.598702919568000283e+27
4.080676867246789621e+27
1.584954244709999150e+28
2.436116833107604119e+28
2.872100173027205217e+28
2.894325249949199962e+28
2.609688435235203109e+28
2.196312033156603086e+28
1.839054528883199973e+28
1.662113293434001108e+28
1.696295631456000101e+28
1.888613904679801958e+28
2.142676388479204690e+28
2.346035456597401053e+28
2.393014378304999507e+28
2.198008421360403313e+28
1.720240239667797188e+28
9.945016058471973727e+27
1.322533249683600087e+27
-7.255885894797006520e+27
-1.485963551525999722e+28
-2.107527440898604344e+28
-2.563257233229597567e+28
-2.778230273338798233e+28
-2.628060959774407166e+28
-2.016289681524602494e+28
-9.445325974284021516e+27
4.539923637213588694e+27
1.952049874842002328e+28
3.323226034116604223e+28
4.405559508514805797e+28
5.110499450947186403e+28
5.365025567902811389e+28
5.098674105437391447e+28
4.298064502661993825e+28
3.095703269905802262e+28
1.770908940719999943e+28
6.418688615928005630e+27
-6.956648878561780802e+26
-3.057504063590399931e+27
-1.442985297951600068e+27
2.885151330658807836e+27
8.700998042352000372e+27
1.494523407601202347e+28
2.064554587377605690e+28
2.498889368137800996e+28
2.749848364104601143e+28
2.804934308837995382e+28
2.688806931907197111e+28
2.434554674802604205e+28
2.085133419448804793e+28
1.703095070122802759e+28
1.349133141295797718e+28
1.056099243544802877e+28
7.956099247632000473e+27
4.787613286564799896e+27
-6.949199890614600271e+25
-7.458094751540993272e+27
-1.761363960617397217e+28
-2.988414237518392149e+28
-4.263676191174603748e+28
-5.359796773339196095e+28
-6.057901019603392763e+28
-6.211255593237604975e+28
-5.783618421565810096e+28
-4.851200458222192301e+28
-3.560954127817203413e+28
-2.083175514373197454e+28
-5.905030907902789271e+27
7.678511045477387545e+27
1.876915846143001269e+28
2.687899722936007302e+28
3.242703523560601019e+28
3.656565159009007942e+28
4.039684290451200264e+28
4.398614268406208146e+28
4.618234440184207068e+28
4.537617814411788484e+28
4.070069619496805249e+28
3.280060321545607285e+28
2.348897484899402845e+28
1.483066037158800314e+28
8.224597617042005456e+27
4.204268660848789852e+27
2.730939691406400065e+27
3.634779800721000081e+27
6.703720405976396337e+27
1.169921569110002086e+28
1.810445817406201803e+28
2.507399080860004754e+28
3.125955911924995377e+28
3.491399897152803345e+28
3.388522708393202517e+28
2.639493644258405007e+28
1.228846180374601970e+28
-5.767411318440000380e+27
-2.283782098129796940e+28
-3.422070925858802501e+28
-3.793868459629808813e+28
-3.532316873200794760e+28
-2.955196966182603428e+28
-2.367177437094603275e+28
-1.938458711870405195e+28
-1.675148250905397209e+28
-1.488000143093999699e+28
-1.295857757323801436e+28
-1.085588935162201299e+28
-8.884815860088022583e+27
-7.252750778080205792e+27
-5.775715057696784467e+27
-4.252870684321210417e+27
-2.874536368546807696e+27
-2.324806303809599997e+27
-3.569658242461799505e+27
-7.284348033395980952e+27
-1.342244216029798664e+28
-2.085936484532997393e+28
-2.767991000656199308e+28
-3.190653951710408331e+28
-3.222701725767000410e+28
-2.852963926650004330e+28
-2.184720432815404700e+28
1.015173176050581504e+30
4.374318706579210240e+29
4.178802518135930880e+29
3.439728669008855040e+29
1.989233859991961600e+29
-6.442166617165004800e+28
-3.405126522686668800e+28
4.369329930266214400e+28
-2.491769085440819200e+28
1.044019190022799360e+29
1.282277862203719680e+29
3.609640409917030400e+28
4.067421303047454720e+29
4.618667985983242240e+29
6.559877411456942080e+29
3.480354249265643520e+29
6.441771995569848320e+29
6.200009059572121600e+28
1.476489153683128320e+29
3.775960011977523200e+28
3.691699196080947200e+28
-2.617314415476736000e+28
-4.727163670243573760e+29
-1.951920558513848320e+29
-4.863093200409067520e+29
-5.267538244764958720e+29
-5.499339691314380800e+29
-8.564199835157135360e+29
-1.112397216858767360e+30
-8.903182018779545600e+29
-8.436594638806056960e+29
-3.238567862746480640e+29
-3.762453628321792000e+28
1.595371271456030720e+29
8.329900951024435200e+28
3.685548201617653760e+29
3.583993528105041920e+29
1.493730011402731520e+29
1.747467402121052160e+29
8.264596188037120000e+26
-2.186366201679052800e+28
-6.256684159519948800e+28
-3.977031482920140800e+28
-1.419224011128176640e+29
-1.052777745030840320e+29
-1.601891697531289600e+28
-5.427528697118720000e+28
1.630366471710310400e+28
9.068296882513510400e+28
1.745823567813017600e+28
4.305788552001617920e+29
3.830683049289318400e+28
-5.057688204266700800e+28
-2.586686660091576320e+29
-6.867249408874905600e+28
-4.940926941344563200e+29
-6.258113696434749440e+29
-6.022674584384307200e+29
-5.923585222099599360e+29
-4.806111010299576320e+29
-3.133003064168939520e+29
1.232983577654722560e+29
1.209887992315904000e+29
1.725381134096793600e+29
2.767808179742965760e+29
5.076693606350192640e+29
1.587313397412659200e+29
6.099070713866485760e+29
8.956751599674327040e+29
6.386788167843840000e+28
3.043414169542983680e+29
-4.720132980578713600e+29
-2.276196945913446400e+29
-5.888398101231697920e+29
-5.674527284149616640e+29
-4.649281482076979200e+29
-3.678063276211568640e+29
-3.973485214323179520e+29
-2.586931473227448320e+29
1.294731313152000000e+28
-8.544994631195033600e+28
-1.097358045274439680e+29
-7.786346210918400000e+28
1.019988590303641600e+28
-3.656913396957184000e+28
2.780130720088064000e+27
2.980305723981824000e+28
-1.443182197698723840e+29
3.042031490721382400e+28
-8.319745930349772800e+28
-5.635073113273139200e+28
-1.896917188686643200e+28
-9.754152479070617600e+28
1.485063798191554560e+29
1.804049473077248000e+29
3.955093820764323840e+29
2.534887121118822400e+29
1.269295013586534400e+28
1.614207451828060160e+29
4.432682845365862400e+28
-3.174620137626009600e+28
1.680049338056704000e+27
-4.553904431824896000e+28
2.011974423334092800e+28
1.771301206438707200e+29
1.487446989644759040e+29
5.201261745426923520e+29
4.532574851138846720e+29
3.177013765849743360e+29
3.065838021996707840e+29
6.826535781788549120e+29
8.039924516048076800e+29
8.682314871770972160e+29
1.192244301023674368e+30
1.644886987338940416e+30
1.106824685770768384e+30
1.098162595728195584e+30
7.362074910329405440e+29
4.100711766357442560e+29
-4.539731039748096000e+28
-1.050027076175790080e+29
-2.800589775327723520e+29
-6.228566383022571520e+29
-7.754138079367004160e+29
-8.133749966414807040e+29
-8.351650493612687360e+29
-8.807371262729912320e+29
-3.848571759875850240e+29
-8.848606513594368000e+27
-3.419850529570816000e+28
-1.600346046175641600e+29
1.031352901970165760e+29
-6.691589970932531200e+28
4.368141083318681600e+28
-3.406628043253350400e+28
1.704664101646499840e+29
7.453093685467545600e+28
1.156756927582044160e+29
1.762209190169804800e+28
1.021455837031301120e+29
-8.196455458144256000e+28
8.344770986796646400e+28
-4.493831153752473600e+28
-1.357922716006481920e+29
-1.606139098064486400e+29
-6.826213143845273600e+28
6.847032138819174400e+28
1.533431851568332800e+28
2.595780308448051200e+28
-3.234004502944153600e+28
2.839544828054732800e+28
8.795120641612185600e+28
-5.502103932266086400e+28
4.825218804403404800e+28
-8.963649145353011200e+28
-3.311688821967421440e+29
-1.191765721407815680e+29
-6.906782005854208000e+28
-3.249778629332172800e+28
-5.597292003957145600e+28
2.929292421722275840e+29
1.611881641137930240e+29
3.956214635429888000e+29
4.981524003018506240e+29
3.217607391549849600e+29
6.376410839661936640e+29
2.842811365431705600e+29
1.946572293438177280e+29
5.002041319489536000e+28
7.179789025044070400e+28
3.983059899016806400e+28
3.109565255835975680e+29
1.906692834900049920e+29
1.632952407094722560e+29
7.236374789672140800e+28
1.271614918696632320e+29
1.901690615339417600e+28
-3.626114787772989440e+29
-7.240475796245053440e+29
-9.571643856781312000e+29
-1.002320366158217216e+30
-5.427726781010411520e+29
-1.716563738036797440e+29
-8.485712915595264000e+28
-1.583332177477632000e+28
-3.700825572088217600e+28
1.442640688222044160e+29
1.421456191531253760e+29
1.469988634781286400e+29
1.701606235255603200e+28
4.089786829845299200e+28
1.206900928460881920e+29
-8.115015898890240000e+27
1.407359163972976640e+29
1.653143649648640000e+28
4.381420692701184000e+28
-1.332558099445186560e+29
5.844025849203916800e+28
-2.604385189526241280e+29
-3.756910629428920320e+29
-1.664614906000834560e+29
-4.584099340405964800e+29
-3.274214373316362240e+29
-1.788788079885025280e+29
3.008745064680652800e+28
4.185600935969423360e+29
3.298418060217548800e+29
3.300927008313180160e+29
5.622096384984350720e+29
3.937705731565813760e+29
4.961847555244687360e+29
4.031642507484856320e+29
4.390619997253140480e+29
2.112384316263628800e+29
4.406634727709081600e+28
-2.168624336024371200e+29
5.135657752068096000e+28
-6.012822144155648000e+27
-3.244055155913523200e+28
-8.978640299202969600e+28
-5.935847096031641600e+28
7.330623552015564800e+28
1.789742078020812800e+29
1.895747368444231680e+29
1.882886690171781120e+29
3.799241483500912640e+29
1.488727748892426240e+29
2.149656557854392320e+29
2.966119532902481920e+29
4.564630769049272320e+29
3.631045066631413760e+29
5.343192547495772160e+29
1.478454230070067200e+28
2.133241021050388480e+29
5.334668927198822400e+28
-1.253800167446937600e+29
-3.359721331024199680e+29
-8.388866557031219200e+28
-9.435328466753945600e+28
-3.235383058597150720e+29
-3.208225464988467200e+29
-3.780999554803957760e+29
-2.904982305531494400e+28
-7.290435543026892800e+29
-4.685567083780505600e+29
-4.034111254686597120e+29
4.310689882780467200e+28
-7.555851637017804800e+28
-3.771764312113152000e+27
-3.944253151510528000e+28
-2.195017081856983040e+29
-5.639819911128678400e+28
-2.044855833958809600e+28
-2.476857817982566400e+28
9.476877980375449600e+28
9.109692636305817600e+28
5.207408616721612800e+28
1.001173369372016640e+29
1.964515636008714240e+29
3.943590180358717440e+29
2.473830381434961920e+29
2.937687536597729280e+29
4.737721730649292800e+29
4.542421664960348160e+29
3.400164804667637760e+29
2.763047637992079360e+29
-2.533404068911513600e+28
-1.566770998332620800e+28
-1.314362212797644800e+28
-2.737532611676078080e+29
-6.692077879217356800e+29
-5.897078058338222080e+29
-6.338427523285647360e+29
-2.096606668002426880e+29
-1.347335278024458240e+29
2.108619992177049600e+28
1.989883903292211200e+28
1.394109791160238080e+29
1.943967481672499200e+29
2.258548753495490560e+29
1.394164594942935040e+29
7.715115037307699200e+28
1.804995439624192000e+28
-2.505279388254208000e+27
-2.594970964810792960e+29
-1.692422242262056960e+29
-1.376581943725916160e+29
-5.000866817732771840e+29
-1.203721450070999040e+29
-4.925710387610910720e+29
-3.512873680046653440e+29
5.297004640993280000e+27
1.907597269113241600e+28
1.430822742109716480e+29
4.175193371217756160e+29
2.764706182563102720e+29
4.058175011553280000e+28
6.845867343688499200e+28
1.785987589409341440e+29
-1.079893720406425600e+28
-3.260457206520217600e+28
-4.125882164497612800e+28
-2.899391203004907520e+29
-4.145471510334668800e+29
-7.683603721250406400e+29
-7.133093367507845120e+29
-4.367062273433272320e+29
-6.175184406299279360e+29
-3.342703296207912960e+29
-1.395778557753425920e+29
6.049720852440678400e+28
-6.358279033926451200e+28
-7.387826503444070400e+28
4.949565409067008000e+28
-5.384491027660800000e+25
6.843739616890060800e+28
-1.468288471977164800e+28
-4.561225203580928000e+27
7.753229436085862400e+28
-3.613617979129856000e+28
1.487253544317747200e+29
6.583955341715701760e+29
6.921751427169648640e+29
6.123690153601925120e+29
3.560447486596218880e+29
5.632674030440939520e+29
1.390046236702146560e+29
-4.082897702302515200e+28
-1.317374101563637760e+29
-2.169614411885445120e+29
-1.665083401033482240e+29
-1.808851676010905600e+28
-5.055346158600192000e+28
7.336405436989440000e+28
6.449462907607449600e+28
2.127020362217553920e+29
5.365567780919705600e+28
1.924890740182220800e+28
-4.379819528893235200e+28
-6.223850852528947200e+29
-6.678582061181173760e+29
-5.611939989920153600e+29
-8.044666847137628160e+29
-6.814744206775418880e+29
-8.045123831657922560e+29
-2.753451134864588800e+29
-3.041181473743831040e+29
3.587046519708057600e+28
5.274306597827379200e+28
4.420608403806617600e+28
4.193649361084743680e+29
2.675614129753948160e+29
4.159390640347545600e+29
3.904402898750013440e+29
3.187600344838307840e+29
8.141406862311424000e+27
-8.054412299730944000e+28
1.989716270718648320e+29
-1.009617532773990400e+28
3.236672235980718080e+29
6.882689215008604160e+29
7.617624777246638080e+29
6.819404761687654400e+29
7.634395078349291520e+29
4.876765627500462080e+29
2.459385375626362880e+29
4.163002879642173440e+29
1.392257887161548800e+29
-1.575360503427891200e+29
-5.060201189631590400e+28
-1.724482283341086720e+29
-5.226639848185528320e+29
-3.087189507015966720e+29
-4.880632816053780480e+29
-6.247552887249960960e+29
-7.533321784771215360e+29
-6.924033600992051200e+29
-5.191183346968821760e+29
-4.541683961377587200e+29
-4.764732608175144960e+29
4.769525104482713600e+28
-2.703522999042048000e+28
1.323729192872837120e+29
2.312355588383703040e+29
2.053881535932661760e+29
2.081079158636544000e+29
1.023763437060096000e+29
3.460244181593620480e+29
6.812987736950046720e+29
6.642419810938388480e+29
7.085909887586140160e+29
6.666642739293061120e+29
9.846010490818396160e+29
8.467227032755896320e+29
1.089309053223436288e+30
5.302461139244810240e+29
2.411887332299898880e+29
-1.120918088376647680e+29
-1.333145221474549760e+29
-6.261542111129108480e+29
-6.346146782107402240e+29
-8.186180178385305600e+29
-8.824823948236554240e+29
-4.585947207135395840e+29
-2.996290819163422720e+29
6.599306156127027200e+28
2.459791507733872640e+29
2.615199229982801920e+29
4.231978336429015040e+29
4.676348365976371200e+29
1.342272800072663040e+29
1.146692273019289600e+28
4.629303871196364800e+28
-4.309912064203161600e+28
-7.691649053989273600e+28
4.945053116425830400e+28
5.042468987653324800e+28
3.622280498669158400e+28
-4.169301706879795200e+28
-3.145541491045171200e+28
-3.649690378656808960e+29
-7.162963662460682240e+29
-7.616930710531604480e+29
-7.003399786258759680e+29
-5.475088587974246400e+29
-4.120083099654553600e+29
-2.592962638103183360e+29
7.941754448563404800e+28
1.483419856509337600e+29
1.361692924198256640e+29
9.590801128908390400e+28
3.117112715965890560e+29
3.302763879926333440e+29
6.477016153603440640e+29
3.438171142068633600e+29
3.198270074393722880e+29
-1.322493101285048320e+29
1.167906233185730560e+29
-6.160088197549260800e+28
-1.298921161123430400e+28
-1.084032823339253760e+29
-3.683403123151339520e+29
-1.659364222582128640e+29
-4.076377941947187200e+28
3.541810635656396800e+28
3.856464191778979840e+29
2.648990830076887040e+29
2.396395728860610560e+29
8.121344211078348800e+28
-3.323519567082291200e+28
-1.202795025625251840e+29
-3.334122638745272320e+29
-4.453882460341534720e+29
-6.846455324711321600e+28
5.628561083858944000e+28
6.054864505274368000e+28
1.194578495489966080e+29
5.179841540930928640e+29
7.172569270918840320e+29
7.496731412188364800e+29
4.056181545432514560e+29
8.217953487447654400e+28
-8.840877505196851200e+28
-9.329381072489676800e+28
2.432321584103424000e+28
-1.088068546409267200e+29
9.180895463132364800e+28
-3.198548903670579200e+28
8.446450901555609600e+28
-1.424642047947571200e+28
-1.988153112002560000e+27
-9.950075143218790400e+28
-5.086206787112140800e+28
9.098112545482342400e+28
7.670997992236646400e+28
-5.084987445896806400e+28
1.137857417917235200e+28
-8.726565232626892800e+28
-2.828755440710451200e+28
-1.611896415825428480e+29
-3.538611185668587520e+29
-6.128767148543180800e+29
-4.144488134622576640e+29
-2.443273578909532160e+29
-2.147241841341235200e+28
7.505149548088524800e+28
-2.963055202585804800e+28
1.773576894860492800e+28
-1.052685918630051840e+29
-1.242833312053985280e+29
-2.937013742128332800e+29
-5.238490865546035200e+29
-2.003913886410997760e+29
1.685675664683827200e+28
-1.484590557220044800e+28
3.201761539207987200e+28
3.070050182323240960e+29
6.728495078718832640e+29
4.076290582312386560e+29
6.010806043557232640e+29
9.450202110298685440e+29
3.295638700980961280e+29
4.555390061012582400e+29
3.116142053356994560e+29
1.690817298882887680e+29
-1.365831726483374080e+29
-2.283941630941593600e+28
1.027374731461918720e+29
5.629635684676403200e+28
1.107521913581731840e+29
2.649740559568076800e+28
4.465469981458432000e+27
1.778040010126131200e+29
4.404954192905502720e+29
5.512167556036689920e+29
2.456999607192780800e+29
5.158204526485831680e+29
8.371869653454028800e+28
9.125275636649164800e+28
-5.730310577088102400e+28
-9.389211684909875200e+28
-6.107437052461056000e+28
-4.516597572797726720e+29
-1.888111947384094720e+29
-3.266294110025154560e+29
-4.991768359012925440e+29
-5.557326216576368640e+29
-7.359479375693086720e+29
-8.362367983204433920e+29
-7.518828847127592960e+29
-9.150551519186124800e+29
-2.554542437653544960e+29
2.756213872577740800e+28
2.322758686369382400e+28
6.326611381059584000e+27
3.235918039723540480e+29
3.095222126651637760e+29
1.493088686886092800e+29
2.640263928977817600e+28
-3.028553024353075200e+28
-6.156996680089600000e+28
-5.820874686988288000e+28
-1.549556168114831360e+29
-2.145201989573672960e+29
-7.868726260636057600e+28
-1.246435415225794560e+29
-9.956231549340876800e+28
-1.027259454539694080e+29
-5.492881348991385600e+28
-6.492981663734169600e+28
5.711353708135055360e+29
2.116135970196684800e+28
-4.601544209072128000e+27
-2.371715815985643520e+29
-8.763967525827379200e+28
-4.488187223128145920e+29
-6.861195137075118080e+29
-6.020408903236321280e+29
-6.774709614018560000e+29
-5.283049261456424960e+29
-4.350477514917806080e+29
1.006447245614120960e+29
8.015564320538624000e+27
8.862489780630323200e+28
3.802429723624079360e+29
5.099427040046612480e+29
1.948984690668994560e+29
5.833742065409720320e+29
9.734525509320048640e+29
1.451628336785653760e+29
3.173974303393710080e+29
-5.288050321375887360e+29
-2.977018441912811520e+29
-7.747687382085795840e+29
-6.491293312090112000e+29
-4.821883161002639360e+29
-5.425646986046996480e+29
-3.721674030537768960e+29
-3.590034657304903680e+29
-5.599823887178137600e+28
-1.126607459754967040e+29
-1.782783200209141760e+29
-1.970388187742208000e+28
2.280819833962496000e+28
-1.272665467697233920e+29
-2.405286053465292800e+28
-3.809784167923712000e+28
-4.324457829944524800e+28
7.936215658738483200e+28
-2.053570923897815040e+29
-7.606588085685452800e+28
-4.882656690543001600e+28
-8.762048534439526400e+28
-1.737379125238169600e+28
2.095995923652935680e+29
4.863882787196764160e+29
3.265627531100815360e+29
1.297677896940257280e+29
1.078326100293058560e+29
-9.357889776910336000e+27
2.414012997514035200e+28
1.058798129538662400e+28
2.373539051077632000e+27
1.286638370700656640e+29
1.938066024809103360e+29
1.931896218389053440e+29
5.465778129668669440e+29
4.741741476440965120e+29
2.789947018166927360e+29
3.316557253296783360e+29
8.354148446592040960e+29
7.683393439651594240e+29
1.030100352067698688e+30
1.297402280298938368e+30
1.885485695141675008e+30
1.303693273516212224e+30
1.301473496978685952e+30
8.676437294925742080e+29
4.390007019520655360e+29
-6.927551608704204800e+28
-1.656857679668183040e+29
-4.280759887782215680e+29
-7.235594651812495360e+29
-9.272589063532052480e+29
-1.051502483341312000e+30
-1.015659435067965440e+30
-8.293351638328934400e+29
-4.933711739884666880e+29
-5.583835871418777600e+28
1.362195907818291200e+28
-1.318810682224803840e+29
5.703006181497241600e+28
-1.486008690996674560e+29
4.608353879719936000e+28
9.086601174135603200e+28
8.593002057642803200e+28
1.563748801645117440e+29
7.938999656539750400e+28
6.879583695955558400e+28
8.804817711398912000e+27
-1.324931440118333440e+29
6.956567119265792000e+28
3.001449418483302400e+28
-2.159483786625024000e+29
-1.178327112336015360e+29
6.058146289785241600e+28
4.128528293848678400e+28
3.241115733983232000e+27
4.610886192437657600e+28
-7.766176185502924800e+28
7.898807352583782400e+28
6.550876104897331200e+28
-8.397195357611622400e+28
6.145053449781248000e+27
-1.061670474817208320e+29
-4.196204007632404480e+29
-1.495258332565340160e+29
-1.468201584788766720e+29
-1.210243100211937280e+29
-3.717686754698854400e+28
3.439191969895546880e+29
1.092863791495905280e+29
3.253972707846389760e+29
4.741774461789798400e+29
3.091206504028569600e+29
6.367612685055426560e+29
4.272597044738129920e+29
3.253586504387133440e+29
1.319081694661181440e+29
2.130537253238210560e+29
5.016473268597555200e+28
3.660000018154127360e+29
2.957469812365721600e+29
2.442622290068766720e+29
-6.922125347022438400e+28
9.495404751303475200e+28
-3.124860149773107200e+28
-3.174731935624724480e+29
-7.980179115779031040e+29
-1.096326136431902720e+30
-1.088875295886278656e+30
-5.851626996425031680e+29
-1.184226593514455040e+29
-1.151829483402035200e+29
7.719392824734515200e+28
7.502498694273433600e+28
2.365605451912970240e+29
1.652522683276984320e+29
1.440015346512691200e+29
2.075405077341798400e+28
5.617343488275251200e+28
6.399616376163532800e+28
8.843119478125363200e+28
8.551413889315635200e+28
1.491959625883320320e+29
1.186572934148259840e+29
-7.749519443335577600e+28
8.665481348749721600e+28
-2.790722517461893120e+29
-3.945071085082378240e+29
-2.435814595105914880e+29
-5.477354269122232320e+29
-3.394328459508449280e+29
-2.079368387263201280e+29
-5.993869956716953600e+28
4.196816985364889600e+29
4.413621436908830720e+29
4.398312455478968320e+29
6.824712654070743040e+29
5.243052808009154560e+29
6.197718897110548480e+29
5.637007824241295360e+29
5.522350408099430400e+29
2.168255656031682560e+29
2.212705646967521280e+29
-2.580022760633794560e+29
-5.046472326669926400e+28
5.010165679626649600e+28
5.555977854543462400e+28
-8.544135745110016000e+27
-7.760198450020352000e+28
3.217827347562496000e+27
3.243902212128112640e+29
2.315184941039616000e+29
2.349632812136529920e+29
4.103430308857118720e+29
2.161589866788290560e+29
2.247291987810058240e+29
3.846100951089807360e+29
5.374876005842288640e+29
3.919958583101358080e+29
6.016575730823987200e+29
1.192017385016524800e+28
1.743720816249405440e+29
-6.878566647699865600e+28
-1.862343861595013120e+29
-1.575537284281794560e+29
-4.252941041008640000e+28
-6.946934796111052800e+28
-2.471948498564546560e+29
-3.260158835142164480e+29
-3.496012325637324800e+29
-7.690880254843289600e+28
-7.356821306332938240e+29
-5.067692729287311360e+29
-4.266179332805754880e+29
-1.166623176130560000e+27
-1.165015999368396800e+28
3.730894208630784000e+28
-5.751608460915507200e+28
-1.882042986796154880e+29
-9.009820902778470400e+28
1.955025304472780800e+28
-6.488999370057318400e+28
6.037786856312012800e+28
-5.011529331743129600e+28
7.262408304440115200e+28
6.229862088756428800e+28
1.697450618173521920e+29
5.101049163294965760e+29
2.464150555941928960e+29
2.693018711626874880e+29
4.964454772192051200e+29
5.169570384340582400e+29
5.347591624799027200e+29
4.208255685864980480e+29
1.163502860915179520e+29
-4.416732195821977600e+28
-7.651319311079833600e+28
-2.755622842128138240e+29
-7.515737845064007680e+29
-6.281149839426191360e+29
-6.133233914531020800e+29
-2.130190563478077440e+29
-7.577416667811020800e+28
-9.715142150114508800e+28
-1.137671037811425280e+29
7.217603205608243200e+28
1.908034239085936640e+29
2.741728966522961920e+29
1.882705270753198080e+29
8.816211508015923200e+28
-3.558508180013056000e+28
1.668160659201720320e+29
-1.541998915459481600e+29
-1.690464080772464640e+29
-1.223361047025418240e+29
-3.708245901186170880e+29
-1.626688798588928000e+29
-4.013611547581480960e+29
-3.434777774307409920e+29
-5.423595580817408000e+27
-1.727165950706319360e+29
2.776626434796421120e+29
3.030720307800309760e+29
2.064706743304192000e+29
4.408861668252057600e+28
1.361529457742970880e+29
2.376383930040320000e+29
2.232368522644684800e+28
-9.405148590558412800e+28
4.291998185108275200e+28
-3.224038503780188160e+29
-4.248042201310822400e+29
-9.109016780252119040e+29
-7.773110839699046400e+29
-4.991389027501342720e+29
-6.376703584632832000e+29
-3.547022793218457600e+29
-1.554156249887539200e+29
3.458022910407475200e+28
-4.250654400420249600e+28
-5.290043572748288000e+27
-9.496120292854988800e+28
1.565824817037312000e+28
2.985675936340377600e+28
3.128254677175500800e+28
9.361449875301990400e+28
7.716577903168716800e+28
1.337573934052147200e+29
2.528747723067228160e+29
8.906877065043640320e+29
8.130274822476267520e+29
6.360110579780157440e+29
4.383964859528642560e+29
6.491280255389532160e+29
7.607268408505139200e+28
-7.635606602724147200e+28
-2.595428121129779200e+29
-3.514011330984017920e+29
-2.630738937055805440e+29
-8.556560119129702400e+28
-7.059718060323635200e+28
1.702225999036416000e+28
1.092895445404876800e+28
2.270135544467947520e+29
2.400553643750195200e+28
-4.205286660872601600e+28
-6.330773204369408000e+28
-5.678020638749491200e+29
-7.612924365037895680e+29
-6.890800862042521600e+29
-6.925184652227379200e+29
-7.800212426934190080e+29
-9.015933500234137600e+29
-2.767527804277882880e+29
-2.346738863172485120e+29
-5.603030724509696000e+27
-2.381113977523404800e+28
6.307705364519321600e+28
5.422356010306109440e+29
3.766081587196723200e+29
4.667842612743372800e+29
3.522672390234439680e+29
2.286683538063360000e+29
-1.139069049666273280e+29
8.677389789822976000e+27
3.417510287790571520e+29
-4.223923436650496000e+27
4.418684344357355520e+29
8.209280230490112000e+29
8.626120894059642880e+29
7.930827536366305280e+29
8.729523090704302080e+29
6.507477436056207360e+29
3.910468423364116480e+29
4.165313915644805120e+29
1.405439313591664640e+29
-2.468875191766220800e+28
-7.584633930855219200e+28
-8.230658859702681600e+28
-5.265335098340802560e+29
-4.374540326891683840e+29
-6.103044074011361280e+29
-8.487172173683752960e+29
-9.513145027820257280e+29
-7.362604050300272640e+29
-8.053954971613265920e+29
-4.538983285941862400e+29
-6.496175830912204800e+29
-2.229319095864524800e+28
2.062236707612262400e+28
6.906234397523968000e+28
2.140098022237798400e+29
3.117642543131525120e+29
2.202122503952793600e+29
9.938142865077043200e+28
3.900775197573120000e+29
7.364336468308787200e+29
7.146097841285365760e+29
7.728898789951406080e+29
8.175912801366179840e+29
1.015230694252609536e+30
9.541623753369190400e+29
1.202718248789868544e+30
5.764471458470297600e+29
3.204702561013596160e+29
-3.095312922260275200e+28
-3.485209623894425600e+29
-7.757936892040970240e+29
-7.096244609692467200e+29
-1.027391499014242304e+30
-9.257941507065774080e+29
-3.993198770614435840e+29
-3.256911839866388480e+29
1.318637938640158720e+29
2.789297790910464000e+29
1.720495522898247680e+29
5.120504334353694720e+29
6.279096501461319680e+29
4.990254318616576000e+27
-2.360311625547776000e+27
5.022619796294860800e+28
-6.382144234455040000e+27
-2.375705969452646400e+28
1.470957923000647680e+29
-4.673934272233472000e+27
1.940598852922900480e+29
5.504077040241868800e+28
-1.343152065777500160e+29
-3.647715724492800000e+29
-7.224103380912701440e+29
-8.154892887822172160e+29
-7.388039190224568320e+29
-6.562574650918830080e+29
-3.774354381403586560e+29
-1.607454560647905280e+29
3.499623534139801600e+28
3.075274752340787200e+28
2.198528990715576320e+29
1.625931853552680960e+29
3.431090287185756160e+29
3.027927891863142400e+29
7.255527423234539520e+29
4.591034509998161920e+29
3.493519526618726400e+29
2.367772252176384000e+27
7.396984232712601600e+28
1.585932458052812800e+28
-9.935959088955392000e+27
-2.237938450982502400e+28
-2.753179692931481600e+29
-8.242256989388800000e+28
4.084838168526848000e+28
-1.505030091833344000e+28
4.519885456162160640e+29
2.340292976254648320e+29
2.634689276175974400e+29
-1.101048367074508800e+28
-6.582342323798016000e+27
-1.188008827614658560e+29
-3.975993131626659840e+29
-5.228961192109670400e+29
-3.833768553794764800e+28
-6.664216855864934400e+28
1.237569915532083200e+29
1.190717835286937600e+29
5.110052445539532800e+29
6.869365882859028480e+29
9.661989352846131200e+29
5.632339710186618880e+29
1.532441238836346880e+29
-1.593271032448286720e+29
7.293841452092620800e+28
-5.967406945219379200e+28
-1.778138364877209600e+28
6.992002746941440000e+28
-5.439910658336358400e+28
1.037568235043553280e+29
-6.164968139390976000e+28
9.897882700637798400e+28
7.855865410564915200e+28
6.904428793272729600e+28
1.070660958059233280e+29
1.133517289040117760e+29
-8.508320764447948800e+28
-9.553111072899072000e+27
-8.917584762109952000e+27
-1.769151145810329600e+28
-1.374072737932247040e+29
-4.118896314291322880e+29
-7.230968456638627840e+29
-4.759291056409804800e+29
-2.437976338045337600e+29
-1.320448267355422720e+29
5.164779777818624000e+28
-2.788929067968102400e+28
-4.662376837362483200e+28
-7.466847029742796800e+28
-1.040273205446574080e+29
-3.426486082244444160e+29
-6.684830036006010880e+29
-3.872102683099791360e+29
-7.628167719367475200e+28
-8.179630353258905600e+28
2.970202672411443200e+28
3.324182022838026240e+29
8.004850782316789760e+29
4.944733313160970240e+29
6.731718709372518400e+29
